1 5 0.74936 6
1 24 0.66965 4
1 55 0.52032 4
1 56 0.98451 4
2 6 0.84975 4
2 35 0.77174 4
2 36 0.58838 4
2 37 0.84919 6
2 40 0.79923 5
2 51 0.64139 5
3 47 0.6305 11
3 50 0.77769 10
3 60 0.79339 9
4 28 0.98759 6
4 33 0.71809 6
4 41 0.71922 6
4 60 0.82621 10
5 18 0.5803 5
5 23 0.89544 13
5 30 0.79781 5
5 31 0.74683 5
5 40 0.89425 6
5 47 0.80978 13
5 52 0.99724 7
6 10 0.68683 5
6 60 0.75132 9
7 23 0.52951 10
7 39 0.82931 5
7 47 0.69898 11
8 33 0.79701 6
8 46 0.57978 9
8 52 0.77473 5
9 47 0.8259 10
9 49 0.9888 16
10 19 0.59712 5
10 23 0.80345 12
10 44 0.80175 6
10 46 0.95819 11
10 48 0.52216 5
10 60 0.79029 11
11 12 0.79507 2
11 23 0.94371 10
11 32 0.57525 3
12 46 0.91147 9
13 23 0.51599 10
13 50 0.95295 10
14 25 0.81436 3
14 36 0.72717 2
14 46 0.82892 9
15 22 0.56756 2
15 28 0.50229 5
16 47 0.74283 10
16 50 0.70359 10
17 23 0.986 10
17 47 0.98013 10
18 19 0.81183 3
18 39 0.92069 5
19 47 0.86458 11
20 23 0.84954 11
20 37 0.75137 5
20 39 0.75093 5
20 44 0.67387 4
21 46 0.78244 9
21 50 0.77905 10
22 23 0.68632 10
22 46 0.84122 9
23 24 0.96346 11
23 28 0.67822 13
23 31 0.89873 10
23 33 0.50734 13
23 34 0.58374 10
23 37 0.86233 12
23 38 0.83733 10
23 41 0.63972 13
23 46 0.64028 17
23 47 0.55243 18
24 32 0.57972 4
24 58 0.87182 5
24 59 0.77908 6
25 47 0.62043 11
25 52 0.84143 5
26 40 0.95546 3
26 46 0.66059 9
27 46 0.56996 9
27 47 0.99153 10
28 33 0.56504 8
28 38 0.66831 5
28 49 0.94764 19
28 50 0.64173 13
28 60 0.80615 12
29 41 0.62635 5
29 46 0.8609 9
30 50 0.93162 10
32 50 0.93111 10
33 41 0.54754 9
33 45 0.90882 7
33 47 0.6059 14
33 57 0.98478 7
33 58 0.90558 7
34 39 0.73788 5
34 47 0.53539 11
35 37 0.68321 4
35 45 0.88999 4
37 46 0.81833 11
37 53 0.58052 6
39 42 0.51804 6
39 49 0.70419 19
39 54 0.76675 8
40 43 0.63615 4
40 50 0.87291 11
41 42 0.85966 7
41 43 0.55565 6
41 49 0.75194 20
41 50 0.8064 13
41 74 0.77116 9
42 46 0.77282 11
42 54 0.96708 7
42 77 0.60285 4
42 97 0.60527 11
43 67 0.52574 4
43 71 0.83087 5
44 76 0.58407 7
44 77 0.72901 3
44 81 0.96504 6
45 47 0.56179 12
45 49 0.72447 18
45 93 0.55688 4
46 49 0.55289 23
46 54 0.87077 12
46 78 0.65056 11
46 91 0.71214 9
47 49 0.56802 25
47 50 0.99754 18
47 51 0.6489 12
47 56 0.57246 11
47 57 0.63923 12
47 97 0.81546 17
48 49 0.65464 17
48 51 0.84612 4
48 80 0.99197 4
49 53 0.93865 19
49 54 0.53554 20
49 55 0.59506 18
49 57 0.92937 18
49 62 0.90337 16
49 64 0.51398 17
49 65 0.77384 16
49 66 0.61054 16
49 67 0.93847 17
49 69 0.70507 16
49 72 0.67813 18
49 76 0.53845 20
49 79 0.52082 17
49 83 0.73299 16
49 85 0.78681 20
49 86 0.96724 16
49 88 0.62695 17
49 89 0.91752 16
49 90 0.67142 16
49 93 0.65007 17
49 96 0.59932 16
49 97 0.92088 23
49 100 0.98931 16
50 52 0.97004 12
50 53 0.57099 12
50 54 0.84208 13
50 55 0.79593 11
50 58 0.92798 11
50 59 0.86354 12
50 60 0.56332 17
50 67 0.54718 11
51 60 0.87085 10
51 72 0.88664 5
52 53 0.53617 7
52 57 0.93091 6
52 97 0.72999 11
53 87 0.69322 5
53 97 0.90114 11
53 100 0.96529 4
54 65 0.845 5
54 84 0.81661 5
54 85 0.94351 9
54 97 0.50252 12
55 58 0.87949 5
55 85 0.84435 7
56 74 0.76813 6
56 79 0.80019 4
57 60 0.94461 11
57 97 0.66048 11
58 88 0.84791 4
59 67 0.62761 5
59 78 0.96805 6
59 81 0.93902 7
59 97 0.65135 11
59 98 0.67518 5
60 71 0.7921 11
60 72 0.72636 11
60 74 0.65938 12
60 75 0.84814 9
60 78 0.69325 11
60 79 0.87822 10
60 85 0.535 12
60 87 0.86064 9
61 94 0.94881 4
61 98 0.82491 2
62 81 0.79552 4
63 74 0.72799 5
63 99 0.73845 2
64 76 0.76486 7
64 92 0.80433 3
64 95 0.56775 3
66 74 0.74269 5
68 82 0.8145 2
68 85 0.86436 6
68 94 0.87612 5
69 74 0.94205 5
70 85 0.89801 5
70 97 0.7035 9
71 76 0.56611 8
71 85 0.84595 8
71 94 0.69051 7
71 98 0.53181 5
71 99 0.59374 5
72 76 0.92835 8
72 78 0.99811 6
72 92 0.90293 4
73 85 0.54731 5
73 94 0.94417 4
74 76 0.79497 9
74 94 0.72509 8
74 96 0.54871 5
75 80 0.83421 3
76 80 0.9765 7
76 81 0.87581 8
76 88 0.77626 6
76 95 0.57269 6
78 83 0.99498 4
78 93 0.73395 5
79 97 0.79073 10
80 97 0.95593 10
81 82 0.52378 4
81 90 0.72707 4
81 97 0.55218 11
84 97 0.69305 9
85 99 0.59849 6
86 97 0.64954 9
87 94 0.81528 5
89 97 0.91615 9
91 93 0.97809 3
94 97 0.93349 11
