1 5 0.74936 6
1 24 0.66965 4
1 55 0.52032 5
1 56 0.98451 4
2 6 0.84975 4
2 35 0.77174 4
2 36 0.58838 4
2 37 0.84919 6
2 40 0.79923 9
2 51 0.64139 6
3 47 0.6305 10
3 50 0.77769 9
4 28 0.98759 5
4 41 0.71922 9
5 18 0.5803 5
5 23 0.89544 13
5 30 0.79781 5
5 31 0.74683 5
5 32 0.76263 9
5 40 0.9506 10
5 47 0.80978 14
5 52 0.99724 8
6 10 0.68683 4
7 23 0.52951 10
7 40 0.66853 7
7 47 0.69898 11
8 32 0.53653 6
8 46 0.57978 10
8 52 0.77473 5
9 41 0.77787 10
9 42 0.94623 9
9 47 0.8259 11
9 49 0.9888 17
10 19 0.59712 5
10 23 0.80345 12
10 32 0.5586 8
10 44 0.80175 6
10 46 0.95819 12
10 48 0.52216 5
11 12 0.79507 3
11 23 0.94371 11
11 32 0.57525 6
11 40 0.79738 8
12 46 0.91147 9
13 23 0.51599 10
13 50 0.95295 9
14 25 0.81436 3
14 36 0.72717 2
14 46 0.82892 10
15 22 0.56756 3
15 28 0.50229 6
15 32 0.62136 6
15 42 0.70131 9
16 47 0.74283 10
16 50 0.70359 9
17 23 0.986 10
17 47 0.98013 10
18 19 0.81183 2
19 47 0.86458 11
20 23 0.84954 11
20 32 0.89512 7
20 37 0.75137 6
20 39 0.75093 4
20 44 0.67387 5
21 46 0.78244 9
21 50 0.77905 9
22 23 0.68632 10
22 46 0.84122 10
23 24 0.96346 11
23 28 0.67822 13
23 31 0.89873 10
23 33 0.50734 10
23 34 0.58374 10
23 37 0.86233 12
23 38 0.83733 10
23 41 0.63972 17
23 46 0.64028 17
23 47 0.55243 18
24 32 0.57972 7
24 58 0.87182 5
24 59 0.77908 6
25 47 0.62043 11
25 52 0.84143 5
26 40 0.95546 7
26 46 0.66059 9
27 46 0.56996 9
27 47 0.99153 10
28 33 0.56504 5
28 38 0.66831 5
28 49 0.94764 19
28 50 0.64173 12
28 60 0.80615 7
29 40 0.90739 7
29 41 0.62635 10
29 46 0.8609 10
30 50 0.93162 9
32 39 0.96546 6
32 50 0.93111 13
33 42 0.77137 9
34 39 0.73788 3
34 47 0.53539 11
35 37 0.68321 5
35 45 0.88999 4
37 40 0.66205 9
37 46 0.81833 12
37 53 0.58052 7
39 40 0.82739 8
40 42 0.52679 13
40 43 0.63615 9
40 50 0.87291 14
40 55 0.50015 9
41 42 0.85966 16
41 43 0.55565 11
41 44 0.67146 11
41 47 0.73227 18
41 49 0.91646 24
41 50 0.8064 17
41 56 0.6569 11
41 58 0.80242 11
41 73 0.61298 10
41 74 0.77116 12
41 78 0.62053 11
41 89 0.84776 10
41 91 0.87471 10
42 45 0.98176 10
42 46 0.77282 16
42 49 0.57912 23
42 51 0.81326 10
42 54 0.96708 11
42 77 0.60285 9
42 84 0.81006 9
42 94 0.86409 12
42 96 0.73977 9
42 97 0.60527 15
43 67 0.52574 5
43 71 0.83087 6
43 72 0.96443 7
43 100 0.50493 7
44 76 0.58407 8
44 77 0.72901 4
44 81 0.96504 6
45 47 0.56179 12
45 49 0.72447 18
45 93 0.55688 4
46 49 0.55289 24
46 54 0.87077 12
46 78 0.65056 11
46 83 0.63206 12
46 91 0.71214 10
47 49 0.56802 25
47 50 0.99754 18
47 51 0.6489 12
47 56 0.57246 12
47 57 0.63923 12
47 97 0.81546 17
48 49 0.65464 17
48 51 0.84612 5
48 80 0.99197 4
49 53 0.93865 19
49 54 0.53554 19
49 55 0.59506 18
49 57 0.92937 18
49 62 0.90337 16
49 64 0.51398 18
49 65 0.77384 17
49 66 0.61054 16
49 67 0.93847 17
49 69 0.70507 16
49 72 0.67813 20
49 76 0.53845 21
49 79 0.52082 17
49 83 0.73299 19
49 85 0.78681 20
49 86 0.96724 16
49 88 0.62695 17
49 89 0.91752 17
49 90 0.67142 17
49 93 0.65007 17
49 96 0.59932 17
49 97 0.92088 23
49 100 0.98931 19
50 52 0.97004 12
50 53 0.57099 12
50 54 0.84208 12
50 55 0.79593 11
50 58 0.92798 11
50 59 0.86354 12
50 67 0.54718 10
51 60 0.87085 6
51 72 0.88664 7
52 53 0.53617 7
52 57 0.93091 6
52 97 0.72999 12
52 100 0.95278 8
53 87 0.69322 4
53 97 0.90114 11
53 100 0.87336 7
54 65 0.845 5
54 84 0.81661 5
54 85 0.94351 9
54 97 0.50252 12
55 58 0.87949 5
55 85 0.84435 8
56 74 0.76813 6
56 79 0.80019 4
57 60 0.94461 5
57 97 0.66048 10
58 88 0.84791 4
59 67 0.62761 5
59 78 0.96805 6
59 81 0.93902 7
59 97 0.65135 11
59 98 0.67518 5
60 71 0.7921 6
60 75 0.84814 4
60 85 0.535 8
61 94 0.94881 5
61 98 0.82491 2
62 81 0.79552 4
63 74 0.72799 5
63 99 0.73845 2
64 72 0.95686 7
64 76 0.76486 8
64 92 0.80433 3
64 95 0.56775 3
65 72 0.59676 6
66 74 0.74269 5
68 82 0.8145 2
68 85 0.86436 6
68 94 0.87612 6
69 74 0.94205 5
70 72 0.98193 6
70 85 0.89801 6
70 97 0.7035 9
71 76 0.56611 9
71 85 0.84595 8
71 94 0.69051 8
71 98 0.53181 5
71 99 0.59374 5
72 76 0.92835 10
72 78 0.99811 7
72 92 0.90293 5
73 85 0.54731 6
73 94 0.94417 6
74 76 0.79497 9
74 94 0.72509 8
74 96 0.54871 5
75 80 0.83421 3
76 80 0.9765 8
76 81 0.87581 9
76 83 0.60046 9
76 88 0.77626 7
76 95 0.57269 6
77 83 0.72306 5
78 83 0.99498 7
78 93 0.73395 5
79 97 0.79073 10
79 100 0.67042 6
80 83 0.80808 6
80 97 0.95593 10
81 82 0.52378 4
81 90 0.72707 5
81 97 0.55218 11
83 88 0.9026 6
83 90 0.87895 6
84 97 0.69305 9
85 99 0.59849 6
85 100 0.6467 9
86 97 0.64954 9
87 94 0.81528 5
89 97 0.91615 9
90 100 0.74729 6
91 93 0.97809 3
94 97 0.93349 12
94 100 0.80341 8
