0 3 0 0 37 5 11 0 2 0 0 3 0 0 0 
0 6 -1 1 27 16 43 -3 0 14 2 -1 1 0 0 
-1 -14 -1 -1 -23 -27 -89 0 -2 -29 0 -2 -1 0 0 
-2 -9 -2 -3 -57 -24 0 0 -3 -37 -2 4 -2 -3 0 
1 15 8 0 48 134 77 26 17 0 2 5 0 0 0 
-1 -13 -1 -1 -45 -16 -81 0 -1 -19 -1 -5 0 0 0 
0 5 0 0 31 8 39 0 1 0 0 1 0 0 0 
0 2 0 0 7 2 23 0 1 0 0 -2 0 0 0 
2 22 1 4 103 22 61 0 3 112 0 12 2 9 2 
0 -4 1 -1 9 -18 -42 5 4 -14 -5 -3 0 0 0 
1 17 3 0 77 53 80 3 9 0 0 2 0 0 0 
0 2 0 0 29 2 14 0 0 0 0 3 0 0 0 
0 -1 0 0 13 -1 -16 0 0 0 0 0 0 0 0 
0 1 0 0 13 2 12 0 0 0 0 3 0 0 0 
2 22 5 0 121 76 108 4 4 0 0 11 0 0 0 
0 -1 0 0 13 0 -16 0 0 -3 0 1 0 1 0 
0 0 0 0 15 0 -1 0 0 0 0 1 0 0 0 
-1 -5 -2 0 -30 -20 -6 -1 0 0 0 -2 0 0 0 
0 -1 0 0 -3 -2 -2 0 0 0 0 1 0 0 0 
1 5 3 1 33 28 17 2 6 10 4 -2 0 0 0 
0 0 0 0 16 0 -5 0 0 0 0 4 0 0 0 
0 3 0 0 40 3 15 0 1 1 0 2 0 0 0 
0 9 1 -1 43 121 90 13 15 2 -10 8 -3 0 0 
0 6 0 0 34 16 26 0 4 0 0 1 0 0 0 
0 1 0 0 11 2 3 0 0 0 0 3 0 0 0 
0 8 0 0 39 2 59 0 3 0 0 5 0 0 0 
0 1 0 0 18 1 10 0 0 0 0 5 0 0 0 
0 -11 3 -3 35 -8 -97 15 -7 -47 -12 17 -3 -4 0 
1 20 2 0 85 47 148 1 8 0 0 14 0 0 0 
0 0 0 0 17 -2 -10 0 1 0 0 1 0 0 0 
0 1 0 0 23 0 7 0 0 1 0 -1 0 0 0 
6 24 32 1 143 277 32 76 24 5 7 5 0 0 0 
-6 -18 -27 -6 -135 -234 -20 -44 -15 -80 -30 9 -9 -8 0 
0 -3 0 0 -4 0 -12 0 -3 0 0 0 0 0 0 
0 1 0 0 24 1 4 0 0 -1 0 0 0 1 0 
0 0 0 0 7 0 -1 0 0 0 0 1 0 0 0 
1 11 5 1 61 78 53 8 8 14 6 5 1 0 0 
0 0 0 0 -2 0 4 0 0 0 0 -4 0 0 0 
-3 -25 -14 -1 -111 -176 -338 -24 -4 -23 -6 -15 -1 -6 0 
7 33 54 2 236 504 78 190 31 24 20 16 0 2 0 
8 27 91 9 70 863 -14 464 26 195 115 -2 15 13 2 
9 53 80 10 99 865 344 308 31 216 101 13 22 11 4 
2 30 9 0 132 170 169 16 11 0 0 21 0 0 0 
1 19 5 0 117 103 117 9 7 1 1 15 0 0 0 
0 6 0 0 50 6 30 1 1 6 -2 16 1 5 0 
1 12 13 3 78 159 1 74 13 71 43 11 2 7 1 
0 6 -2 2 52 38 -6 -24 -1 62 15 11 8 5 1 
0 2 0 0 15 4 -10 0 1 0 0 17 0 0 0 
0 6 -18 18 -25 2 28 -456 3 162 396 -5 54 5 6 
-1 4 -18 1 43 -37 41 -141 -3 16 2 -3 3 4 0 
1 9 6 -1 66 99 16 13 4 -16 -3 16 0 -1 0 
1 4 6 1 51 61 -4 14 5 3 5 5 2 1 0 
0 4 -1 1 32 5 -19 -2 3 5 -1 18 3 4 0 
-1 6 -8 0 62 -66 30 -19 -1 14 -6 12 -6 8 3 
1 9 4 1 50 76 6 5 2 19 4 17 1 2 0 
1 11 2 2 62 25 58 1 0 43 4 3 1 4 0 
-1 -15 -4 -1 -17 -101 -109 -4 -11 -19 -4 13 -2 0 0 
0 7 -1 1 62 2 51 -2 -1 24 1 2 1 2 0 
0 -1 0 0 35 -5 -19 0 0 -1 0 4 0 0 0 
-10 -40 -99 -6 -179 -773 -128 -449 -33 -57 -88 -8 -3 -2 0 
0 2 0 0 18 2 12 0 0 0 0 1 0 0 0 
0 0 0 0 10 0 -18 0 0 0 0 18 0 0 0 
0 -1 0 0 -3 -1 -8 0 0 0 0 1 0 0 0 
1 3 1 3 18 4 -35 0 -2 47 2 17 3 1 1 
1 5 1 1 33 13 -30 0 0 29 0 17 1 2 0 
0 -1 0 0 2 -1 -26 0 0 0 0 19 0 0 0 
0 1 0 0 36 0 -27 0 2 -1 0 19 0 0 0 
0 3 0 0 13 4 19 0 1 0 0 2 0 0 0 
0 -1 0 0 2 -1 -26 0 0 0 0 19 0 0 0 
1 9 2 0 51 37 27 1 2 0 0 9 0 0 0 
0 -4 0 0 19 -16 -50 0 0 -8 0 0 0 0 0 
3 -4 19 2 52 107 -122 46 2 27 14 11 3 2 1 
1 19 2 0 118 44 128 1 4 0 0 13 0 0 0 
-1 -4 -9 1 5 -87 -11 -34 -2 16 6 6 0 1 0 
0 -9 0 0 -34 -9 -87 0 0 0 0 -5 0 0 0 
1 5 6 4 26 55 -27 12 2 41 27 12 4 4 2 
1 17 2 0 119 35 89 1 4 0 0 17 0 0 0 
0 11 0 0 56 34 50 0 9 3 0 16 0 0 0 
0 -9 -1 1 -5 -56 -126 -1 -2 25 0 11 1 4 0 
1 6 3 1 44 33 7 3 2 11 3 8 0 2 0 
0 4 0 0 37 20 5 0 1 2 0 9 0 0 0 
0 0 0 0 7 0 0 0 0 0 0 0 0 0 0 
6 24 20 7 97 200 -11 24 7 154 23 14 8 5 1 
1 9 0 2 81 0 39 0 0 33 0 3 0 3 1 
1 -3 8 1 31 9 -108 26 2 15 8 10 2 3 0 
0 0 0 0 16 0 -19 0 0 -2 0 19 0 1 0 
-1 -13 -2 0 -40 -36 -87 -1 -2 0 0 -5 0 0 0 
1 4 1 2 34 6 -35 0 1 39 2 17 0 3 1 
1 14 1 1 87 25 55 0 2 34 0 22 1 4 0 
2 10 3 2 64 32 -41 1 1 56 2 14 1 6 0 
1 17 2 0 110 38 121 1 7 0 0 14 0 0 0 
0 2 -1 1 -1 -4 12 0 -2 6 0 -1 0 2 0 
0 1 0 0 36 -3 -15 0 3 -2 0 16 0 1 0 
2 18 14 1 101 165 64 42 11 21 7 14 0 3 0 
0 2 0 0 8 0 5 0 0 0 0 5 0 1 0 
1 11 1 1 66 14 24 0 2 30 1 18 0 6 0 
0 8 -3 3 39 43 13 -30 11 43 20 13 8 6 2 
0 0 0 0 -3 0 0 0 0 0 0 0 0 0 0 
0 1 0 0 -9 1 6 0 0 1 0 1 0 0 0 
6 27 23 4 142 261 -15 33 18 84 16 13 7 6 0 
