4 21 6 0 189 53 43 4 5 0 0 7 0 0 0 
6 22 13 2 154 89 58 13 1 19 6 3 1 0 0 
2 32 0 1 161 0 223 0 0 28 0 18 0 2 0 
2 23 1 0 178 17 128 0 3 0 0 13 0 0 0 
9 63 34 2 254 399 324 71 29 39 12 24 1 4 0 
2 11 1 0 70 11 22 0 0 0 0 3 0 0 0 
3 44 2 1 205 45 291 0 5 25 1 20 0 4 0 
3 31 3 0 177 56 156 1 3 0 0 13 0 0 0 
4 68 1 5 265 22 577 0 3 152 0 38 2 12 2 
7 50 20 1 249 249 251 30 10 27 5 16 0 2 0 
4 37 6 0 174 89 204 4 11 0 0 15 0 0 0 
2 19 1 0 123 17 115 0 1 0 0 8 0 0 0 
2 33 1 0 155 27 236 0 3 0 0 20 0 0 0 
3 19 3 0 118 38 113 1 0 0 0 8 0 0 0 
4 31 6 0 230 83 124 4 5 0 0 17 0 0 0 
2 32 0 1 161 0 223 0 0 28 0 18 0 2 0 
2 33 0 1 153 0 238 0 0 25 0 18 0 4 0 
2 10 1 0 84 8 27 0 1 0 0 2 0 0 0 
3 25 3 0 152 46 151 1 2 0 0 17 0 0 0 
5 35 8 2 179 92 149 4 9 28 6 13 0 1 0 
2 32 1 0 173 30 224 0 1 0 0 16 0 0 0 
3 34 2 1 162 33 214 0 2 27 1 14 0 2 0 
18 76 141 12 362 1045 293 640 43 153 160 21 16 4 0 
5 38 10 0 189 130 171 10 11 0 0 17 0 0 0 
3 27 3 0 159 46 155 1 4 0 0 20 0 0 0 
2 27 1 0 148 21 165 0 3 0 0 10 0 0 0 
2 34 1 0 186 30 249 0 2 0 0 24 0 0 0 
8 71 26 2 288 422 616 45 22 31 10 57 1 0 0 
3 43 3 0 243 64 274 1 11 0 0 21 0 0 0 
2 24 1 0 140 16 138 0 4 0 0 10 0 0 0 
2 23 0 1 118 0 131 0 0 21 0 10 0 1 0 
9 47 35 1 266 317 168 77 27 5 7 12 0 0 0 
3 36 2 1 215 42 203 0 4 20 1 23 0 1 0 
3 36 2 1 170 37 240 0 1 25 1 19 0 4 0 
3 13 2 1 125 17 17 0 0 7 1 5 0 1 0 
2 7 1 0 39 7 9 0 0 0 0 2 0 0 0 
7 53 17 4 257 235 256 17 9 61 16 20 2 2 0 
2 22 0 1 127 0 125 0 0 20 0 10 0 1 0 
4 23 5 1 154 49 76 2 5 10 2 4 0 0 0 
12 66 64 2 393 626 238 200 36 24 20 26 0 2 0 
17 115 125 11 372 1455 691 535 67 219 127 41 16 16 2 
15 100 92 13 392 1032 557 319 41 256 107 30 25 15 4 
6 51 15 0 328 225 216 20 15 0 0 26 0 0 0 
6 42 14 1 268 180 165 16 8 14 4 23 0 0 0 
5 61 7 3 245 123 524 4 4 93 3 43 3 10 0 
17 90 128 8 370 1186 519 568 36 154 105 39 6 14 1 
19 102 155 16 338 1416 581 731 47 294 206 36 30 16 2 
4 45 6 0 223 121 426 4 7 0 0 40 0 0 0 
31 112 427 38 310 2782 332 3502 99 352 891 21 95 14 7 
17 87 128 8 474 1149 319 566 66 99 108 32 6 6 0 
6 53 15 0 299 241 258 20 12 0 0 37 0 0 0 
8 52 24 4 347 263 210 36 21 51 16 24 4 4 0 
7 72 16 5 294 281 549 16 16 97 13 43 6 11 0 
8 86 19 9 306 334 614 20 15 208 21 36 12 15 3 
6 67 12 3 262 233 533 9 12 72 10 43 1 3 0 
5 43 8 2 262 113 230 5 4 43 4 18 1 4 0 
5 67 6 4 242 122 545 2 8 110 5 44 2 10 1 
5 40 8 2 277 99 194 5 7 43 4 17 1 2 0 
7 47 19 2 282 230 200 25 8 36 10 24 0 0 0 
6 30 14 1 248 129 66 16 4 11 4 9 0 1 0 
2 10 1 0 62 8 28 0 1 0 0 1 0 0 0 
2 36 1 0 141 30 410 0 3 0 0 40 0 0 0 
2 9 1 0 53 9 20 0 0 0 0 2 0 0 0 
5 40 5 5 147 68 374 1 0 86 4 35 4 3 1 
3 41 1 2 191 13 378 0 0 57 0 36 1 6 0 
2 37 1 0 143 29 417 0 4 0 0 39 0 0 0 
4 55 5 1 243 121 514 2 12 20 2 46 0 0 0 
3 18 3 0 107 30 58 1 3 0 0 6 0 0 0 
2 37 1 0 143 29 417 0 4 0 0 39 0 0 0 
3 32 3 0 186 56 143 1 4 0 0 26 0 0 0 
7 37 19 2 205 185 98 26 9 19 8 13 1 0 0 
9 54 31 5 263 301 375 55 15 93 24 35 4 4 1 
3 33 3 0 208 54 167 1 6 0 0 17 0 0 0 
8 41 27 1 304 237 162 50 16 16 6 20 0 1 0 
2 9 1 0 62 9 14 0 0 0 0 2 0 0 0 
11 63 46 9 232 449 367 96 18 137 59 34 8 4 2 
3 26 3 0 187 44 101 1 4 0 0 21 0 0 0 
6 54 14 1 321 213 256 16 18 19 4 30 0 1 0 
4 52 4 2 226 68 453 1 6 56 2 37 1 10 0 
5 34 9 1 223 109 133 7 6 11 3 26 0 2 0 
7 37 19 2 244 174 120 25 8 32 10 26 0 0 0 
2 8 1 0 53 8 14 0 0 0 0 2 0 0 0 
8 59 21 7 238 229 413 24 10 154 23 35 8 5 1 
3 30 0 3 224 0 135 0 0 50 0 19 0 5 1 
10 58 40 5 276 382 367 84 15 96 32 35 4 7 0 
2 43 0 1 171 0 459 0 0 29 0 38 0 7 0 
2 14 1 0 119 10 37 0 2 0 0 6 0 0 0 
4 45 3 3 192 49 385 0 2 72 3 37 0 5 1 
3 57 1 2 242 25 533 0 2 65 0 41 1 10 0 
4 46 4 2 195 62 387 1 4 56 2 36 1 6 0 
3 35 3 0 220 52 223 1 9 0 0 20 0 0 0 
2 10 0 1 88 0 20 0 0 6 0 4 0 2 0 
4 39 5 1 208 69 384 2 8 28 2 36 0 2 0 
9 53 35 1 271 357 199 77 20 21 7 29 0 3 0 
2 12 0 1 95 0 31 0 0 8 0 8 0 2 0 
3 49 2 1 207 44 467 0 6 30 1 38 0 6 0 
16 88 104 16 357 945 439 377 37 267 145 28 35 17 3 
3 13 3 0 86 24 26 1 1 0 0 4 0 0 0 
3 14 2 1 89 15 35 0 0 11 1 3 0 1 0 
8 61 23 5 284 261 381 33 18 116 16 33 7 7 0 
