4 18 6 0 152 48 32 4 3 0 0 4 0 0 0 
6 16 14 1 127 73 15 16 1 5 4 4 0 0 0 
3 46 1 2 184 27 312 0 2 57 0 20 1 2 0 
4 32 3 3 235 41 128 0 6 37 2 9 2 3 0 
8 48 26 2 206 265 247 45 12 39 10 19 1 4 0 
3 24 2 1 115 27 103 0 1 19 1 8 0 0 0 
3 39 2 1 174 37 252 0 4 25 1 19 0 4 0 
3 29 3 0 170 54 133 1 2 0 0 15 0 0 0 
2 46 0 1 162 0 516 0 0 40 0 26 0 3 0 
7 54 19 2 240 267 293 25 6 41 10 19 0 2 0 
3 20 3 0 97 36 124 1 2 0 0 13 0 0 0 
2 17 1 0 94 15 101 0 1 0 0 5 0 0 0 
2 34 1 0 142 28 252 0 3 0 0 20 0 0 0 
3 18 3 0 105 36 101 1 0 0 0 5 0 0 0 
2 9 1 0 109 7 16 0 1 0 0 6 0 0 0 
2 33 0 1 148 0 239 0 0 31 0 17 0 1 0 
2 33 0 1 138 0 239 0 0 25 0 17 0 4 0 
3 15 3 0 114 28 33 1 1 0 0 4 0 0 0 
3 26 3 0 155 48 153 1 2 0 0 16 0 0 0 
4 30 5 1 146 64 132 2 3 18 2 15 0 1 0 
2 32 1 0 157 30 229 0 1 0 0 12 0 0 0 
3 31 2 1 122 30 199 0 1 26 1 12 0 2 0 
18 67 140 13 319 924 203 627 28 151 170 13 19 4 0 
5 32 10 0 155 114 145 10 7 0 0 16 0 0 0 
3 26 3 0 148 44 152 1 4 0 0 17 0 0 0 
2 19 1 0 109 19 106 0 0 0 0 5 0 0 0 
2 33 1 0 168 29 239 0 2 0 0 19 0 0 0 
8 82 23 5 253 430 713 30 29 78 22 40 4 4 0 
2 23 1 0 158 17 126 0 3 0 0 7 0 0 0 
2 24 1 0 123 18 148 0 3 0 0 9 0 0 0 
2 22 0 1 95 0 124 0 0 20 0 11 0 1 0 
3 23 3 0 123 40 136 1 3 0 0 7 0 0 0 
9 54 29 7 350 276 223 44 19 100 31 14 9 9 0 
3 39 2 1 174 37 252 0 4 25 1 19 0 4 0 
3 12 2 1 101 16 13 0 0 8 1 5 0 0 0 
2 7 1 0 32 7 10 0 0 0 0 1 0 0 0 
6 42 12 3 196 157 203 9 1 47 10 15 1 2 0 
2 22 0 1 129 0 121 0 0 20 0 14 0 1 0 
7 48 19 2 265 225 414 26 9 33 8 19 1 6 0 
5 33 10 0 157 122 160 10 5 0 0 10 0 0 0 
9 88 34 2 302 592 705 71 41 24 12 43 1 3 0 
6 47 12 3 293 167 213 11 10 40 6 17 3 4 0 
4 21 6 0 196 55 47 4 4 0 0 5 0 0 0 
5 23 9 1 151 77 48 7 1 13 3 8 0 0 0 
5 55 7 3 195 117 494 3 3 87 5 27 2 5 0 
16 78 115 5 292 1027 518 494 23 83 62 28 4 7 0 
19 96 157 14 286 1378 587 755 48 232 191 25 22 11 1 
4 43 6 0 208 117 436 4 6 0 0 23 0 0 0 
31 106 445 20 335 2780 304 3958 96 190 495 26 41 9 1 
18 83 146 7 431 1186 278 707 69 83 106 35 3 2 0 
5 44 9 1 233 142 242 7 8 16 3 21 0 1 0 
7 48 18 3 296 202 214 22 16 48 11 19 2 3 0 
7 68 17 4 262 276 568 18 13 92 14 25 3 7 0 
9 80 27 9 244 400 584 39 16 194 27 24 18 7 0 
5 58 8 2 212 157 527 4 10 53 6 26 0 1 0 
4 32 6 0 200 88 172 4 4 0 0 15 0 0 0 
6 82 10 5 259 223 654 6 19 129 9 31 4 10 1 
5 33 9 1 215 97 143 7 8 19 3 15 0 0 0 
7 48 19 2 247 235 219 25 8 37 10 20 0 0 0 
16 70 113 7 427 902 194 465 37 68 92 17 3 3 0 
2 8 1 0 44 6 16 0 1 0 0 0 0 0 0 
2 36 1 0 131 30 428 0 3 0 0 22 0 0 0 
2 10 1 0 56 10 28 0 0 0 0 1 0 0 0 
4 37 4 2 129 64 409 1 2 39 2 18 1 2 0 
2 36 0 1 158 0 408 0 0 28 0 19 0 4 0 
2 38 1 0 141 30 443 0 4 0 0 20 0 0 0 
4 54 5 1 207 121 541 2 10 21 2 27 0 0 0 
3 15 3 0 94 26 39 1 2 0 0 4 0 0 0 
2 38 1 0 141 30 443 0 4 0 0 20 0 0 0 
2 23 1 0 135 19 116 0 2 0 0 17 0 0 0 
7 41 19 2 186 201 148 26 9 27 8 13 1 0 0 
6 58 12 3 211 194 497 9 13 66 10 24 1 2 0 
2 14 1 0 90 10 39 0 2 0 0 4 0 0 0 
9 45 36 0 299 324 173 84 18 0 0 14 0 0 0 
2 18 1 0 96 18 101 0 0 0 0 7 0 0 0 
10 58 40 5 206 394 394 84 16 96 32 22 4 0 0 
2 9 1 0 68 9 12 0 0 0 0 4 0 0 0 
6 43 14 1 265 179 206 16 9 16 4 14 0 1 0 
4 61 5 1 231 124 579 2 8 31 2 26 0 6 0 
4 28 6 0 179 76 126 4 4 0 0 18 0 0 0 
7 33 19 2 207 154 115 25 7 30 10 17 0 0 0 
2 8 1 0 46 8 14 0 0 0 0 2 0 0 0 
2 35 1 0 141 29 424 0 3 0 0 21 0 0 0 
2 21 0 1 143 0 96 0 0 17 0 16 0 2 0 
9 61 32 4 245 373 475 58 13 81 24 25 2 4 0 
2 43 0 1 155 0 478 0 0 31 0 19 0 6 0 
3 27 3 0 159 46 124 1 4 0 0 11 0 0 0 
3 41 2 1 158 43 420 0 1 33 1 20 0 2 0 
2 43 0 1 155 0 478 0 0 31 0 19 0 6 0 
2 36 1 0 131 30 428 0 3 0 0 22 0 0 0 
2 18 1 0 110 14 102 0 2 0 0 6 0 0 0 
2 8 1 0 89 4 8 0 2 0 0 5 0 0 0 
4 38 5 1 172 72 399 2 5 30 2 20 0 1 0 
7 35 21 0 170 192 135 35 9 0 0 15 0 0 0 
2 10 0 1 87 0 26 0 0 8 0 3 0 1 0 
2 38 1 0 141 30 443 0 4 0 0 20 0 0 0 
16 80 107 13 318 902 426 407 26 224 125 15 27 11 1 
3 13 3 0 89 24 26 1 1 0 0 4 0 0 0 
3 13 2 1 98 14 29 0 0 10 1 2 0 1 0 
2 34 0 1 142 0 396 0 0 32 0 20 0 1 0 
