0 4
0 23
0 54
0 55
1 5
1 34
1 35
1 36
1 39
1 50
2 46
2 49
3 27
3 40
4 17
4 22
4 29
4 30
4 31
4 39
4 46
4 51
5 9
6 22
6 39
6 46
7 31
7 45
7 51
8 40
8 41
8 46
8 48
9 18
9 22
9 31
9 43
9 45
9 47
10 11
10 22
10 31
10 39
11 45
12 22
12 49
13 24
13 35
13 45
14 21
14 27
14 31
14 41
15 46
15 49
16 22
16 46
17 18
18 46
19 22
19 31
19 36
19 38
19 43
20 45
20 49
21 22
21 45
22 23
22 27
22 30
22 32
22 33
22 36
22 37
22 40
22 45
22 46
23 31
23 57
23 58
24 46
24 51
25 39
25 45
26 45
26 46
27 32
27 37
27 48
27 49
27 59
28 39
28 40
28 45
29 49
31 38
31 49
32 41
33 38
33 46
34 36
34 44
36 39
36 45
36 52
38 39
39 41
39 42
39 49
39 54
40 41
40 42
40 43
40 46
40 48
40 49
40 55
40 57
40 72
40 73
40 77
40 88
40 90
41 44
41 45
41 48
41 50
41 53
41 76
41 83
41 93
41 95
41 96
42 66
42 70
42 71
42 99
43 75
43 76
43 80
44 46
44 48
44 92
45 48
45 53
45 77
45 82
45 90
46 48
46 49
46 50
46 55
46 56
46 96
47 48
47 50
47 79
48 52
48 53
48 54
48 56
48 61
48 63
48 64
48 65
48 66
48 68
48 71
48 75
48 78
48 82
48 84
48 85
48 87
48 88
48 89
48 92
48 95
48 96
48 99
49 51
49 52
49 53
49 54
49 57
49 58
49 66
50 59
50 71
51 52
51 56
51 96
51 99
52 86
52 96
52 99
53 64
53 83
53 84
53 96
54 57
54 84
55 73
55 78
56 59
56 96
57 87
58 66
58 77
58 80
58 96
58 97
59 70
59 74
59 84
60 93
60 97
61 80
62 73
62 98
63 71
63 75
63 91
63 94
64 71
65 73
67 81
67 84
67 93
68 73
69 71
69 84
69 96
70 75
70 84
70 93
70 97
70 98
71 75
71 77
71 91
72 84
72 93
73 75
73 93
73 95
74 79
75 79
75 80
75 82
75 87
75 94
76 82
77 82
77 92
78 96
78 99
79 82
79 96
80 81
80 89
80 96
82 87
82 89
83 96
84 98
84 99
85 96
86 93
88 96
89 99
90 92
93 96
93 99
