0 4 0.74936
0 23 0.66965
0 54 0.52032
0 55 0.98451
1 5 0.84975
1 34 0.77174
1 35 0.58838
1 36 0.84919
1 39 0.79923
1 50 0.64139
2 46 0.6305
2 49 0.77769
2 59 0.79339
3 27 0.98759
3 32 0.71809
3 40 0.71922
3 59 0.82621
4 17 0.5803
4 22 0.89544
4 29 0.79781
4 30 0.74683
4 39 0.89425
4 46 0.80978
4 51 0.99724
5 9 0.68683
5 59 0.75132
6 22 0.52951
6 38 0.82931
6 46 0.69898
7 32 0.79701
7 45 0.57978
7 51 0.77473
8 46 0.8259
8 48 0.9888
9 18 0.59712
9 22 0.80345
9 43 0.80175
9 45 0.95819
9 47 0.52216
9 59 0.79029
10 11 0.79507
10 22 0.94371
10 31 0.57525
11 45 0.91147
12 22 0.51599
12 49 0.95295
13 24 0.81436
13 35 0.72717
13 45 0.82892
14 21 0.56756
14 27 0.50229
15 46 0.74283
15 49 0.70359
16 22 0.986
16 46 0.98013
17 18 0.81183
17 38 0.92069
18 46 0.86458
19 22 0.84954
19 36 0.75137
19 38 0.75093
19 43 0.67387
20 45 0.78244
20 49 0.77905
21 22 0.68632
21 45 0.84122
22 23 0.96346
22 27 0.67822
22 30 0.89873
22 32 0.50734
22 33 0.58374
22 36 0.86233
22 37 0.83733
22 40 0.63972
22 45 0.64028
22 46 0.55243
23 31 0.57972
23 57 0.87182
23 58 0.77908
24 46 0.62043
24 51 0.84143
25 39 0.95546
25 45 0.66059
26 45 0.56996
26 46 0.99153
27 32 0.56504
27 37 0.66831
27 48 0.94764
27 49 0.64173
27 59 0.80615
28 40 0.62635
28 45 0.8609
29 49 0.93162
31 49 0.93111
32 40 0.54754
32 44 0.90882
32 46 0.6059
32 56 0.98478
32 57 0.90558
33 38 0.73788
33 46 0.53539
34 36 0.68321
34 44 0.88999
36 45 0.81833
36 52 0.58052
38 41 0.51804
38 48 0.70419
38 53 0.76675
39 42 0.63615
39 49 0.87291
40 41 0.85966
40 42 0.55565
40 48 0.75194
40 49 0.8064
40 73 0.77116
41 45 0.77282
41 53 0.96708
41 76 0.60285
41 96 0.60527
42 66 0.52574
42 70 0.83087
43 75 0.58407
43 76 0.72901
43 80 0.96504
44 46 0.56179
44 48 0.72447
44 92 0.55688
45 48 0.55289
45 53 0.87077
45 77 0.65056
45 90 0.71214
46 48 0.56802
46 49 0.99754
46 50 0.6489
46 55 0.57246
46 56 0.63923
46 96 0.81546
47 48 0.65464
47 50 0.84612
47 79 0.99197
48 52 0.93865
48 53 0.53554
48 54 0.59506
48 56 0.92937
48 61 0.90337
48 63 0.51398
48 64 0.77384
48 65 0.61054
48 66 0.93847
48 68 0.70507
48 71 0.67813
48 75 0.53845
48 78 0.52082
48 82 0.73299
48 84 0.78681
48 85 0.96724
48 87 0.62695
48 88 0.91752
48 89 0.67142
48 92 0.65007
48 95 0.59932
48 96 0.92088
48 99 0.98931
49 51 0.97004
49 52 0.57099
49 53 0.84208
49 54 0.79593
49 57 0.92798
49 58 0.86354
49 59 0.56332
49 66 0.54718
50 59 0.87085
50 71 0.88664
51 52 0.53617
51 56 0.93091
51 96 0.72999
52 86 0.69322
52 96 0.90114
52 99 0.96529
53 64 0.845
53 83 0.81661
53 84 0.94351
53 96 0.50252
54 57 0.87949
54 84 0.84435
55 73 0.76813
55 78 0.80019
56 59 0.94461
56 96 0.66048
57 87 0.84791
58 66 0.62761
58 77 0.96805
58 80 0.93902
58 96 0.65135
58 97 0.67518
59 70 0.7921
59 71 0.72636
59 73 0.65938
59 74 0.84814
59 77 0.69325
59 78 0.87822
59 84 0.535
59 86 0.86064
60 93 0.94881
60 97 0.82491
61 80 0.79552
62 73 0.72799
62 98 0.73845
63 75 0.76486
63 91 0.80433
63 94 0.56775
65 73 0.74269
67 81 0.8145
67 84 0.86436
67 93 0.87612
68 73 0.94205
69 84 0.89801
69 96 0.7035
70 75 0.56611
70 84 0.84595
70 93 0.69051
70 97 0.53181
70 98 0.59374
71 75 0.92835
71 77 0.99811
71 91 0.90293
72 84 0.54731
72 93 0.94417
73 75 0.79497
73 93 0.72509
73 95 0.54871
74 79 0.83421
75 79 0.9765
75 80 0.87581
75 87 0.77626
75 94 0.57269
77 82 0.99498
77 92 0.73395
78 96 0.79073
79 96 0.95593
80 81 0.52378
80 89 0.72707
80 96 0.55218
83 96 0.69305
84 98 0.59849
85 96 0.64954
86 93 0.81528
88 96 0.91615
90 92 0.97809
93 96 0.93349
