59 662 1609 102 6675 32997 7720 27172 661 3419 4916 962 365 329 56 
1 58 0 0 662 0 1551 0 0 0 0 102 0 0 0 
22 411 174 57 5352 6048 6694 679 219 1731 622 1033 199 207 40 
16 276 75 45 3889 2509 3228 151 112 1239 229 714 139 84 41 
23 318 212 41 4788 5273 3278 1090 187 1173 532 761 118 88 31 
32 594 300 196 6745 9981 6122 1367 811 4759 1840 1373 1219 1026 534 
42 667 602 259 7268 15020 5478 4252 1723 6085 4669 1310 1986 1398 573 
49 787 894 282 7419 24497 7816 8630 1739 6853 6934 1395 2260 1474 600 
9 136 18 18 1851 466 1760 13 27 470 29 150 29 49 13 
41 532 485 335 6281 10637 3526 2589 888 6757 4164 891 2820 1055 1087 
34 508 290 271 6564 7062 3585 967 932 5690 2250 959 1879 1074 888 
33 486 277 251 6711 6709 3234 969 780 5281 2019 1009 1642 1001 826 
40 467 428 352 6661 8332 2830 1935 762 6373 3741 714 2977 992 1227 
37 685 436 230 6932 13276 7754 2446 1372 6028 3094 1514 1734 1306 496 
35 585 334 261 6403 9043 4819 1371 888 6615 2504 1133 1901 1228 769 
14 143 67 24 2077 1121 1638 164 48 534 131 147 50 54 19 
33 537 316 212 6618 7983 3865 1393 898 4993 2076 1172 1465 1206 522 
34 538 332 229 6732 8078 3942 1470 788 5722 2353 1072 1508 1189 653 
32 572 314 182 7480 8625 4498 1472 1034 4773 1934 1375 1136 1133 418 
28 477 166 212 6307 4414 3565 349 575 5213 990 1044 1289 1051 648 
31 426 225 240 6511 4716 2635 643 671 4704 1541 844 1514 1009 797 
35 655 406 189 7688 12261 6346 2269 1220 5159 2699 1587 1193 1205 384 
40 627 501 279 7290 13255 5920 2998 1342 6126 3973 1214 2098 1194 811 
32 519 289 207 6683 7340 3913 1166 821 4915 1910 1194 1352 1096 532 
29 357 291 115 5960 6150 2796 1445 416 2334 1475 1036 572 340 162 
28 345 274 104 5422 5649 2646 1389 380 2312 1233 1020 491 297 163 
24 403 150 126 6156 3635 3257 423 437 3098 749 1225 533 831 319 
12 205 48 18 3496 1612 2115 93 84 353 84 581 33 61 10 
31 548 247 218 6674 6859 4694 784 833 5529 1726 1173 1359 1193 626 
30 591 272 163 7117 8495 5567 1109 774 4666 1731 1423 827 1215 393 
20 406 75 115 6114 2215 3303 93 313 3003 350 1142 371 935 326 
28 684 262 116 7821 10686 9286 1225 657 4892 1258 1780 621 788 172 
45 772 757 233 8305 22321 7750 6743 1300 6743 5315 1745 1692 1152 440 
16 251 73 47 4030 2283 2502 125 90 1056 259 662 129 123 47 
29 558 238 168 7127 7167 5260 819 863 4477 1471 1445 1027 1127 337 
14 164 54 37 2689 1246 1847 90 55 680 135 261 108 48 31 
36 609 459 171 7677 12130 5511 3026 987 5025 2761 1593 1006 1093 347 
32 610 340 156 7608 10725 6538 1813 634 5369 1874 1639 1013 774 260 
7 244 6 15 3763 318 4263 0 39 768 6 919 18 150 11 
66 899 1908 237 8665 46416 7612 33246 1214 7871 10124 1916 2126 860 264 
13 186 60 18 3564 1487 1639 138 101 409 107 729 32 67 9 
29 596 291 115 7129 10030 7019 1357 677 3808 1636 1851 514 748 147 
46 726 852 183 8152 22169 6792 8683 1422 5439 5186 1782 1067 1109 244 
4 97 4 2 1878 130 1121 1 24 97 2 332 1 8 0 
11 247 33 22 3206 1016 4767 44 76 1094 64 515 37 104 20 
29 366 349 57 4608 7680 4968 2380 239 1794 1043 563 197 148 34 
54 784 1224 207 9374 31641 6729 15588 1292 5419 7961 1844 962 954 293 
19 278 97 74 4032 2416 2320 198 183 1754 416 662 223 234 132 
7 63 13 8 1178 190 219 9 12 102 16 106 6 31 4 
9 90 22 14 1414 369 421 21 29 183 36 78 19 55 8 
11 135 51 4 2311 1137 823 132 46 99 30 218 3 11 0 
23 469 211 42 5814 7461 6365 1046 258 1807 595 1208 103 267 27 
31 512 339 126 7226 8617 3679 1837 829 3177 1871 1406 578 954 209 
10 263 35 10 3511 1611 5406 51 71 474 60 813 7 70 2 
2 18 0 1 414 0 54 0 0 14 0 19 0 2 0 
22 372 198 33 4165 5699 5439 1004 237 1395 427 541 94 122 15 
21 460 91 119 6271 3211 5336 144 421 3353 432 1395 433 897 321 
9 133 29 7 1476 741 2028 48 14 281 24 191 11 7 1 
23 205 234 19 3203 3868 2029 1420 78 464 308 304 38 11 5 
33 566 363 165 7531 10411 4888 1953 786 4077 2234 1427 926 1026 343 
34 463 404 157 7074 8730 2540 2482 700 3665 2345 1248 792 742 365 
13 290 39 39 4645 1030 2294 38 287 1012 108 1352 99 432 41 
15 332 29 76 5105 707 2715 9 251 1819 84 1182 182 810 180 
74 924 2416 285 8910 55025 7424 47410 1313 8097 14641 1601 2440 852 333 
13 247 64 14 2762 2148 5012 169 51 574 84 490 29 70 4 
40 387 730 50 4047 12989 5113 8199 218 1464 1472 562 199 102 10 
9 85 23 13 1168 500 797 24 14 126 35 270 19 13 6 
9 28 19 17 314 124 74 14 7 72 28 19 35 7 7 
6 91 11 4 1149 288 1240 6 4 127 12 119 2 16 0 
49 444 1095 81 6154 18093 3762 15150 404 2111 2787 768 441 150 46 
7 23 8 13 225 32 57 2 7 70 7 6 20 11 6 
5 25 5 5 185 37 83 1 12 21 3 18 6 9 0 
6 67 6 9 1523 125 321 1 4 166 9 156 3 18 7 
14 195 70 21 2313 1645 2176 175 55 680 133 187 49 50 7 
12 380 34 32 5328 1679 6014 31 208 1535 84 1282 79 275 26 
8 251 23 5 2889 1137 5987 32 29 364 20 541 2 99 2 
63 704 1814 139 6886 36525 7616 32320 597 5091 6439 1219 816 419 136 
43 778 648 255 7764 19790 7306 4726 1443 7118 5267 1560 1856 1441 492 
2 9 0 1 61 0 16 0 0 9 0 2 0 0 0 
8 49 26 2 725 312 241 44 7 15 12 56 0 1 0 
16 356 68 52 5395 2207 3197 92 291 1507 266 1403 144 522 58 
26 577 233 92 6974 8210 6387 1007 921 2837 1091 1829 389 768 113 
50 771 885 340 7132 23534 7046 8001 1295 8701 7871 1039 2735 1477 993 
15 286 59 46 3851 1913 2784 97 212 1163 182 813 112 252 64 
27 417 267 84 5030 7476 6089 1394 232 2496 1054 832 385 203 92 
25 456 220 80 5313 6859 6965 1019 250 3007 826 1122 351 289 104 
27 293 263 88 5150 4970 1762 1394 280 1560 1002 683 389 264 140 
12 165 51 15 2824 1317 1843 123 59 360 48 377 45 10 4 
14 202 75 16 3290 2029 2143 227 74 419 86 439 47 15 4 
24 412 184 92 4873 5356 6172 695 158 3250 772 854 419 277 138 
38 558 480 223 7527 11345 3630 2871 1056 4519 3680 1074 1307 1335 578 
30 340 398 37 4027 7994 3674 3176 239 1218 739 447 138 85 7 
18 237 63 90 3750 1344 1807 69 115 2049 228 528 345 203 174 
38 753 475 228 7547 15919 8298 2731 948 7408 3750 1465 1407 1319 548 
12 270 49 17 4248 1772 2428 92 147 566 96 1030 22 169 10 
5 21 8 2 319 62 30 4 2 18 6 27 0 0 0 
29 585 327 79 7940 10847 6116 1969 926 2623 1294 1804 334 529 57 
42 615 646 215 7200 16406 5187 4951 964 4713 4944 1425 1099 1084 486 
23 365 217 36 5365 6041 4455 1139 208 1203 528 893 84 185 20 
21 403 161 49 5582 5153 4639 631 308 1763 501 1292 164 264 34 
12 248 50 16 3794 1648 3436 109 117 620 69 801 35 113 7 
5 26 2 8 236 6 68 0 4 66 1 9 4 12 5 
15 124 84 21 1867 1399 1029 236 41 197 174 350 36 29 9 
10 111 32 13 1628 720 760 44 20 181 53 131 18 29 5 
5 28 6 4 281 64 76 2 10 12 4 37 4 8 0 
13 206 61 17 3051 1583 2731 146 114 529 97 263 39 66 4 
49 779 1064 112 7984 30335 9324 13780 874 4439 4076 1604 516 435 52 
11 118 40 15 2157 844 575 62 23 190 83 313 8 50 12 
11 230 35 20 3874 1119 2162 49 97 719 65 838 38 134 13 
16 396 100 20 5406 4172 6584 326 182 1044 191 1103 40 180 3 
2 37 1 0 884 21 252 0 8 0 0 84 0 0 0 
10 125 37 8 1782 912 1167 67 29 149 44 398 7 3 2 
11 67 49 6 1057 548 271 117 15 76 43 63 4 8 1 
10 246 32 13 3825 1077 2716 40 173 419 61 1253 14 186 5 
2 48 0 1 869 0 542 0 0 44 0 266 0 2 0 
21 350 181 29 4565 5311 4654 848 245 919 423 560 49 140 10 
7 216 13 8 2570 659 3837 10 62 443 10 338 15 35 0 
27 588 248 103 6888 9567 7820 1066 595 3485 1287 1524 428 523 144 
26 417 261 64 5217 7051 5364 1462 223 2426 792 920 294 251 52 
23 287 193 60 4756 4030 2142 887 297 1302 585 670 222 194 77 
20 339 160 30 4357 4607 4756 690 229 1132 367 596 76 122 7 
25 322 242 58 3897 5307 3855 1291 156 1895 721 332 251 107 37 
6 27 9 6 179 42 69 5 14 41 7 16 7 12 1 
3 32 3 0 753 56 189 1 4 0 0 36 0 0 0 
2 28 1 0 618 28 223 0 0 0 0 103 0 0 0 
14 296 75 16 3452 2741 6391 211 70 763 118 564 31 102 4 
22 327 212 19 4575 5830 3963 1192 146 579 318 651 28 83 2 
1 3 0 0 3 0 3 0 0 0 0 0 0 0 0 
4 3 6 0 28 9 2 4 0 0 0 1 0 0 0 
4 89 3 3 1788 108 811 0 13 121 2 324 2 6 0 
20 337 172 18 5991 4926 2932 845 365 561 268 1125 25 93 2 
13 375 56 22 5170 2567 6921 114 166 1183 116 1046 42 209 14 
11 246 43 12 2818 1683 3921 82 74 523 63 324 15 53 5 
27 449 298 53 4560 8419 7411 1823 262 2307 906 613 169 212 27 
3 8 2 1 182 8 11 0 0 4 1 1 0 2 0 
6 73 12 3 866 293 1713 11 2 66 6 140 3 1 0 
11 182 47 8 2499 1406 2804 102 27 290 55 358 7 35 1 
6 115 11 4 1527 394 2379 8 6 153 8 298 4 8 0 
34 579 393 168 6779 11003 4649 2107 779 4194 2747 1306 761 1176 369 
8 98 16 12 1251 367 1288 6 15 261 33 217 12 14 5 
8 177 22 6 2211 929 4322 26 20 178 25 459 4 46 1 
3 92 1 2 1232 41 1063 0 13 55 0 368 1 31 0 
7 111 13 8 1043 347 1209 7 17 233 18 79 8 26 2 
9 66 24 12 1167 311 229 28 17 151 34 82 16 16 6 
18 401 106 47 5460 4004 5982 279 223 1829 356 1011 147 269 34 
9 77 19 17 1529 260 236 13 21 236 30 94 34 39 7 
4 62 5 1 1229 124 593 2 2 46 2 250 0 6 0 
3 71 1 2 836 47 1242 0 0 79 0 115 1 8 0 
2 26 0 1 496 0 249 0 0 24 0 51 0 1 0 
30 667 294 141 7326 10801 7989 1295 1041 4224 1874 1769 599 1118 292 
2 57 1 0 882 47 1050 0 5 0 0 114 0 0 0 
3 42 3 0 686 78 269 1 3 0 0 77 0 0 0 
16 335 103 17 3304 3501 6564 364 159 1014 158 543 34 96 4 
21 416 134 76 5547 4754 5905 351 371 2058 607 924 279 383 93 
7 124 19 2 2380 540 826 26 51 60 8 425 1 21 0 
23 424 209 44 5909 6725 5205 1028 327 1471 598 1138 109 239 36 
5 26 9 1 289 101 102 7 1 1 3 14 0 0 0 
6 92 14 1 1267 358 918 16 26 36 4 89 0 7 0 
17 428 62 74 6072 2571 4818 90 440 1785 236 1377 188 806 166 
21 324 125 85 4832 3759 3450 343 196 1953 527 794 292 188 168 
14 257 73 18 3687 2680 4136 194 102 331 135 585 24 63 11 
21 344 183 27 4730 5330 3524 871 186 746 417 1163 30 216 12 
5 87 8 2 1246 249 905 4 9 63 6 117 0 9 0 
12 219 43 23 2266 1202 3903 68 49 933 89 254 48 88 15 
15 245 68 37 3779 2032 2717 142 116 782 183 562 92 192 38 
7 71 16 5 1127 274 822 17 14 118 12 182 5 3 1 
1 73 0 0 924 0 2343 0 0 0 0 285 0 0 0 
6 21 8 7 135 24 25 3 16 15 7 7 9 17 1 
10 317 23 22 4524 997 3744 15 253 770 47 1404 45 290 13 
16 433 78 42 5024 3274 7665 188 146 2305 222 941 84 312 66 
14 197 28 63 3179 601 1603 14 71 1424 56 403 182 197 112 
11 183 12 43 2576 291 1819 3 49 1027 12 406 75 207 75 
5 103 9 1 1523 368 1412 7 16 12 3 196 0 0 0 
6 57 11 4 1207 203 342 8 8 64 9 77 2 1 1 
9 128 24 12 1501 570 1822 27 23 382 34 150 19 13 4 
2 14 1 0 263 12 38 0 1 0 0 8 0 0 0 
10 107 41 4 1756 864 994 90 10 57 29 229 0 11 1 
3 74 2 1 732 74 1044 0 4 40 1 65 0 13 0 
11 120 44 11 1553 853 1109 82 36 245 68 107 14 15 1 
8 69 21 7 1066 264 367 25 14 127 23 136 5 32 3 
5 13 8 2 171 46 19 5 2 2 4 12 1 0 0 
10 260 29 16 3998 1134 2741 38 104 450 50 1172 18 274 14 
14 256 56 35 3804 1775 2633 100 116 957 146 552 80 182 38 
4 46 4 2 741 79 261 1 4 43 2 35 1 4 0 
2 69 1 0 1090 55 1207 0 7 0 0 131 0 0 0 
1 33 0 0 463 0 371 0 0 0 0 157 0 0 0 
2 16 0 1 280 0 63 0 0 16 0 9 0 0 0 
14 205 84 7 3285 2208 2239 282 97 171 80 583 2 46 0 
4 76 6 0 753 170 722 4 29 0 0 81 0 0 0 
4 63 5 1 697 133 741 2 3 36 2 64 0 7 0 
11 151 30 25 2117 541 2338 33 26 729 68 336 35 94 29 
16 168 113 7 2837 2156 1565 470 81 152 82 242 8 25 0 
14 268 74 17 4191 2181 2516 201 188 485 131 1256 23 221 9 
8 226 15 13 3481 543 2833 6 82 577 30 1089 12 149 8 
16 306 75 45 4822 2405 2406 168 220 1293 207 966 132 226 53 
11 161 37 18 2864 1042 1161 51 62 350 79 335 22 47 13 
12 198 56 10 2526 1675 3272 134 18 417 74 484 10 25 2 
3 17 0 3 303 0 51 0 0 32 0 13 0 1 1 
15 366 26 79 5085 767 3359 6 262 2237 69 1246 182 798 198 
10 146 19 26 2058 358 2347 12 29 720 35 332 46 89 27 
5 46 8 2 714 91 245 5 23 23 4 119 1 12 0 
2 17 1 0 382 17 55 0 0 0 0 15 0 0 0 
6 70 6 9 984 92 1012 1 6 232 9 208 3 7 7 
6 76 6 9 948 156 1102 2 6 192 5 205 8 10 5 
5 91 7 3 1116 261 2335 3 2 91 5 289 2 4 0 
13 72 72 6 1141 751 213 225 27 33 56 43 5 13 0 
15 268 70 35 3607 2398 4834 132 94 902 213 604 88 132 22 
2 58 1 0 661 58 1551 0 0 0 0 102 0 0 0 
1 1 0 0 58 0 0 0 0 0 0 0 0 0 0 
8 32 22 6 355 174 83 27 4 34 23 27 5 4 1 
6 21 8 7 135 24 25 3 16 15 7 7 9 17 1 
25 246 280 20 3406 4982 2857 1869 150 490 406 373 21 66 4 
11 124 36 19 1448 787 1542 44 26 389 79 257 34 6 8 
9 57 30 6 760 351 278 48 8 65 31 33 4 12 1 
7 48 20 1 590 271 420 30 8 1 5 43 0 0 0 
16 262 83 37 3409 2330 3484 205 107 1192 217 382 113 97 25 
4 29 4 2 562 58 71 0 0 27 4 32 0 1 0 
2 15 1 0 183 15 53 0 0 0 0 2 0 0 0 
6 77 15 0 838 383 1778 20 1 0 0 141 0 0 0 
5 77 10 0 944 300 1597 10 4 0 0 116 0 0 0 
12 102 48 18 1966 597 450 92 73 311 89 92 26 34 13 
13 338 62 16 3533 2782 6444 143 121 794 115 611 23 119 5 
13 135 72 6 2139 1190 637 235 117 144 36 117 15 26 0 
4 39 5 1 706 80 223 2 6 21 2 41 0 2 0 
8 96 24 4 1225 477 1606 36 7 165 16 135 4 8 0 
10 146 43 2 1555 1166 2828 104 18 72 16 196 0 20 0 
11 140 31 24 1870 573 2321 29 23 643 79 318 34 69 23 
10 149 29 16 1871 628 2598 38 28 529 48 187 22 64 12 
2 20 1 0 343 18 65 0 1 0 0 26 0 0 0 
7 94 17 4 1482 337 915 19 18 157 13 245 2 17 1 
15 238 80 25 3332 2123 2689 208 95 789 181 663 54 115 12 
7 120 15 6 1373 401 1894 13 16 265 16 154 4 11 2 
15 165 86 19 2686 1736 1441 251 54 362 168 436 29 52 7 
13 200 25 53 3336 504 1782 15 92 1258 47 496 136 227 88 
2 4 0 1 28 0 3 0 0 4 0 0 0 0 0 
3 6 2 1 59 9 5 0 0 3 1 1 0 0 0 
5 46 6 4 878 113 292 2 1 67 5 62 2 1 1 
4 61 3 3 769 67 718 0 0 90 3 51 0 13 1 
5 34 9 1 426 118 125 7 1 16 3 20 0 0 0 
6 81 14 1 859 345 821 16 4 46 4 96 0 3 0 
16 207 78 42 2812 1688 2989 175 30 1159 236 362 95 99 54 
1 8 0 0 133 0 21 0 0 0 0 7 0 0 0 
5 136 9 1 2123 466 2349 7 28 4 3 438 0 9 0 
14 270 78 13 4332 2538 2575 238 169 470 98 889 26 82 2 
10 220 41 4 3455 1601 2988 89 98 163 30 685 1 10 0 
15 142 94 11 1520 1629 1768 327 30 271 116 149 9 14 3 
10 100 21 24 1860 303 577 15 26 375 38 148 47 85 20 
10 156 42 3 2284 1181 1000 97 51 63 22 386 1 29 0 
21 480 133 77 6688 4646 4827 362 526 2594 568 1578 305 654 95 
7 186 16 5 2368 796 4559 15 32 152 16 480 3 52 1 
7 134 8 13 1759 164 2402 2 21 464 13 338 8 67 12 
5 100 9 1 1568 311 880 7 13 33 3 372 0 15 0 
6 76 15 0 1389 338 540 20 21 0 0 207 0 0 0 
19 431 121 50 5223 4668 7700 367 179 2292 393 984 170 220 39 
9 199 27 9 2273 983 3460 35 34 463 36 306 12 39 1 
8 106 26 2 1127 645 1939 44 11 67 12 170 0 4 0 
6 148 10 5 1655 432 2750 4 35 176 13 203 2 31 1 
6 57 15 0 1004 245 234 20 20 0 0 78 0 0 0 
6 113 10 5 1432 305 2378 6 13 170 10 349 2 32 2 
11 116 51 4 1912 929 1070 131 49 123 32 244 2 5 0 
7 73 10 11 1032 181 1020 4 2 243 15 208 8 5 8 
4 54 4 2 736 87 464 1 5 57 2 62 1 4 0 
1 41 0 0 615 0 605 0 0 0 0 215 0 0 0 
2 23 0 1 238 0 194 0 0 21 0 17 0 1 0 
15 342 85 20 5300 3352 4490 247 196 810 160 907 44 117 4 
10 115 43 2 1719 914 1341 105 35 47 14 144 1 2 0 
6 34 7 8 327 66 75 2 2 74 7 18 8 13 3 
7 102 15 6 1368 395 1116 13 12 181 15 361 6 6 1 
11 129 38 17 2361 702 1004 58 44 384 69 244 30 58 8 
5 139 8 2 1840 317 2833 5 26 151 4 247 1 18 0 
2 6 0 1 47 0 10 0 0 6 0 0 0 0 0 
9 81 24 12 1299 412 312 26 17 148 36 96 18 27 4 
11 108 53 2 1283 972 877 147 28 42 18 126 0 5 0 
1 10 0 0 108 0 43 0 0 0 0 2 0 0 0 
4 31 5 1 363 93 324 2 0 0 2 57 0 0 0 
1 22 0 0 205 0 212 0 0 0 0 19 0 0 0 
21 343 156 54 5305 4120 2988 560 162 1570 599 1262 86 423 85 
7 66 19 2 717 300 703 26 5 72 8 50 1 7 0 
4 101 5 1 1123 255 2016 2 10 18 2 161 0 5 0 
4 93 3 3 1103 152 1425 1 10 91 0 230 3 8 0 
3 17 0 3 303 0 51 0 0 32 0 13 0 1 1 
4 81 5 1 845 173 1063 2 2 40 2 69 0 13 0 
1 3 0 0 3 0 3 0 0 0 0 0 0 0 0 
3 33 3 0 421 60 372 1 3 0 0 37 0 0 0 
2 41 1 0 414 37 692 0 2 0 0 50 0 0 0 
14 233 71 20 2998 1934 3388 177 138 681 145 387 31 69 11 
1 33 0 0 579 0 360 0 0 0 0 168 0 0 0 
1 21 0 0 372 0 177 0 0 0 0 33 0 0 0 
2 34 1 0 500 32 255 0 1 0 0 66 0 0 0 
6 52 9 6 705 154 283 4 7 86 9 51 6 3 1 
10 78 39 6 1542 521 391 78 26 93 36 129 6 18 0 
1 3 0 0 3 0 3 0 0 0 0 0 0 0 0 
3 92 1 2 1232 41 1063 0 13 55 0 368 1 31 0 
3 5 2 1 47 5 10 0 0 5 1 0 0 0 0 
2 13 1 0 149 9 43 0 2 0 0 5 0 0 0 
1 1 0 0 15 0 0 0 0 0 0 0 0 0 0 
2 15 1 0 158 15 90 0 0 0 0 15 0 0 0 
12 253 53 13 3612 1792 4602 119 93 613 77 516 19 96 5 
8 149 25 3 2154 807 2283 40 22 168 15 339 0 12 1 
16 308 105 15 4614 3608 3637 373 176 502 167 660 17 79 3 
13 210 58 20 3459 1712 1585 123 93 492 118 825 33 65 12 
15 294 91 14 3074 3093 4985 300 90 697 133 462 17 73 5 
17 431 115 21 5952 4986 7327 416 246 1104 216 1114 45 157 3 
2 65 1 0 898 65 1843 0 0 0 0 237 0 0 0 
23 445 184 69 5080 5920 7526 704 182 2928 767 874 218 289 82 
5 94 10 0 1268 354 1969 10 11 0 0 198 0 0 0 
6 83 6 9 1521 91 515 2 19 166 5 151 8 60 5 
5 130 4 6 1803 201 1948 0 8 235 4 287 4 34 2 
10 66 35 10 1388 398 199 65 15 160 31 82 23 3 1 
8 91 25 3 1129 514 533 40 16 83 14 102 2 4 0 
1 3 0 0 23 0 3 0 0 0 0 0 0 0 0 
4 23 6 0 425 69 70 4 0 0 0 12 0 0 0 
11 375 27 28 4154 1617 7873 19 101 1505 63 674 60 213 23 
6 109 10 5 1436 258 1985 6 9 245 8 168 6 12 0 
6 137 13 2 1585 481 3467 13 8 150 6 341 1 19 0 
21 446 123 87 6725 4005 3755 322 373 2739 521 1490 329 715 158 
16 159 105 15 2259 1964 1246 376 54 139 164 833 14 87 6 
5 75 8 2 1224 228 465 4 4 48 6 113 0 8 0 
17 417 88 48 4694 3702 8270 193 126 2240 297 848 147 239 43 
4 52 6 0 503 146 729 4 5 0 0 68 0 0 0 
1 3 0 0 52 0 3 0 0 0 0 0 0 0 0 
4 118 2 4 1972 76 1427 0 4 182 1 557 2 44 1 
4 44 2 4 792 44 199 0 1 74 1 63 2 6 1 
10 149 43 2 1913 1230 2272 104 28 47 16 257 0 4 0 
5 21 5 5 191 39 56 2 0 39 2 19 5 3 1 
2 61 0 1 578 0 894 0 0 55 0 62 0 3 0 
10 163 38 7 2805 1095 1699 71 50 230 42 372 7 21 0 
10 136 44 1 1890 1074 1344 112 42 40 8 148 0 13 0 
44 711 786 160 8393 21873 6931 7832 846 4720 4408 1660 700 1144 304 
1 33 0 0 538 0 299 0 0 0 0 229 0 0 0 
5 82 8 2 959 232 1756 4 7 72 6 144 0 5 0 
8 189 23 5 2468 946 4425 29 12 215 25 473 1 69 1 
1 7 0 0 189 0 16 0 0 0 0 5 0 0 0 
4 32 4 2 563 81 109 1 0 15 2 120 1 0 0 
6 14 13 2 168 57 37 13 1 11 6 2 1 0 0 
2 39 0 1 531 0 348 0 0 37 0 69 0 1 0 
8 158 12 16 1915 428 2617 5 32 496 19 198 19 59 13 
6 99 6 9 1771 190 735 0 10 205 9 398 6 40 5 
3 36 3 0 702 50 235 1 11 0 0 96 0 0 0 
2 26 1 0 278 24 257 0 1 0 0 20 0 0 0 
3 29 2 1 278 27 103 0 5 17 1 31 0 2 0 
3 82 2 1 1032 83 1670 0 2 67 1 126 0 5 0 
4 91 5 1 1332 210 1720 2 17 19 2 177 0 5 0 
11 218 37 18 3249 1261 2269 56 70 571 67 430 31 104 11 
2 28 1 0 492 22 182 0 3 0 0 25 0 0 0 
10 221 34 11 2995 1166 3206 52 65 499 52 494 12 97 4 
2 69 1 0 899 55 1593 0 7 0 0 115 0 0 0 
1 6 0 0 94 0 11 0 0 0 0 4 0 0 0 
3 57 3 0 826 94 517 1 10 0 0 87 0 0 0 
7 167 15 6 2043 595 2655 10 52 253 20 214 5 25 0 
2 43 1 0 419 43 696 0 0 0 0 51 0 0 0 
8 106 24 4 1632 538 1035 35 22 150 18 202 3 5 0 
1 6 0 0 120 0 9 0 0 0 0 6 0 0 0 
15 318 85 20 3712 2996 5346 240 151 862 183 865 19 146 13 
8 229 16 12 3880 675 2652 11 84 468 26 926 11 146 8 
3 36 2 1 386 49 288 0 0 23 1 43 0 0 0 
13 288 65 13 3959 2554 3742 160 128 452 112 593 11 97 3 
2 8 0 1 184 0 11 0 0 4 0 1 0 2 0 
6 132 11 4 1480 338 3113 8 2 288 9 219 2 15 1 
24 578 180 96 7371 6725 6110 566 802 3401 913 1797 436 782 109 
3 51 2 1 992 64 354 0 10 16 1 255 0 1 0 
4 20 4 2 248 36 63 1 0 24 2 3 1 0 0 
12 134 63 3 2135 1283 1111 191 39 93 28 223 1 10 0 
7 107 15 6 1459 366 1230 12 35 156 16 124 7 25 0 
3 12 2 1 230 11 29 0 1 11 1 2 0 0 0 
7 39 19 2 700 192 100 26 12 18 8 12 1 0 0 
2 52 0 1 548 0 710 0 0 46 0 84 0 3 0 
6 82 8 7 1129 225 872 2 8 161 10 298 6 4 2 
5 110 4 6 1886 131 854 0 22 173 4 321 4 46 2 
2 50 1 0 830 46 414 0 2 0 0 211 0 0 0 
2 63 1 0 816 59 1557 0 2 0 0 106 0 0 0 
18 357 115 38 5509 3533 3163 362 313 1268 328 1356 98 321 28 
12 215 46 20 3766 1389 2581 83 91 642 85 666 41 76 11 
1 10 0 0 116 0 41 0 0 0 0 4 0 0 0 
21 505 156 54 6684 5959 6081 538 633 2109 600 1531 150 383 42 
3 16 3 0 277 26 29 1 3 0 0 8 0 0 0 
5 123 5 5 1730 166 1957 1 7 274 4 195 4 19 1 
1 10 0 0 182 0 37 0 0 0 0 8 0 0 0 
2 50 1 0 452 48 1047 0 1 0 0 82 0 0 0 
2 2 1 0 14 2 0 0 0 0 0 0 0 0 0 
2 10 1 0 115 10 34 0 0 0 0 2 0 0 0 
1 5 0 0 77 0 10 0 0 0 0 0 0 0 0 
10 101 41 4 1440 739 901 94 39 88 20 98 6 2 0 
8 173 24 4 2373 894 1502 36 45 89 17 855 2 69 1 
7 174 16 5 1890 716 2884 14 33 216 18 257 2 23 1 
6 124 12 3 1756 400 2000 10 10 172 8 199 2 14 0 
10 148 42 3 2275 1087 1854 98 42 151 20 238 2 5 0 
2 81 1 0 1061 79 1678 0 1 0 0 228 0 0 0 
8 198 24 4 3315 1053 2188 33 60 131 22 670 1 41 0 
1 3 0 0 20 0 1 0 0 0 0 2 0 0 0 
20 313 139 51 3957 3449 5266 464 129 1974 480 513 150 133 46 
13 246 60 18 2904 1880 3666 137 154 594 112 723 25 85 12 
3 22 1 2 195 15 60 0 0 25 0 12 1 2 0 
1 4 0 0 91 0 3 0 0 0 0 3 0 0 0 
1 13 0 0 268 0 61 0 0 0 0 17 0 0 0 
6 65 12 3 1097 209 326 9 19 64 10 101 1 7 0 
3 75 2 1 1164 79 1222 0 4 55 1 225 0 4 0 
1 3 0 0 62 0 2 0 0 0 0 1 0 0 0 
10 108 36 9 1850 676 960 62 30 218 45 237 12 9 1 
3 31 3 0 377 52 117 1 5 0 0 40 0 0 0 
5 90 7 3 1502 202 1019 2 27 78 7 255 1 13 0 
1 26 0 0 449 0 272 0 0 0 0 53 0 0 0 
2 27 0 1 394 0 149 0 0 15 0 50 0 6 0 
1 9 0 0 78 0 30 0 0 0 0 6 0 0 0 
1 5 0 0 14 0 8 0 0 0 0 2 0 0 0 
1 21 0 0 372 0 177 0 0 0 0 33 0 0 0 
2 36 0 1 791 0 302 0 0 24 0 85 0 6 0 
9 135 33 3 1938 846 988 66 54 64 15 203 3 31 0 
12 276 44 22 3212 1626 5038 73 130 882 93 773 35 134 19 
9 185 31 5 2379 1124 1965 53 75 128 27 563 4 39 0 
6 160 11 4 2288 493 3599 8 24 219 9 527 2 20 1 
2 13 1 0 171 9 27 0 2 0 0 9 0 0 0 
2 28 0 1 318 0 215 0 0 20 0 16 0 4 0 
6 197 11 4 2644 694 4531 7 37 101 10 603 3 58 0 
5 51 8 2 762 186 402 4 0 12 6 172 0 3 0 
4 108 5 1 1885 184 1093 2 40 34 2 454 0 13 0 
9 204 32 4 2584 1159 3115 57 111 163 26 695 1 44 0 
5 72 8 2 1162 220 549 4 9 40 6 99 0 5 0 
1 15 0 0 159 0 90 0 0 0 0 15 0 0 0 
2 2 0 1 31 0 1 0 0 2 0 0 0 0 0 
2 2 0 1 31 0 1 0 0 2 0 0 0 0 0 
4 109 6 0 1998 225 1085 4 51 0 0 490 0 0 0 
3 74 0 3 864 0 1008 0 0 110 0 54 0 19 1 
4 23 4 2 384 42 86 0 2 17 4 16 0 3 0 
2 5 0 1 156 0 2 0 0 5 0 2 0 0 0 
5 114 6 4 1567 246 1436 2 14 132 5 177 2 25 1 
12 325 55 11 3467 2449 6665 128 111 720 76 569 14 92 2 
5 51 8 2 662 154 344 5 3 42 4 115 1 1 0 
1 4 0 0 51 0 4 0 0 0 0 2 0 0 0 
1 2 0 0 8 0 0 0 0 0 0 1 0 0 0 
2 24 0 1 342 0 115 0 0 24 0 18 0 0 0 
1 7 0 0 189 0 16 0 0 0 0 5 0 0 0 
4 112 3 3 1586 147 1912 0 20 123 2 191 2 13 0 
1 15 0 0 159 0 90 0 0 0 0 15 0 0 0 
3 100 0 3 1521 0 1998 0 0 160 0 281 0 20 1 
5 243 5 5 2722 390 6422 1 30 396 5 573 2 63 2 
4 25 5 1 332 63 59 2 0 10 2 14 0 1 0 
4 3 4 2 34 5 1 1 0 4 2 0 1 0 0 
1 4 0 0 94 0 6 0 0 0 0 0 0 0 0 
4 36 5 1 641 77 176 2 0 23 2 59 0 4 0 
5 138 8 2 1750 422 3214 4 7 88 6 435 0 14 0 
2 50 0 1 932 0 490 0 0 34 0 191 0 8 0 
3 52 2 1 990 54 396 0 7 22 1 111 0 7 0 
2 10 1 0 144 10 14 0 0 0 0 6 0 0 0 
1 9 0 0 101 0 32 0 0 0 0 4 0 0 0 
1 7 0 0 49 0 19 0 0 0 0 2 0 0 0 
1 9 0 0 115 0 34 0 0 0 0 2 0 0 0 
3 27 3 0 567 54 192 1 0 0 0 43 0 0 0 
3 25 2 1 345 32 97 0 0 14 1 21 0 2 0 
4 72 4 2 1084 134 567 1 11 56 2 140 1 2 0 
2 55 1 0 535 49 1064 0 3 0 0 85 0 0 0 
5 68 10 0 713 250 777 10 11 0 0 58 0 0 0 
6 94 14 1 1576 396 882 16 27 20 4 350 0 0 0 
2 25 1 0 319 25 191 0 0 0 0 43 0 0 0 
4 48 5 1 486 112 321 2 2 20 2 25 0 4 0 
4 44 3 3 507 67 194 0 1 53 2 37 2 5 0 
1 15 0 0 168 0 98 0 0 0 0 7 0 0 0 
2 68 1 0 721 62 1590 0 3 0 0 108 0 0 0 
3 39 3 0 340 74 199 1 2 0 0 42 0 0 0 
1 10 0 0 116 0 41 0 0 0 0 4 0 0 0 
4 56 3 3 805 62 692 0 1 98 3 161 0 3 1 
3 14 3 0 313 28 28 1 0 0 0 39 0 0 0 
1 2 0 0 14 0 1 0 0 0 0 0 0 0 0 
1 58 0 0 662 0 1551 0 0 0 0 102 0 0 0 
1 9 0 0 148 0 33 0 0 0 0 3 0 0 0 
1 9 0 0 101 0 32 0 0 0 0 4 0 0 0 
2 6 0 1 42 0 7 0 0 4 0 0 0 1 0 
1 45 0 0 726 0 807 0 0 0 0 183 0 0 0 
2 108 0 1 1080 0 2733 0 0 68 0 178 0 20 0 
2 13 1 0 142 13 54 0 0 0 0 24 0 0 0 
2 5 0 1 13 0 4 0 0 3 0 0 0 1 0 
3 121 2 1 1330 132 2776 0 1 68 1 213 0 20 0 
1 4 0 0 46 0 4 0 0 0 0 2 0 0 0 
2 37 1 0 687 37 374 0 0 0 0 190 0 0 0 
4 34 5 1 708 63 161 2 6 17 2 79 0 5 0 
1 4 0 0 82 0 4 0 0 0 0 2 0 0 0 
3 129 2 1 1933 145 2071 0 16 49 1 663 0 16 0 
8 99 24 4 1598 533 706 34 11 102 20 138 2 18 0 
3 15 3 0 331 28 29 1 1 0 0 8 0 0 0 
1 73 0 0 924 0 2343 0 0 0 0 285 0 0 0 
1 2 0 0 28 0 1 0 0 0 0 0 0 0 0 
3 28 3 0 438 54 185 1 1 0 0 22 0 0 0 
5 67 9 1 908 210 456 7 6 16 3 121 0 15 0 
3 67 2 1 693 98 906 0 4 20 1 66 0 4 0 
2 46 0 1 564 0 394 0 0 16 0 116 0 15 0 
1 58 0 0 662 0 1551 0 0 0 0 102 0 0 0 
2 9 0 1 50 0 15 0 0 3 0 3 0 3 0 
2 30 0 1 578 0 206 0 0 26 0 40 0 2 0 
3 48 2 1 513 49 670 0 2 41 1 53 0 1 0 
1 10 0 0 108 0 43 0 0 0 0 2 0 0 0 
1 11 0 0 134 0 52 0 0 0 0 3 0 0 0 
1 24 0 0 246 0 256 0 0 0 0 20 0 0 0 
1 1 0 0 13 0 0 0 0 0 0 0 0 0 0 
1 13 0 0 205 0 71 0 0 0 0 7 0 0 0 
1 5 0 0 94 0 9 0 0 0 0 1 0 0 0 
1 58 0 0 662 0 1551 0 0 0 0 102 0 0 0 
1 6 0 0 48 0 14 0 0 0 0 1 0 0 0 
5 68 10 0 1396 186 371 10 43 0 0 212 0 0 0 
1 13 0 0 296 0 62 0 0 0 0 16 0 0 0 
2 12 1 0 235 6 27 0 3 0 0 4 0 0 0 
4 195 2 4 2532 155 5131 0 15 284 1 616 2 58 1 
1 5 0 0 132 0 6 0 0 0 0 4 0 0 0 
1 22 0 0 424 0 187 0 0 0 0 44 0 0 0 
2 6 1 0 81 6 9 0 0 0 0 1 0 0 0 
1 11 0 0 134 0 52 0 0 0 0 3 0 0 0 
3 33 3 0 629 62 153 1 2 0 0 75 0 0 0 
3 37 3 0 553 70 281 1 2 0 0 119 0 0 0 
1 9 0 0 146 0 34 0 0 0 0 2 0 0 0 
2 25 1 0 450 25 197 0 0 0 0 37 0 0 0 
4 87 5 1 1433 206 1129 2 7 23 2 261 0 9 0 
1 39 0 0 387 0 691 0 0 0 0 50 0 0 0 
3 130 2 1 1559 129 3512 0 3 91 1 344 0 17 0 
3 22 2 1 303 24 86 0 0 20 1 9 0 0 0 
1 1 0 0 65 0 0 0 0 0 0 0 0 0 0 
1 9 0 0 78 0 30 0 0 0 0 6 0 0 0 
2 5 0 1 13 0 4 0 0 3 0 0 0 1 0 
1 4 0 0 94 0 6 0 0 0 0 0 0 0 0 
1 62 0 0 704 0 1752 0 0 0 0 139 0 0 0 
3 20 2 1 258 21 49 0 3 7 1 10 0 3 0 
1 7 0 0 69 0 14 0 0 0 0 7 0 0 0 
2 29 1 0 726 25 142 0 2 0 0 60 0 0 0 
1 2 0 0 5 0 0 0 0 0 0 1 0 0 0 
2 49 0 1 1061 0 395 0 0 29 0 211 0 10 0 
1 7 0 0 96 0 17 0 0 0 0 4 0 0 0 
1 43 0 0 711 0 743 0 0 0 0 160 0 0 0 
1 62 0 0 704 0 1752 0 0 0 0 139 0 0 0 
2 108 0 1 1080 0 2733 0 0 68 0 178 0 20 0 
2 108 0 1 1080 0 2733 0 0 68 0 178 0 20 0 
2 20 1 0 236 14 89 0 3 0 0 17 0 0 0 
1 14 0 0 165 0 72 0 0 0 0 19 0 0 0 
2 24 0 1 258 0 234 0 0 24 0 19 0 0 0 
1 14 0 0 142 0 80 0 0 0 0 11 0 0 0 
4 90 5 1 1034 208 1742 2 0 58 2 190 0 2 0 
2 54 0 1 928 0 987 0 0 50 0 115 0 2 0 
3 63 2 1 942 63 598 0 5 47 1 125 0 3 0 
1 4 0 0 77 0 6 0 0 0 0 0 0 0 0 
1 24 0 0 246 0 256 0 0 0 0 20 0 0 0 
1 20 0 0 344 0 163 0 0 0 0 27 0 0 0 
1 11 0 0 215 0 35 0 0 0 0 20 0 0 0 
1 62 0 0 704 0 1752 0 0 0 0 139 0 0 0 
1 48 0 0 444 0 1047 0 0 0 0 81 0 0 0 
1 48 0 0 444 0 1047 0 0 0 0 81 0 0 0 
2 108 0 1 1080 0 2733 0 0 68 0 178 0 20 0 
2 108 0 1 1080 0 2733 0 0 68 0 178 0 20 0 
2 108 0 1 1080 0 2733 0 0 68 0 178 0 20 0 
1 9 0 0 149 0 34 0 0 0 0 2 0 0 0 
1 62 0 0 704 0 1752 0 0 0 0 139 0 0 0 
2 11 1 0 131 11 39 0 0 0 0 6 0 0 0 
2 66 1 0 908 66 1843 0 0 0 0 237 0 0 0 
1 21 0 0 327 0 191 0 0 0 0 19 0 0 0 
1 37 0 0 558 0 443 0 0 0 0 223 0 0 0 
1 15 0 0 207 0 63 0 0 0 0 42 0 0 0 
1 9 0 0 149 0 20 0 0 0 0 16 0 0 0 
1 1 0 0 24 0 0 0 0 0 0 0 0 0 0 
2 24 1 0 245 24 256 0 0 0 0 20 0 0 0 
1 62 0 0 704 0 1752 0 0 0 0 139 0 0 0 
1 62 0 0 704 0 1752 0 0 0 0 139 0 0 0 
1 15 0 0 168 0 98 0 0 0 0 7 0 0 0 
1 12 0 0 186 0 48 0 0 0 0 18 0 0 0 
