-10 -18 -562 -73 -325 -6520 1609 -14796 68 -1398 -4342 -322 -672 -31 -75 
0 -10 0 0 -18 0 -552 0 0 0 0 -73 0 0 0 
15 283 159 51 3323 5499 4906 668 199 1616 602 703 197 175 38 
4 99 33 21 1215 1413 802 88 71 574 135 396 96 32 21 
-13 64 -190 -304 628 -1365 1358 -1175 310 -4019 -2978 539 -2589 -71 -2488 
-12 103 -244 -326 1532 -1147 1663 -2126 785 -3172 -4908 545 -3718 102 -2572 
-5 74 -32 -223 1064 675 -321 458 973 -2690 -2846 301 -1816 28 -2176 
-4 -12 -29 -13 -288 -415 -300 -58 3 -293 -90 -79 -37 7 -17 
-2 18 61 -130 446 1340 293 297 577 -2334 453 5 -303 -273 -1603 
1 22 86 -46 -399 2818 550 706 -155 306 677 -116 281 -712 -884 
-3 14 11 -113 -199 1138 418 41 237 -1606 -156 65 -268 -487 -1301 
-2 -19 54 -135 913 605 -223 524 355 -2714 79 -61 -426 -157 -1777 
-10 154 -112 -303 1118 1658 3914 -505 766 -3336 -2623 780 -2639 190 -2678 
-12 97 -238 -248 341 -1447 1947 -1947 269 -1885 -3372 356 -2133 118 -2218 
-1 -3 -11 4 -275 -490 692 -14 -19 249 -17 -362 4 7 6 
14 109 814 117 -141 15962 50 21533 258 2539 7554 -398 1329 175 188 
4 21 42 4 510 617 -362 138 40 38 85 -52 20 13 1 
-7 36 -23 -229 681 496 528 68 470 -3481 -932 332 -1426 -155 -2134 
-2 -13 23 -92 -243 641 -98 176 264 -1214 -187 -36 -36 -743 -1109 
-19 59 -455 -381 1525 -6344 1527 -4596 464 -4258 -6812 725 -3962 178 -2889 
-4 -53 -36 -18 -277 -1158 -1327 -121 -10 -463 -144 -279 -45 13 -30 
-2 48 95 -160 710 2805 642 834 596 -2479 198 240 -486 -539 -1570 
-7 35 -41 -176 285 232 766 -208 284 -2343 -593 189 -705 -303 -1763 
2 -40 118 -59 380 2142 -770 492 367 -1606 869 -215 422 -769 -942 
-3 -103 -16 -26 -1182 -633 -1081 -19 -39 -880 -125 -963 -97 -256 -33 
-16 -140 -345 -159 204 -8823 361 -2647 -409 -2657 -3362 -616 -1325 -1205 -522 
-6 -16 -69 -186 1260 -936 844 -350 290 -3102 -1669 201 -1654 -512 -1627 
1 4 9 4 625 157 -348 24 21 -19 26 -257 29 16 -1 
-10 13 -123 -242 145 -1230 847 -588 405 -3513 -2192 468 -1662 -362 -2078 
2 -51 74 -19 -818 588 -315 710 -67 -616 164 -398 -26 -225 -119 
0 -2 23 -23 -343 76 -590 307 111 -254 -161 -127 -1 -49 -145 
8 51 133 15 1120 2616 -588 884 123 356 350 -133 73 20 9 
-9 -82 -75 -177 -537 -1373 -323 -272 85 -3186 -1083 186 -693 -931 -1384 
-3 29 17 -113 -715 1222 1094 156 279 -1217 -207 151 -251 -625 -1187 
3 20 136 -52 401 4258 378 828 352 -803 814 -154 104 -933 -611 
-1 -61 32 -52 74 1068 -1078 65 183 -1070 64 -380 210 -995 -529 
3 35 44 34 -72 1392 1956 292 -77 1802 305 -979 312 -74 67 
0 -82 65 -65 790 558 230 1653 -64 -1998 -812 -579 -540 -1020 -301 
-6 -21 -92 -139 365 -624 1572 -421 35 -1809 -2102 -79 -967 -1076 -850 
6 41 40 35 1089 973 -344 83 46 780 194 -353 121 15 42 
12 78 170 100 653 4496 462 719 383 2324 1211 -1074 827 179 217 
-8 -77 -151 -109 -168 -3454 1652 -1138 -248 -1806 -1622 -658 -955 -892 -401 
-9 -58 -52 -173 -479 -961 807 -115 59 -3119 -653 322 -624 -930 -1338 
-4 8 65 -195 338 2568 312 894 401 -3474 -567 428 -759 -836 -1618 
9 7 335 34 452 5745 -643 4813 701 523 2279 -802 396 -442 -78 
1 34 1 2 513 24 443 0 14 97 2 101 1 8 0 
-2 -75 -35 -4 -1465 -1389 -651 -157 -125 -79 -197 -463 6 -169 -13 
-6 -13 -42 -15 -438 -372 13 -95 -17 -116 -110 11 -35 -6 -11 
3 46 15 6 692 275 289 21 29 103 24 31 15 32 4 
1 26 8 1 -59 379 1346 21 9 34 13 52 2 20 0 
-1 -38 0 -2 -528 0 -689 0 0 -96 0 -294 0 1 -1 
18 65 691 110 883 13153 -1385 11177 522 1698 5715 -692 565 246 207 
-5 55 -117 -3 -383 -739 2469 -1182 26 229 -166 88 -37 14 0 
-23 -122 -660 -352 1403 -12020 -249 -7012 -105 -5570 -9773 380 -3407 -964 -2072 
2 -123 57 8 187 -566 -1920 547 -196 -453 437 -1299 3 -738 37 
-15 -223 -63 -237 -2302 -2253 -2551 -80 -39 -5204 -697 253 -589 -1418 -1624 
-2 -51 26 -57 -727 637 -343 9 220 -1015 82 -391 141 -771 -457 
10 71 552 53 -42 11152 -24 13769 335 1691 3342 -738 897 -309 32 
-2 -83 -8 -5 -847 -374 -2137 -10 -22 -267 -18 -160 -4 -39 -4 
0 -38 41 -41 568 -202 -1648 1454 142 -1706 -1045 -484 -345 -100 -64 
1 0 2 4 -73 -4 -3 2 6 7 -1 -8 12 4 2 
-1 4 -3 -2 -85 -9 19 -1 11 -28 -7 -1 0 5 -2 
-5 -134 -39 -21 -1770 -1379 -1776 -114 -65 -810 -146 -822 -63 -186 -12 
-12 -216 -249 -57 -2178 -7415 -1992 -2254 -315 -1771 -1259 -1209 -254 -462 -53 
-1 -68 -2 -4 -797 -104 -846 0 -5 -233 -4 -713 -8 -64 -3 
8 64 61 15 682 1308 174 171 46 424 123 -55 45 28 5 
11 168 348 26 1159 7673 3091 5123 132 904 958 267 141 60 4 
-2 -42 -7 -10 -352 -385 335 -4 -43 -423 -34 30 -22 7 -4 
-8 -51 -495 -37 -412 -8092 548 -14060 -112 -468 -3117 -879 -253 -209 -14 
-5 -43 -117 -108 351 -2288 601 -1081 -3 -1625 -2219 -260 -941 -996 -714 
7 9 19 16 56 124 -12 14 7 57 28 -6 35 5 7 
0 3 0 0 43 0 10 0 0 5 0 1 0 -1 0 
2 38 14 -1 486 269 230 35 7 9 2 53 -1 -2 0 
7 156 50 27 1528 1747 2047 95 171 749 167 439 94 128 43 
-2 -11 -1 -2 -114 -18 -14 0 0 -18 0 -20 -1 -3 0 
9 -49 218 79 -349 2995 -762 1815 65 871 2080 -1493 601 -173 286 
-4 -60 -35 -23 -219 -830 -1412 -118 13 -842 -168 -108 -79 -69 -29 
-9 -125 -143 -37 -670 -2782 -2487 -1026 -35 -1394 -549 -122 -130 -133 -35 
1 77 6 20 690 1843 1863 -23 73 277 174 122 132 38 42 
-1 38 -22 -3 419 126 1324 -155 102 140 -114 -355 -55 12 24 
2 44 11 4 578 354 656 17 12 40 21 210 8 8 3 
3 9 68 7 99 1139 -63 553 61 -49 255 -71 116 -63 -23 
0 -5 0 0 60 -13 -411 0 7 -1 0 -269 0 -10 0 
-1 28 -5 -1 227 87 324 -10 15 -23 -5 116 0 -1 0 
3 10 89 -5 604 1420 -1190 1134 148 -390 6 -37 5 -23 -10 
3 48 33 15 286 851 664 50 24 538 144 6 180 -27 -13 
2 35 5 2 727 151 428 3 6 63 6 80 0 9 0 
-5 -36 -55 -5 -807 -1077 -674 -268 -30 -100 -59 -162 -8 -6 0 
3 87 250 -106 151 6431 856 3990 578 -922 997 66 -59 -175 -1543 
-3 0 -24 -93 129 124 998 35 198 -967 -1114 -70 -238 -906 -907 
1 10 4 0 249 37 16 3 2 10 4 22 -1 0 0 
-3 -99 -18 -72 390 -1079 -596 150 -56 -2225 -717 -854 -537 -704 -202 
-7 -61 -219 -96 58 -4073 -242 -2531 119 -1358 -3261 -589 -700 -1020 -452 
-1 -57 -4 -19 -833 -417 -911 26 -8 -1063 -139 -166 -105 -90 -35 
-5 -128 -81 -34 -1510 -3402 -1625 -507 -33 -1125 -525 -914 -178 -311 -60 
3 7 20 22 833 462 -571 18 102 708 139 -945 92 -111 25 
3 -20 34 -4 93 463 -1469 145 20 -249 -1 -334 -6 -6 -2 
3 61 26 4 705 814 1649 82 51 232 37 -72 12 42 5 
-1 3 -5 0 -42 -37 0 -1 0 16 -8 -7 -3 5 2 
1 6 0 5 6 -29 42 -2 11 38 4 0 7 10 1 
-9 -105 -392 -85 2 -9235 -46 -7662 -110 -2685 -3896 -912 -750 -428 -124 
2 12 32 17 -106 930 251 169 164 472 295 -921 73 -150 39 
-1 -53 0 -11 -683 21 -785 6 -12 -508 -17 -475 -19 -151 -25 
2 84 78 -35 1035 2291 1091 595 216 -469 58 176 -33 0 -179 
-5 -51 -76 -14 -814 -2289 941 -473 -81 -443 -238 -511 -49 -53 -10 
3 61 21 9 475 839 523 53 11 263 61 -242 13 87 9 
0 -8 0 0 60 -14 -127 0 -1 0 0 -13 0 0 0 
2 17 12 7 518 219 138 20 -4 119 50 -228 4 21 7 
-4 -19 -5 -5 -333 -44 -157 -1 0 -44 -5 -31 -2 0 -2 
-3 -20 -1 -5 -333 -22 -157 0 0 -47 0 -31 -2 0 -2 
-1 -92 6 -27 -70 -815 -2240 150 99 -1427 -191 -58 -129 -119 -40 
-4 -45 -19 -15 -427 -520 -689 -21 1 -624 -67 -49 -26 -86 -16 
-5 25 -96 -49 -301 -1222 1603 -647 -141 -195 -951 -383 -277 -233 -160 
-6 -156 -30 -45 -1331 -1139 -1257 -48 -93 -1207 -158 -1096 -98 -855 -136 
-5 -83 -125 -15 -862 -3891 -1203 -1198 -73 -474 -647 -296 -42 -32 -8 
-1 44 -20 9 395 -206 878 -84 1 342 -3 166 21 64 11 
-1 -33 -22 2 -214 -957 -765 -201 58 -124 10 -27 5 -17 -4 
4 1 82 8 366 1602 -729 619 46 -254 320 -44 29 -66 2 
-1 -28 0 -3 -478 0 -175 1 0 -86 -3 -147 0 -15 -1 
-1 -37 -2 0 -529 -50 -389 -1 -26 0 0 -218 0 0 0 
3 64 30 6 523 1131 1563 115 25 259 70 74 10 44 4 
2 12 43 -2 222 1147 4 377 15 -247 42 -75 -17 -24 -2 
0 -20 5 -5 -308 -13 -158 4 0 -47 0 -30 -2 0 -2 
1 4 1 2 431 29 -355 0 6 58 1 -54 2 -1 0 
-6 -92 -74 -79 -1106 -1679 222 -313 -167 -2181 -914 -518 -485 -463 -171 
-10 -93 -114 -81 -1170 -2638 -1302 -433 -74 -1688 -816 -514 -371 -104 -225 
-5 -104 -49 -16 -765 -1431 -2475 -206 5 -1119 -114 -146 -55 -125 -20 
3 1 73 2 355 1528 -698 680 109 -308 223 10 14 -34 -16 
1 4 1 1 100 4 8 0 0 4 1 1 0 2 0 
2 1 6 3 87 77 -526 7 2 66 6 -36 3 1 0 
1 -21 10 0 -141 105 -890 32 -6 -78 19 -163 -7 -11 1 
2 14 7 2 337 116 27 7 8 40 8 13 1 0 0 
-1 -3 -7 0 -256 -101 107 -17 -4 4 -4 5 0 -5 0 
4 103 10 4 1351 382 2333 8 6 153 8 289 4 8 0 
-1 -47 -2 -2 -521 -125 -792 -1 -12 -49 -3 -422 -2 -26 0 
5 84 14 11 1062 347 1267 6 15 255 32 210 12 13 5 
1 52 6 1 485 411 1605 9 16 6 13 159 -1 20 0 
1 41 1 1 494 41 663 0 13 38 0 143 1 14 0 
1 -51 -1 7 -497 -229 -1644 -2 -6 81 3 -39 6 -11 8 
-3 -21 -6 -21 -333 -93 366 -3 46 -604 -23 -412 -47 -146 -36 
-2 56 -25 -12 133 -74 1138 -121 78 38 -115 -59 -69 71 -19 
4 27 15 11 532 205 26 12 16 147 28 7 29 16 5 
-1 -61 -1 -2 -576 -65 -1860 0 0 -135 -1 -153 -1 -27 -1 
0 2 0 0 -64 0 66 0 0 4 0 2 0 -1 0 
-2 -37 0 -5 -693 30 -417 0 2 -217 0 -113 -2 -21 -2 
-1 -49 2 -9 -732 98 -756 11 -41 -333 -12 -646 -16 -75 -4 
-3 -56 -19 -47 -698 -633 837 -25 -84 -1177 -225 -612 -295 -279 -149 
-4 -111 -36 -10 -1228 -1409 -2445 -145 -75 -404 -69 -256 -27 -36 -3 
-1 -15 -3 -2 -315 -54 -80 -3 4 -61 -4 -23 -1 2 -2 
-1 -53 -2 -3 -705 -125 -634 -1 -7 -124 -6 -72 -2 -14 -1 
2 64 8 1 729 284 848 12 21 36 4 67 0 7 0 
4 -10 34 24 501 1005 -919 70 241 147 145 -1012 122 -21 57 
1 -27 23 -3 -338 410 15 129 -30 -147 75 -273 2 -196 -16 
-17 -206 -224 -269 -190 -5989 -1563 -1012 -379 -5467 -2719 485 -1681 -1495 -1694 
2 120 15 8 840 1133 3355 51 28 383 43 248 24 61 3 
-1 -43 -7 -5 -167 -391 -1084 -14 -5 -232 -32 -101 -14 -51 -6 
-1 -39 0 -1 -661 0 -445 0 0 -58 0 -11 0 -27 0 
6 21 141 42 320 2533 -357 1143 272 1104 1130 -1204 335 -70 100 
6 89 11 58 1547 162 637 -1 187 1570 38 -746 160 401 174 
2 5 4 5 33 2 11 2 11 9 5 -3 8 12 1 
2 3 18 1 204 205 -1017 68 9 59 11 -33 2 6 0 
4 145 28 26 906 1465 3002 85 30 1372 140 137 57 215 58 
2 33 20 5 283 476 534 13 37 251 46 -30 125 -22 -40 
-6 1 -34 -47 -898 -380 765 -38 -7 -696 -161 -34 -146 4 -170 
-2 40 -9 -2 536 78 1115 -15 7 -22 -9 115 0 -18 -1 
2 2 5 4 188 56 -58 4 -1 64 9 -12 2 1 1 
2 48 2 1 402 74 761 0 4 40 1 23 0 13 0 
-2 -62 -8 -9 -789 -301 -1470 -11 -16 -335 -26 -115 -21 -14 -6 
0 -11 0 0 -198 -22 -22 1 -2 -6 -2 -20 1 -6 0 
-3 -105 -7 -26 -772 -367 -1065 6 72 -503 -90 -1089 -2 -657 -80 
4 36 31 15 442 807 576 74 24 461 96 -187 58 16 16 
0 4 0 0 92 -3 55 1 3 9 -2 -9 1 0 0 
-2 -90 -2 -3 -1080 -113 -2351 -1 -3 -231 0 -274 -3 -29 0 
0 0 0 0 -47 0 20 0 0 0 0 -8 0 0 0 
2 36 28 -3 -13 861 712 141 46 -147 19 9 -13 0 -3 
1 29 3 0 182 88 343 3 23 0 0 29 0 0 0 
0 -41 0 0 -511 -326 -714 1 -4 -36 6 15 -15 -20 8 
-1 -3 -2 -2 -64 10 146 -1 2 -60 -4 23 -1 -9 0 
-2 -81 -5 -24 -412 -229 -614 16 37 -602 -115 -1046 -36 -497 -61 
1 10 0 7 244 -6 619 -7 -63 400 14 -560 8 9 6 
1 10 13 2 -102 351 -11 59 81 69 12 -79 43 -68 -9 
-2 -121 13 -34 -659 323 -1220 31 136 -802 -6 -997 -15 -808 -110 
-2 -14 -4 -1 -23 -95 -501 -2 -2 -67 -2 -76 0 -1 0 
-2 -40 -3 -2 -258 -96 -777 -1 -2 -136 -2 -95 -1 0 0 
5 53 14 21 852 252 738 11 27 502 30 128 44 67 25 
-5 -93 -21 -14 -1324 -483 -1761 -32 1 -462 -46 -124 -20 -62 -12 
1 -3 8 3 99 136 -72 23 -4 50 27 -311 5 -5 0 
-1 -4 -1 -1 75 -7 -9 0 0 -18 -1 4 0 0 0 
4 82 39 47 472 1411 1726 120 -30 1663 415 -211 248 96 101 
-1 -2 -20 10 67 -274 -14 -94 -13 141 26 -41 18 14 5 
6 159 40 29 2180 1735 3413 81 68 777 188 375 81 116 21 
5 104 28 7 1581 853 1125 60 21 148 41 393 7 -1 2 
1 3 6 1 106 48 6 7 -7 8 18 14 -5 4 1 
1 10 2 3 74 3 21 1 15 2 2 1 7 13 0 
1 51 0 5 736 56 962 0 4 196 3 204 0 7 7 
0 -17 -2 2 93 -210 -507 -19 10 -34 16 -64 3 10 0 
11 100 194 15 1312 3486 479 1558 126 192 359 117 16 38 3 
4 69 17 17 768 488 1155 18 15 382 71 206 33 5 8 
4 68 6 8 783 156 1081 2 6 184 5 205 8 10 5 
0 -41 -5 5 -948 -398 -784 -29 -9 64 24 -220 4 12 1 
0 -1 0 0 -12 -1 -5 0 0 0 0 -5 0 0 0 
0 -7 1 -1 -117 44 -414 4 -2 -71 -4 -39 0 -2 0 
3 8 9 0 257 231 -506 10 4 0 0 -59 0 0 0 
3 -11 17 13 617 -134 -1849 39 52 186 61 -101 24 31 12 
8 206 53 15 1838 2371 4394 136 104 735 112 340 23 107 5 
5 66 48 2 1194 834 221 200 99 63 18 81 12 21 0 
0 -16 0 0 -179 -70 -279 0 1 16 0 -68 0 2 0 
1 -3 6 1 -133 45 -446 15 3 25 3 -81 3 1 0 
4 82 18 16 781 429 2059 19 13 523 66 225 25 37 20 
-1 -13 -8 -2 -116 -198 -437 -19 6 -69 -17 -80 -10 -12 1 
-2 -76 -2 -3 -867 -86 -2131 0 -5 -152 -3 -174 0 -10 -1 
2 8 10 1 265 231 -409 12 10 27 13 -51 -2 -3 2 
1 -4 20 2 233 261 -421 187 9 -96 33 18 7 -31 4 
3 69 31 8 1244 995 843 126 19 167 86 237 18 27 5 
-3 -30 -33 -15 -1430 -734 453 -137 -32 -338 -152 -277 -53 -44 -19 
11 122 191 73 1036 6444 1529 1052 550 2033 1454 -1038 417 -22 168 
0 15 -1 1 173 -66 588 7 -12 264 -38 56 44 3 -13 
0 -2 0 0 -19 0 -2 0 0 0 0 -1 0 0 0 
-1 26 -1 -3 303 82 323 2 0 -3 -7 57 0 -3 -1 
0 -8 0 0 -78 -37 -56 0 0 5 0 -5 0 0 0 
-2 16 -11 -2 47 -29 387 -24 -2 -21 -10 35 -2 2 0 
8 -4 63 29 288 1100 -1136 169 -1 534 205 -3 85 -2 45 
3 32 13 8 327 278 -289 21 11 244 22 -34 17 0 4 
4 108 19 7 1029 653 1863 38 8 281 24 163 11 7 1 
0 4 0 0 108 0 15 0 0 0 0 7 0 0 0 
2 44 6 1 630 304 741 6 17 4 3 181 0 9 0 
-6 -167 -105 -36 -1940 -4078 -2062 -761 -152 -862 -701 -1236 -38 -581 -95 
2 -25 37 -12 -512 1011 -471 181 33 -486 3 -569 -23 -163 -17 
1 52 4 1 568 208 1971 4 5 87 5 235 0 8 1 
4 8 17 13 383 229 -143 15 12 119 34 1 39 34 12 
-2 -32 -5 -10 -692 -93 -120 -6 0 -301 -16 -70 -15 -38 -12 
-3 -53 -16 -2 -508 -614 -1072 -30 -22 -84 -14 -150 -2 -23 0 
1 -55 8 2 -291 -376 -1029 26 3 -70 17 -498 1 6 1 
1 43 2 4 191 183 250 -2 10 140 14 -40 2 23 1 
-8 -160 -87 -109 -536 -2630 -1071 -313 -145 -2676 -981 -541 -512 -1362 -518 
2 19 3 4 392 61 91 1 0 67 5 7 2 1 1 
3 119 10 5 1468 601 3011 11 29 152 16 309 3 52 1 
5 26 34 11 627 721 -424 106 24 202 31 -151 45 5 3 
0 -1 0 0 -19 0 2 0 0 0 0 -5 0 0 0 
0 18 0 0 114 0 307 0 0 0 0 116 0 0 0 
1 17 4 2 42 48 588 2 16 101 9 101 0 19 4 
-2 -66 -8 -7 -734 -322 -1944 -9 0 -274 -29 -152 -11 -14 0 
-5 -72 -104 -1 -675 -3603 -78 -769 -106 94 -300 -423 14 -45 0 
-3 -92 -21 -9 -721 -774 -2751 -57 1 -633 -52 -168 -16 -102 -11 
6 93 25 2 766 634 1901 44 10 67 12 152 0 4 0 
2 20 19 6 409 621 -252 90 18 -9 18 -116 34 -12 2 
0 -16 2 -2 -2 118 -508 2 14 -162 3 -49 -4 -32 -1 
0 -17 4 -4 -598 -14 -127 28 4 -159 -25 -71 -2 6 -1 
0 1 0 0 -104 6 64 0 -4 5 0 -6 0 0 0 
1 87 13 -2 667 750 3395 54 34 203 6 276 -4 51 -1 
6 27 129 24 611 1858 -363 1210 74 698 522 3 129 43 22 
0 1 0 0 -4 0 18 0 0 1 0 2 0 0 0 
-4 -87 -37 -29 -1456 -1344 -914 -133 -61 -1114 -223 -415 -124 -177 -34 
-2 -92 -9 -12 -1352 -507 -1346 -13 -14 -579 -56 -267 -25 -64 -6 
0 -2 0 0 -66 0 -4 0 0 -2 0 -7 0 0 0 
-1 -27 -1 0 -219 -47 -335 0 -1 0 0 -22 0 0 0 
5 -36 71 19 252 1098 -680 343 -35 667 354 -1041 37 -260 36 
-1 -65 -1 -6 -578 -207 -1868 6 -8 -268 -18 -142 -7 -15 -2 
-1 -1 -2 -2 -69 -25 -355 0 -2 -76 -5 -32 -1 0 0 
-3 -161 -91 -8 -298 -4541 -2483 -880 -501 -219 -732 -1007 81 -771 -54 
2 78 9 10 1411 517 637 12 48 249 44 147 13 42 12 
9 169 63 18 2305 2350 2737 184 91 331 135 372 24 63 11 
2 7 0 3 102 0 13 0 0 32 0 6 0 1 1 
0 5 2 -2 -44 35 0 7 7 -12 -6 10 -1 -6 0 
0 6 1 -1 2 9 34 0 2 -7 0 3 0 0 0 
-1 -5 -7 -4 -317 -73 162 -20 -3 -84 -29 8 -5 0 -1 
1 -1 0 1 -51 0 -3 0 0 4 0 -4 0 0 0 
-1 -6 -5 0 -22 -49 -19 -8 -8 8 2 7 -5 3 1 
2 75 2 3 967 140 1350 1 7 91 0 224 3 8 0 
0 2 1 -1 155 32 40 1 1 -28 -1 15 0 -1 0 
0 13 0 0 59 13 409 0 0 0 0 7 0 0 0 
0 6 0 0 21 0 135 0 0 0 0 42 0 0 0 
3 28 7 5 449 120 201 4 6 76 8 33 6 2 1 
0 59 -5 5 694 346 922 -33 29 166 22 71 10 10 1 
-1 2 -2 0 -134 -24 85 -1 -3 0 0 7 0 0 0 
1 4 -1 3 188 -13 10 0 0 32 0 6 0 1 1 
5 33 29 6 810 351 129 68 21 93 36 59 6 18 0 
0 11 0 0 -48 22 431 0 -2 -3 0 -37 0 9 0 
-2 -17 -2 -1 -109 -139 -573 0 -2 -7 -1 -73 0 0 0 
1 19 1 1 252 41 63 0 13 12 0 -38 1 16 0 
0 -2 0 0 -66 -2 -4 0 0 -2 0 -7 0 0 0 
2 -4 16 13 44 269 -223 49 2 207 74 -37 63 -4 10 
0 -66 4 -4 -1232 -117 -472 13 -103 -219 12 -549 -19 -125 -6 
-2 8 -5 -4 213 33 725 -4 -5 -137 -7 28 -4 -14 -1 
-1 7 -9 -6 311 20 -215 -31 33 -251 -51 44 -22 -12 -1 
-1 22 -3 0 192 -70 648 0 -2 40 -2 9 -2 13 1 
3 14 7 8 36 74 -1017 3 8 233 18 -107 8 26 2 
0 10 0 0 71 10 542 0 0 0 0 53 0 0 0 
-2 -11 -35 -12 -275 -999 530 -198 -27 -93 -251 6 -77 -4 -3 
2 39 22 5 -109 523 1185 104 7 191 56 20 6 12 3 
3 74 18 6 834 692 1162 36 16 293 38 214 8 45 3 
4 112 17 5 1055 735 3712 25 2 215 25 306 1 69 1 
0 -17 3 -3 -368 47 -362 6 -3 -96 0 -132 -6 -15 0 
1 -1 5 -1 108 108 -382 8 4 -15 -2 -40 0 -5 0 
2 33 17 2 241 359 441 39 30 97 34 105 10 3 -2 
1 -57 8 -2 -458 9 -1956 16 9 -249 4 -167 -5 -12 0 
5 67 23 2 976 480 440 40 16 71 13 92 2 3 0 
0 1 0 0 -10 0 2 0 0 0 0 0 0 0 0 
1 -10 3 0 128 5 -293 3 -1 0 0 -13 0 0 0 
0 73 -1 1 509 314 2029 -8 48 222 4 136 7 49 -3 
-1 -93 -7 -9 -1043 -919 -1177 1 -12 -290 -100 -1032 -13 -207 -8 
1 78 9 7 412 680 1421 26 23 719 53 41 30 71 11 
5 46 38 2 640 633 455 118 43 89 26 59 1 1 0 
-2 -70 -5 -28 -781 -365 -1142 46 -3 -1007 -157 -712 -114 -214 -31 
-7 -119 -100 -40 -1003 -3543 506 -585 -232 -1047 -536 -1109 -178 -350 -45 
0 -1 0 0 -3 0 -1 0 0 0 0 -2 0 0 0 
5 31 18 12 706 236 92 24 2 151 34 31 16 16 6 
1 6 1 7 -40 23 -67 -6 4 72 17 -30 14 10 3 
-2 -13 -3 -2 -196 -122 -387 0 -1 -17 -2 -87 -2 -3 0 
-2 -11 -3 -2 -348 -24 -29 -1 0 -11 -2 -16 -1 -1 0 
0 -27 -1 1 -438 -97 -639 -1 -10 55 1 -60 0 4 0 
1 37 6 -2 325 179 698 2 26 -2 7 136 -1 -14 -2 
1 10 0 3 163 3 49 0 1 49 0 23 2 5 1 
1 44 3 1 469 143 1620 2 5 53 4 112 0 4 0 
1 4 12 -4 106 205 -45 46 33 -110 -17 6 1 1 -2 
3 144 21 12 491 1306 4502 55 36 815 71 204 29 114 11 
2 12 3 6 349 35 -31 2 -1 113 3 17 6 28 5 
9 -13 307 44 768 5419 -1681 4271 190 586 2043 -1070 306 -214 79 
-1 -46 0 -1 -478 0 -480 0 0 -23 0 -543 0 -28 0 
-1 0 -3 0 3 -22 8 -2 -6 5 -1 18 0 0 0 
0 0 -1 1 33 -12 -8 -1 0 12 0 -172 1 0 0 
1 -3 4 1 -24 -7 -16 6 0 9 3 -4 1 0 0 
0 77 -7 7 396 136 2158 -13 -4 363 -5 77 7 24 11 
-2 -87 -9 -4 -1318 -351 -1144 -5 -67 -180 -20 -830 -11 -71 0 
-1 -10 -4 -1 -201 -75 -88 -4 -1 -18 -6 -56 0 -3 0 
-1 -24 0 -4 -188 -15 -193 1 3 -93 -2 -23 -4 -14 -1 
-1 -35 -2 -1 -450 -133 -487 -1 -1 -65 -1 -285 -1 -17 0 
-1 -136 0 -5 -1654 -263 -4070 3 -13 -365 -6 -382 -7 -47 0 
-3 -105 -23 -10 -901 -1013 -3194 -72 -26 -541 -78 -296 -13 -31 -3 
0 -15 1 -1 -323 22 -238 0 3 -35 0 -68 0 -4 0 
6 141 67 8 1262 2352 3229 296 125 569 125 221 16 54 3 
0 -1 0 0 -3 0 -6 0 0 0 0 0 0 0 0 
-1 -1 -3 0 -22 -64 32 -3 2 0 0 -1 0 0 0 
-2 -8 -14 1 87 -403 -346 -28 -8 135 -12 -32 4 5 0 
1 53 2 4 916 126 220 -2 43 178 12 13 5 21 0 
7 130 119 14 1147 4274 2020 765 139 441 414 218 20 120 12 
4 75 18 4 1020 447 940 31 21 150 18 166 3 5 0 
4 41 37 5 1179 1214 -389 123 74 72 72 -326 6 23 1 
0 -25 2 -2 -471 29 -350 1 2 -89 3 -7 -3 -22 -1 
-2 -45 -12 -1 -268 -424 -1169 -25 -15 -93 -8 -122 -3 -16 0 
2 36 2 1 643 64 290 0 10 16 1 214 0 1 0 
-1 14 -1 -1 102 -29 368 0 -2 5 0 50 -1 2 0 
0 23 0 0 232 23 256 0 0 0 0 20 0 0 0 
1 22 1 1 241 35 215 0 0 23 1 38 0 0 0 
6 33 29 10 797 311 9 61 9 160 31 51 23 3 1 
7 224 59 18 2672 2446 4799 196 135 818 171 669 19 130 13 
0 -1 -4 4 190 -73 -53 -8 -3 70 2 -211 4 2 2 
2 32 1 6 510 21 197 -1 -1 173 4 -4 4 46 2 
0 10 0 0 211 0 35 0 0 0 0 20 0 0 0 
-1 5 -1 0 34 -4 24 0 0 0 0 6 0 0 0 
3 31 10 5 494 256 225 11 5 123 13 -147 6 5 1 
-1 -14 0 -1 -237 0 -78 0 0 -14 0 -6 0 -3 0 
0 -3 0 0 -19 -3 91 0 0 0 0 -198 0 0 0 
-4 -197 -40 -38 -1398 -2763 -3298 -132 -199 -1316 -346 -1313 -172 -544 -74 
-11 -77 -174 -112 -453 -3848 760 -999 -132 -2640 -1573 -308 -793 -595 -265 
-2 -136 -5 -6 -1412 -357 -3153 -4 -22 -577 -11 -148 -7 -57 -3 
7 31 58 19 858 809 37 191 24 174 164 -173 35 27 9 
1 11 2 0 239 21 25 1 3 0 0 8 0 0 0 
-3 -79 -5 -1 -1068 -290 -1890 -2 -14 -46 -2 -165 0 -4 0 
1 -4 3 1 -31 82 -411 1 3 37 3 -102 2 -7 0 
1 5 0 1 112 0 8 0 0 4 0 1 0 2 0 
1 -35 4 7 31 -184 -1307 10 -33 109 16 -280 20 3 9 
-1 -5 -1 -1 -164 -14 -8 0 -1 -2 -1 -13 0 -1 0 
-1 -68 -1 0 -683 -71 -2102 0 -1 0 0 -176 0 0 0 
-4 -18 -40 -6 -86 -523 114 -160 12 -105 -82 22 0 -17 -2 
-1 -48 -2 0 -767 -111 -827 -1 1 0 0 -313 0 0 0 
-2 -46 -2 -1 -870 -74 -467 0 -3 -34 -1 -128 0 -2 0 
0 -18 2 -2 -64 -16 5 10 17 -36 -9 -439 0 -54 -1 
0 -19 0 0 -98 -17 -618 0 -1 0 0 -250 0 0 0 
-7 -175 -29 -20 -2869 -1054 -1746 -45 -126 -788 -61 -880 -39 -206 -16 
4 148 36 34 1196 1659 3670 108 64 1479 308 242 120 103 44 
-2 -52 -1 -2 -758 -64 -478 0 -4 -114 0 -16 -1 -32 0 
0 46 -1 1 713 -2 608 0 -1 78 -1 26 0 32 1 
0 -17 3 -3 -181 59 12 14 -5 -98 -11 -370 -2 -35 -1 
-3 17 -16 -5 -307 -294 1724 -30 -28 20 -24 187 -7 -7 -3 
2 18 1 2 174 15 55 0 0 25 0 11 1 2 0 
-1 -4 0 -1 -148 0 -8 0 0 -2 0 1 0 -3 0 
3 55 7 2 768 212 405 4 2 48 6 83 0 8 0 
0 -1 0 0 -47 0 -1 0 0 0 0 -2 0 0 0 
-1 -15 -3 0 -348 -74 134 -2 -12 -14 -1 -27 0 0 0 
0 2 0 0 -18 0 6 0 0 0 0 1 0 0 0 
-1 -2 -2 0 -86 -27 -3 -1 -1 0 0 -19 0 0 0 
-1 -20 -1 0 -488 -34 -132 0 -6 0 0 -49 0 0 0 
-1 -2 0 -1 -10 0 6 0 0 -11 0 -1 0 0 0 
-1 -8 -4 0 -140 -28 -27 -3 0 -7 -4 -3 1 0 0 
0 9 -1 1 -12 -14 76 0 -2 15 0 15 0 6 0 
0 9 0 0 41 7 183 0 1 0 0 10 0 0 0 
0 33 -1 1 463 -28 1439 0 4 31 -1 188 0 44 1 
0 -5 0 0 55 0 -112 0 0 0 0 -3 0 0 0 
-1 -11 -2 0 -280 -54 -28 0 0 -4 -1 -86 0 0 0 
6 135 42 15 1574 1308 1918 115 132 550 100 441 25 82 11 
-1 47 -3 -6 895 239 1034 5 55 -137 -30 360 -10 13 -1 
0 -17 6 -6 -786 36 -42 36 -20 -129 -26 -32 -8 -10 -2 
0 -22 -1 1 -254 -83 -235 -2 0 17 2 -297 0 0 0 
0 3 -1 1 92 -19 16 0 -3 20 0 -1 0 4 0 
0 26 -1 1 480 103 334 -3 -4 11 3 167 0 -1 0 
2 8 2 1 205 11 24 0 1 11 1 1 0 0 0 
3 37 20 1 402 577 -5 48 83 30 16 291 0 12 0 
-1 -96 0 -2 -753 0 -1443 0 0 -24 0 -1160 0 -108 -1 
8 158 41 19 1604 1460 3174 73 128 744 91 170 33 111 19 
6 171 47 16 2065 1604 3054 141 118 627 129 332 27 64 11 
1 21 2 1 183 57 360 1 -1 36 2 25 0 7 0 
3 18 5 7 205 47 43 2 0 73 6 13 8 9 3 
-4 -32 -15 -11 -717 -340 -37 -18 -16 -274 -31 -111 -13 -33 -12 
1 14 13 -2 236 609 158 50 50 -176 12 51 -2 -34 -5 
0 -1 0 0 -10 0 -3 0 0 0 0 -1 0 0 0 
1 -11 7 0 -193 153 -645 18 0 -26 3 -24 0 -22 0 
0 -3 -1 1 -32 -27 -32 0 0 24 0 -6 0 0 0 
1 63 2 1 681 119 1596 0 20 69 2 115 1 5 0 
0 -1 0 0 -93 0 -6 0 0 0 0 -9 0 0 0 
0 15 -3 3 131 -124 339 -1 -23 160 0 69 0 20 1 
2 16 4 1 167 54 32 2 0 10 2 13 0 1 0 
4 149 10 4 1779 646 4015 7 37 101 10 423 3 58 0 
0 -2 0 0 27 0 1 0 0 -2 0 -3 0 0 0 
0 -37 -1 1 -830 -217 -471 -5 -20 8 4 -209 1 -5 0 
-1 -1 -1 0 -4 -11 -6 0 0 0 0 -4 0 0 0 
0 -10 1 -1 -69 -8 -399 7 -2 -70 -6 -75 -1 -4 0 
9 103 36 9 1839 676 953 62 30 218 45 234 12 9 1 
-1 -1 -3 -1 32 -23 10 -3 0 -15 -2 27 -1 -1 0 
0 9 -1 1 303 -41 -20 0 0 34 0 -119 0 8 0 
1 0 0 1 28 0 1 0 0 2 0 -1 0 0 0 
0 -1 0 0 -48 -1 -7 0 0 0 0 0 0 0 0 
0 12 0 0 227 0 61 0 0 0 0 17 0 0 0 
0 -2 0 0 -92 0 -7 0 0 0 0 -12 0 0 0 
1 9 2 0 137 36 113 1 0 0 0 14 0 0 0 
0 -13 1 -1 -307 8 -176 0 0 -31 2 -85 -2 -8 0 
1 -18 2 0 -389 24 -321 0 0 -10 1 -64 0 -5 0 
-2 -65 -3 -10 -1133 -61 -849 2 10 -394 -21 -523 -10 -104 -7 
1 16 2 0 151 41 86 1 3 0 0 22 0 0 0 
6 197 35 4 2988 1532 2942 85 98 163 30 667 1 10 0 
0 48 -1 1 755 46 685 0 1 92 -1 160 0 2 1 
0 -5 -1 1 -32 -33 -115 -2 -5 20 2 -37 0 4 0 
0 7 -2 2 72 -16 56 -2 -5 39 0 15 2 4 0 
0 -9 0 0 -125 0 -134 0 0 0 0 -37 0 0 0 
3 33 11 4 342 162 376 15 14 116 10 65 5 3 1 
1 0 1 0 41 62 -513 0 3 0 0 -67 0 0 0 
1 53 1 1 645 54 1378 0 2 67 1 90 0 5 0 
0 -19 0 0 -474 -7 -196 0 -6 0 0 -56 0 0 0 
0 23 0 0 133 46 148 0 0 0 0 36 0 0 0 
0 -27 0 0 -477 0 -1040 0 0 -21 0 -128 0 -3 0 
0 -10 0 0 -18 0 -552 0 0 0 0 -73 0 0 0 
0 -4 0 0 -111 0 -32 0 0 0 0 -10 0 0 0 
0 -4 0 0 -18 0 -36 0 0 0 0 -6 0 0 0 
1 11 4 0 250 85 118 5 5 1 1 -34 0 2 0 
2 2 2 1 22 9 1 0 0 3 1 -1 0 0 0 
0 1 0 0 -2 0 3 0 0 -1 0 0 0 1 0 
-1 -24 0 -2 -296 0 -476 0 0 -114 0 -79 0 -21 -1 
4 217 5 5 2405 390 6133 1 30 396 5 537 2 63 2 
2 124 7 2 1310 444 3452 9 7 150 6 335 1 19 0 
0 4 0 0 21 4 38 0 0 0 0 4 0 0 0 
0 -1 0 0 -16 0 0 0 0 -3 0 -2 0 1 0 
-1 25 -3 0 -93 0 633 -2 -3 31 -1 33 0 1 0 
2 73 2 1 848 132 1770 0 1 68 1 91 0 20 0 
5 48 22 18 598 457 599 36 55 824 55 73 35 42 19 
0 -5 0 0 -93 0 -16 0 0 0 0 -14 0 0 0 
6 169 28 23 2107 1429 2884 29 165 998 80 162 69 184 22 
0 0 0 0 -10 0 1 0 0 0 0 -1 0 0 0 
0 -10 1 -1 -203 16 -199 1 1 -34 -1 -57 0 -2 0 
-1 -13 0 -1 -435 0 -34 0 0 -17 0 -46 0 -4 0 
0 -5 1 -1 174 29 1 1 1 -15 -1 -72 0 -13 0 
0 11 0 0 100 0 183 0 0 0 0 15 0 0 0 
1 33 0 1 359 0 540 0 0 55 0 38 0 3 0 
0 0 0 0 4 0 0 0 0 0 0 0 0 0 0 
-1 2 -1 0 80 -2 5 0 0 0 0 0 0 0 0 
2 9 2 1 93 32 1 0 0 14 1 -3 0 2 0 
-2 -49 -3 -2 -828 -98 -375 -1 -6 -59 -2 -227 -1 -18 0 
3 74 4 5 665 201 1348 0 8 193 4 106 4 27 2 
3 58 8 1 1031 220 496 4 9 26 6 94 0 5 0 
0 -2 0 0 -65 0 -1 0 0 0 0 -10 0 0 0 
4 62 10 0 1285 186 359 10 43 0 0 209 0 0 0 
2 8 4 1 200 42 33 0 2 2 4 8 0 3 0 
3 86 6 0 1433 225 907 4 51 0 0 415 0 0 0 
0 -2 0 0 -45 0 -10 0 0 0 0 -1 0 0 0 
0 -4 0 0 5 -4 -10 0 0 0 0 -4 0 0 0 
0 3 0 0 -20 0 31 0 0 0 0 -4 0 0 0 
1 15 1 1 320 23 134 0 4 22 1 37 0 7 0 
1 8 2 0 285 37 -5 1 2 0 0 -43 0 0 0 
1 29 2 0 339 62 266 1 2 0 0 113 0 0 0 
0 26 0 0 268 48 562 0 6 10 0 74 0 4 0 
-2 -12 -3 0 -67 -144 -490 -1 -2 0 0 -37 0 0 0 
0 2 -1 1 -35 -89 -31 -1 -16 91 1 -16 0 17 0 
0 0 0 0 10 0 0 0 0 0 0 0 0 0 0 
1 1 0 1 2 0 0 0 0 3 0 -2 0 1 0 
0 1 0 0 -1 0 4 0 0 0 0 -1 0 0 0 
0 -8 0 0 -51 0 -487 0 0 0 0 -37 0 0 0 
1 46 0 3 609 37 675 -1 0 90 3 43 0 13 1 
-1 -54 0 -1 -459 0 -1421 0 0 -74 0 -115 0 -21 0 
0 0 0 0 -2 0 0 0 0 0 0 0 0 0 0 
0 -11 0 0 -316 0 -162 0 0 -5 0 -111 0 -3 0 
0 9 0 0 -13 0 298 0 0 0 0 44 0 0 0 
0 -8 0 0 -83 0 -440 0 0 -6 0 -76 0 -1 0 
0 12 0 0 90 12 80 0 0 0 0 13 0 0 0 
2 -13 3 0 -200 28 -47 1 0 0 0 -237 0 0 0 
0 3 0 0 69 0 28 0 0 0 0 8 0 0 0 
1 16 2 0 216 21 48 0 3 3 1 9 0 3 0 
1 -58 1 0 -520 6 -2212 0 3 0 0 -172 0 0 0 
1 11 0 1 112 0 161 0 0 24 0 14 0 0 0 
0 2 0 0 39 0 20 0 0 0 0 5 0 0 0 
0 -3 0 0 33 0 -469 0 -1 -9 0 -64 0 1 0 
-2 -32 -5 -2 -258 -147 -257 -3 -7 -71 -5 0 0 -11 -1 
0 -6 0 0 -167 0 -99 0 0 0 0 -36 0 0 0 
0 0 0 0 -38 0 41 0 0 0 0 -41 0 0 0 
-1 -68 0 -1 -719 0 -2126 0 0 -74 0 -173 0 -21 0 
0 -8 0 0 -83 0 -440 0 0 -6 0 -76 0 -1 0 
0 -8 0 0 -83 0 -440 0 0 -6 0 -76 0 -1 0 
0 -8 0 0 -83 0 -440 0 0 -6 0 -76 0 -1 0 
0 -5 0 0 -36 0 -50 0 0 0 0 -5 0 0 0 
0 -8 0 0 -51 0 -487 0 0 0 0 -37 0 0 0 
0 60 0 0 688 0 1751 0 0 0 0 139 0 0 0 
0 6 0 0 85 6 300 0 0 0 0 69 0 0 0 
0 1 0 0 -49 1 7 0 0 0 0 2 0 0 0 
1 2 1 0 -30 48 41 0 1 0 0 -40 0 0 0 
1 40 0 1 516 0 380 0 0 16 0 115 0 15 0 
0 -1 0 0 -13 0 -7 0 0 0 0 -2 0 0 0 
1 -16 1 0 91 37 -434 0 0 0 0 -380 0 0 0 
1 38 0 1 325 0 494 0 0 68 0 2 0 20 0 
0 -9 0 0 -125 0 -134 0 0 0 0 -37 0 0 0 
