417
202
72
494
2
226
120
198
199
197
194
195
51
411
286
447
15
57
59
0
291
250
371
108
122
218
109
133
317
129
434
135
196
136
272
268
412
16
20
296
204
244
295
357
448
309
362
253
429
261
45
427
39
70
99
464
358
44
467
289
223
191
149
336
344
377
345
87
256
306
356
319
402
350
366
174
276
375
192
267
236
165
235
465
315
310
166
66
86
241
400
340
178
210
209
68
466
246
237
410
370
399
452
170
369
38
469
390
203
485
65
150
347
124
396
416
327
430
7
243
479
308
220
231
300
214
104
219
273
245
62
406
302
53
394
116
431
212
233
111
100
190
395
110
63
392
177
125
36
114
84
257
335
263
77
303
118
205
154
285
