0 1 0.289589905362776
2 3 0.112025808481804
2 31 0.183874947570556
4 5 0.123156672803122
4 6 0.387633127914542
7 2 0.183497871949071
9 5 0.376155627229414
8 9 0.201219512195122
10 11 0.147073170731707
12 11 0.626250104056802
12 13 0.190582420870826
7 16 0.17102615694165
9 13 0.107083711669484
6 17 0.276742081303018
13 18 0.266103704122004
6 13 0.497611325498919
21 18 0.21016295467972
22 23 0.128043552731803
11 19 0.260838696300322
21 26 0.150639473802121
12 19 0.13855652759199
4 13 0.572494648459049
9 28 0.399497263719231
4 9 0.230511785599556
29 30 0.37719262902382
21 9 0.144436671939681
12 18 0.223835506936265
32 13 0.391481988957592
5 13 0.250908599160271
2 20 0.233848709682973
8 4 0.125425530399759
33 5 0.162751384796012
3 16 0.128487935365273
33 18 0.126962582946044
8 11 0.201219512195122
33 26 0.113171899079445
34 35 0.448780487804878
9 6 0.183874947570556
36 37 0.297964117829073
19 28 0.100849975775949
32 18 0.453043744264301
2 39 0.151219087590917
10 13 0.229934350210548
9 10 0.147073170731707
11 26 0.132682926829268
40 34 0.184277580443443
26 13 0.291031191837922
39 3 0.730113797428551
9 26 0.132682926829268
16 27 0.354014058884536
6 19 0.173397129575145
5 18 0.219986932527853
38 34 0.264302505815297
8 5 0.128043552731803
9 19 0.260838696300322
6 26 0.293581849062233
31 3 0.113171899079445
4 26 0.116272856559776
11 5 0.391219574609626
18 19 0.192382216754905
11 13 0.516038377401101
8 26 0.132682926829268
4 11 0.346954136119332
39 31 0.127157438180026
20 27 0.139164693749044
32 28 0.372063376239304
31 16 0.439955874957371
39 16 0.17102615694165
2 27 0.128173753441419
26 32 0.331438455914994
8 19 0.16781901416381
10 17 0.152341027657428
7 31 0.110321261696259
3 27 0.351892833701667
33 19 0.222482359404829
40 38 0.150690607734807
259 37 0.200622621930128
13 28 0.151797823455051
4 10 0.217630244639581
9 11 0.201219512195122
18 28 0.598093219524653
6 12 0.10930149429615
14 57 0.101471473487162
6 18 0.421841541755889
12 5 0.607145057536576
10 26 0.165121951219512
24 41 0.132926829268293
21 12 0.150369259170234
23 26 0.150639473802121
44 45 0.167594277942713
21 19 0.153005207201305
9 23 0.347799961572544
453 250 0.542316588853735
4 28 0.183745583038869
17 11 0.235669734351973
23 11 0.407169636541615
57 51 0.152797076068523
8 23 0.608317639795036
39 20 0.116653106149424
259 36 0.110272746663816
4 23 0.127159264669223
9 17 0.164454892507296
46 30 0.253942615452629
23 19 0.121939633822672
47 48 0.148555399250344
22 19 0.12098951783048
160 335 0.183298739626903
43 38 0.144034412331577
10 18 0.287014886648998
43 34 0.358876393469759
4 17 0.167726863066517
6 33 0.156836131874526
11 18 0.291650389528928
8 10 0.428780487804878
17 13 0.139414377913289
39 27 0.195426987907519
23 13 0.166775156873474
23 10 0.315456780432677
40 35 0.264302505815297
21 33 0.179883109511382
8 18 0.317145655368543
49 50 0.273401687282272
9 22 0.201219512195122
17 5 0.114027243095831
6 28 0.341729204872031
0 52 0.110268540897776
42 10 0.18203651303965
223 212 0.1287764856251
53 54 0.2958839064095
55 56 0.678691224958185
4 42 0.219670200235571
23 17 0.303072409281026
21 32 0.398221959201138
57 15 0.307097284550096
8 42 0.464921932279105
7 3 0.179883109511382
8 21 0.144436671939681
29 46 0.145619660080643
8 22 0.201219512195122
154 66 0.54847855863449
80 70 0.329842374976725
11 33 0.235774789748843
58 59 0.161743636283344
21 11 0.350458305227876
8 28 0.349666039479327
22 5 0.128043552731803
12 17 0.184944751381215
11 28 0.151188612319709
23 12 0.157037519000399
60 61 0.178089073772178
64 41 0.113171899079445
65 66 0.259897464051709
10 33 0.17918884020912
44 455 0.114972025281767
67 68 0.130809196956483
8 33 0.235774789748843
69 19 0.113601014071785
71 72 0.128487935365273
9 33 0.235774789748843
95 41 0.295487992497241
101 38 0.441704036659732
60 70 0.151205944570339
22 6 0.224435597769944
88 44 0.151358331311671
29 73 0.179883109511382
78 79 0.207182739278961
42 12 0.366193021949787
80 60 0.439426608721321
29 81 0.127157438180026
101 53 0.110461472126201
237 245 0.161991149662734
78 188 0.273736646635269
75 41 0.132682926829268
81 30 0.434979976358053
73 30 0.183558520461034
23 32 0.398923671904576
84 65 0.261905912716044
42 11 0.314072307879396
42 18 0.445617030705083
10 32 0.530765079751984
29 85 0.150639473802121
21 42 0.124080347849145
88 89 0.231984897859106
22 10 0.147073170731707
22 26 0.101707317073171
43 105 0.138566570146814
90 72 0.150639473802121
42 28 0.184687868080094
91 92 0.309310027673684
11 32 0.304011730542075
22 12 0.287796061887768
93 94 0.113171899079445
24 95 0.295487992497241
42 13 0.208864674378002
8 32 0.304398022448736
78 97 0.366585761348459
42 32 0.470582322184344
80 98 0.237775988411874
356 189 0.150891175968117
148 61 0.134032022586328
69 18 0.174039991448365
76 100 0.113171899079445
69 5 0.25902050985463
5 34 0.377041741781191
22 11 0.201219512195122
101 54 0.10334079183974
107 3 0.408247858842522
91 102 0.308171736071757
4 32 0.182810360186844
104 100 0.318912861664633
98 60 0.422053231939164
23 33 0.162751384796012
17 33 0.323543578006046
54 92 0.150639473802121
544 335 0.111854852026158
23 18 0.207356103865967
85 30 0.197622268967846
24 64 0.113171899079445
105 38 0.2248389051924
43 5 0.26841046277666
191 232 0.133253696087581
17 18 0.105522453269953
98 70 0.142295097008183
26 34 0.132682926829268
69 26 0.436386540549995
39 107 0.315881718093016
10 28 0.403565118759224
181 398 0.145619660080643
23 28 0.468919031697885
92 30 0.438144745789922
110 111 0.170330038485764
112 81 0.253884836645525
33 32 0.126962582946044
4 44 0.190540972251315
81 85 0.131951219512195
114 15 0.192857679504623
103 85 0.2257583903839
0 116 0.170330038485764
55 12 0.354061189758061
52 117 0.183874947570556
99 70 0.392948312595546
118 119 0.113171899079445
120 121 0.17102615694165
108 122 0.155441366183691
123 63 0.376358607345238
315 15 0.253894443550202
126 127 0.828894592850492
128 129 0.150639473802121
38 13 0.338648400250365
9 88 0.235774789748843
100 130 0.480975609756098
128 133 0.150639473802121
91 157 0.148555399250344
88 5 0.404611027836526
315 51 0.181515169235964
0 100 0.113171899079445
135 136 0.147073170731707
137 30 0.176523806088717
6 42 0.325354121213591
84 286 0.156836131874526
315 57 0.133184523992282
88 6 0.159472033250568
189 306 0.167594277942713
88 26 0.56696902381957
71 90 0.179743604420294
112 30 0.557921419518378
112 29 0.158095132402024
140 141 0.10334079183974
101 134 0.126613283492228
142 143 0.638349890295183
215 54 0.144436671939681
144 100 0.113171899079445
89 5 0.105912666708557
54 40 0.192379296100277
459 330 0.134429619665938
146 85 0.188596606393615
53 145 0.189157690529863
124 85 0.146341065855106
188 15 0.597169938428596
15 79 0.495111998607527
146 30 0.395184055036735
149 150 0.349776224659898
151 21 0.216162055967459
124 103 0.321747978613728
151 9 0.113171899079445
124 152 0.116543922576766
146 103 0.317405100968108
261 226 0.232255873504321
151 26 0.113171899079445
146 29 0.105681015979649
43 6 0.207356103865967
86 154 0.268558484649147
68 117 0.194105501526507
23 42 0.25370274597443
0 155 0.17918884020912
43 10 0.150639473802121
9 40 0.199695226616002
152 125 0.149575788502051
434 226 0.141899357410285
156 15 0.11361203066088
53 12 0.34693313120983
80 159 0.103708486269108
9 38 0.199695226616002
113 40 0.147173241097039
43 54 0.17102615694165
53 35 0.3120383803594
12 34 0.249251946456371
4 43 0.130853964853317
60 159 0.183558520461034
0 57 0.240183319398905
33 69 0.329925445273101
160 161 0.109992339459398
162 163 0.216222367578082
98 99 0.10659944685962
81 103 0.177302930984429
90 164 0.132682926829268
10 34 0.116829268292683
53 19 0.195702265767866
116 165 0.27421064235545
222 212 0.366610775777557
24 13 0.245701277082128
53 5 0.261707929706633
437 392 0.100063592057302
68 52 0.154144219873396
84 166 0.126140792992895
29 137 0.348243018848433
53 40 0.148339423381262
0 15 0.1966150216905
101 40 0.136993726307237
9 35 0.165121951219512
101 43 0.10334079183974
40 13 0.26028960982747
330 273 0.142949535127689
43 12 0.190378818151227
46 103 0.326883382682238
167 168 0.10334079183974
2 107 0.329327978944911
21 22 0.144436671939681
17 169 0.136993726307237
11 35 0.165121951219512
112 152 0.164387765324469
54 35 0.405397407438061
14 51 0.142949535127689
170 85 0.251315382067302
6 34 0.330279580195012
9 34 0.165121951219512
124 51 0.183006862964607
120 171 0.10334079183974
53 43 0.137011798493473
172 121 0.209109804285605
78 114 0.519599257715876
53 26 0.230511785599556
124 92 0.145795017101916
75 26 0.201219512195122
239 54 0.4862386573627
173 174 0.177867612486044
81 46 0.197496059177854
10 35 0.432682926829268
175 84 0.236024354969769
65 401 0.265081458028446
151 23 0.438874477267266
84 66 0.107848016978382
81 92 0.450731707317073
176 79 0.205741109880399
8 35 0.462926829268293
77 52 0.156836131874526
29 170 0.10334079183974
178 179 0.30090407035689
180 85 0.350458305227876
157 30 0.565872127347197
6 32 0.289691037014377
61 159 0.32604843151319
148 70 0.153324225701231
260 250 0.215204321367121
21 69 0.136377013203362
186 275 0.310349862685562
146 92 0.473409447574481
11 40 0.201530660684164
84 273 0.156836131874526
92 158 0.113171899079445
8 43 0.150639473802121
112 51 0.245178727777125
8 34 0.165121951219512
101 5 0.10334079183974
184 185 0.134955297197566
186 187 0.150891175968117
29 157 0.782516720087329
107 27 0.401471310228
69 13 0.151780951912466
112 170 0.147633182831119
194 198 0.125726521872132
146 124 0.133109815931043
26 35 0.132682926829268
338 195 0.232255873504321
41 13 0.235518470144233
4 181 0.1966150216905
188 79 0.446412162546911
75 10 0.132682926829268
112 157 0.293133759254767
189 190 0.431664284061772
183 217 0.342138272853987
43 22 0.150639473802121
191 192 0.141672801206305
35 19 0.132017624475531
0 117 0.113171899079445
99 193 0.114972025281767
54 34 0.150639473802121
124 170 0.119121878868227
196 197 0.22672083422563
5 181 0.177867612486044
198 199 0.232255873504321
86 241 0.22504143630625
76 281 0.209570898065956
78 176 0.23183125599233
53 11 0.230511785599556
393 181 0.156836131874526
6 35 0.259588161276079
188 114 0.312508022305382
34 13 0.137303654840013
40 19 0.267731623628272
200 201 0.358769657947069
0 202 0.156836131874526
203 204 0.114534012640115
17 178 0.136993726307237
43 28 0.271560463530883
195 205 0.689054131742947
206 207 0.156836131874526
76 52 0.379130481254105
22 35 0.165121951219512
188 176 0.270258417326053
12 40 0.13439226519337
416 199 0.211691456243514
4 35 0.162375213679688
215 34 0.132926829268293
17 35 0.221353348620311
208 176 0.145042162194291
146 125 0.276810466819542
194 135 0.183874947570556
61 193 0.136993726307237
11 38 0.365067836157379
0 39 0.128487935365273
152 51 0.322665096299409
69 180 0.1600114370372
181 19 0.348628403054299
46 85 0.161991149662734
180 117 0.360205565297425
15 176 0.558546528890428
81 163 0.113171899079445
75 73 0.113171899079445
78 15 0.307328112928295
209 210 0.176284000879655
53 13 0.153623962684585
132 214 0.144045819477204
101 26 0.251315382067302
211 212 0.37299789134417
75 18 0.425693681140237
213 214 0.118720746346254
101 215 0.251315382067302
11 34 0.446829268292683
73 92 0.113171899079445
163 216 0.128487935365273
43 17 0.111359939163765
146 152 0.381436724393426
0 130 0.113171899079445
66 110 0.300552486187845
125 92 0.11562413039159
266 444 0.168947256446282
167 78 0.338635464237283
68 155 0.255258289630498
6 40 0.540112171282571
73 81 0.113171899079445
0 76 0.226498422712934
116 235 0.22672083422563
22 34 0.165121951219512
10 54 0.128486610007691
12 38 0.105662983425414
485 65 0.183874947570556
170 51 0.114972025281767
163 85 0.113171899079445
121 169 0.21579988884181
0 3 0.246687697160883
81 152 0.180274955438591
39 110 0.181043254388996
199 197 0.252238762839326
101 12 0.136993726307237
219 199 0.114972025281767
273 197 0.170330038485764
220 221 0.532733444017831
162 216 0.194234035803426
43 18 0.139991684335907
73 103 0.170330038485764
69 30 0.26489226869455
167 79 0.158639550296676
222 211 0.18167274652465
124 46 0.160529282464973
112 121 0.244328840984947
8 53 0.328987776359367
146 112 0.163834322525434
12 157 0.282630970722701
43 215 0.150639473802121
84 197 0.270346781104839
23 35 0.343812446089547
223 224 0.308488487095534
125 103 0.345075304196722
152 92 0.364394987859466
81 170 0.295487992497241
215 35 0.466829268292683
152 30 0.118120391685805
51 30 0.141244267088996
6 215 0.207825045783528
170 103 0.137245553010008
78 221 0.348520567480984
114 221 0.254004719824239
225 226 0.183874947570556
193 70 0.126140792992895
104 227 0.190774659597441
44 429 0.345130926874068
149 289 0.23291879569376
0 16 0.128487935365273
22 33 0.235774789748843
6 181 0.112025808481804
229 185 0.128487935365273
4 215 0.141357962639728
261 16 0.168636349521107
52 232 0.108036855640581
53 17 0.184818421736413
11 215 0.165121951219512
112 216 0.121685344333679
157 125 0.209570898065956
146 162 0.283134532865531
44 132 0.241329488315333
2 48 0.143656624994313
221 15 0.473690396504178
46 92 0.216912806568935
47 2 0.232255873504321
88 69 0.513883875364769
29 125 0.278953079922536
237 247 0.132682926829268
24 234 0.113171899079445
0 2 0.156836131874526
180 30 0.570100628964876
46 170 0.324250777368512
58 174 0.145619660080643
48 31 0.113171899079445
53 22 0.230511785599556
73 152 0.10427631564623
235 236 0.112536548075702
112 162 0.143355344146081
215 26 0.101707317073171
101 6 0.153700966251847
165 236 0.188065619291985
8 40 0.269808808019783
8 38 0.199695226616002
112 46 0.183558520461034
49 237 0.165121951219512
184 221 0.116173522493661
4 38 0.415937110615903
29 51 0.467480853871564
162 125 0.11583299999749
29 180 0.119517102615694
4 54 0.314665299011976
188 221 0.294353751649314
135 51 0.167594277942713
163 92 0.113171899079445
221 79 0.285894847673237
101 19 0.178939004085536
240 185 0.235774789748843
146 216 0.195974411500722
157 5 0.145619660080643
53 82 0.1966150216905
0 31 0.113171899079445
8 215 0.462926829268293
101 22 0.251315382067302
36 260 0.131156537555488
54 5 0.17102615694165
137 92 0.131951219512195
170 216 0.30090407035689
73 51 0.184993516047598
157 13 0.40606696291924
116 236 0.199695226616002
0 7 0.128487935365273
9 215 0.165121951219512
22 157 0.215248513935414
229 184 0.215561585043784
121 41 0.37438339812586
157 26 0.256301065562271
54 83 0.30090407035689
6 157 0.159472033250568
0 242 0.235774789748843
243 244 0.199695226616002
120 237 0.128486610007691
4 40 0.24514907286224
195 197 0.136629329871302
60 193 0.122545190977465
245 246 0.473213872131207
10 157 0.161991149662734
263 228 0.273401687282272
10 69 0.241225758918047
4 157 0.287212139528279
64 178 0.800731966647123
6 38 0.289241986235823
78 185 0.13147706788835
92 216 0.150639473802121
77 247 0.236329553960017
162 103 0.248323980495458
11 157 0.545333219583794
162 152 0.168660848397624
17 157 0.285135824229845
6 178 0.126140792992895
302 226 0.232255873504321
138 199 0.151358331311671
248 212 0.129341499490193
545 92 0.183170731707317
235 165 0.476839332213006
237 130 0.147073170731707
29 163 0.128487935365273
251 212 0.143838489504898
54 26 0.150639473802121
46 163 0.312302839116719
51 197 0.252238762839326
252 253 0.185057823197255
81 162 0.155783542057013
157 85 0.113171899079445
356 402 0.286388250983416
350 250 0.222609363717664
141 294 0.128487935365273
163 30 0.183558520461034
245 100 0.113171899079445
152 103 0.344441117738145
75 28 0.17695169423966
8 157 0.215248513935414
52 231 0.267743511804918
135 195 0.239889848819962
5 92 0.112979605351591
152 163 0.108312818187375
254 241 0.289589905362776
307 306 0.131951219512195
52 51 0.232255873504321
157 92 0.197496059177854
27 110 0.642727669916989
4 178 0.158134317991193
57 236 0.276384095303982
52 245 0.141899357410285
163 125 0.320146630378831
265 546 0.293591020093143
6 169 0.576113621778473
100 111 0.215248513935414
129 133 0.31830985915493
23 215 0.343812446089547
15 236 0.196612993599622
218 122 0.212393626365795
51 85 0.306023865361082
31 110 0.22429004312937
82 54 0.128487935365273
245 92 0.215248513935414
125 85 0.125806937329485
255 212 0.173188036437226
73 125 0.209570898065956
101 23 0.10334079183974
73 216 0.128487935365273
256 92 0.239068308241812
198 197 0.258428267099142
10 178 0.342337730832024
152 157 0.118404074540236
256 54 0.306306289727497
121 245 0.128487935365273
149 257 0.18754718540759
9 157 0.215248513935414
17 40 0.121685082872928
5 178 0.10334079183974
46 216 0.128487935365273
162 46 0.412207173658708
47 3 0.103241330925553
48 16 0.143604163055305
10 92 0.131951219512195
258 222 0.112776970754415
92 103 0.226492564011164
259 260 0.1060072277104
0 246 0.113171899079445
7 47 0.190275527114523
162 30 0.144705629962214
121 237 0.112536548075702
23 157 0.453990704957298
194 197 0.120347921911186
53 23 0.139782823631543
268 51 0.142949535127689
8 54 0.112536548075702
73 162 0.322025759266536
135 197 0.199695226616002
92 85 0.132682926829268
47 27 0.112549765031506
240 221 0.337319534578836
23 40 0.450107538536177
22 215 0.399512195121951
245 261 0.142949535127689
186 262 0.142949535127689
263 176 0.333978532013854
46 152 0.166505729822206
5 169 0.27962802497812
54 157 0.128487935365273
68 261 0.175866274564184
78 208 0.475473946569775
0 27 0.156836131874526
258 212 0.189750450804185
215 13 0.243730411223181
120 245 0.161743636283344
152 216 0.205511844002297
266 149 0.129275431764045
196 268 0.162751384796012
2 110 0.104650366879293
92 51 0.167594277942713
167 263 0.295487992497241
73 85 0.113171899079445
216 85 0.150639473802121
277 132 0.232606235986642
237 100 0.132682926829268
20 110 0.114201139354503
49 302 0.527223666028119
17 54 0.208049706701166
12 92 0.423434639524924
6 92 0.276971297075817
23 158 0.113371707675241
10 215 0.432682926829268
138 197 0.170330038485764
237 92 0.147073170731707
194 138 0.156836131874526
109 122 0.302048365066765
163 51 0.133606428256599
51 103 0.125192033026871
9 95 0.31757429771221
29 75 0.380143142712411
195 268 0.142949535127689
51 216 0.20258747298664
269 270 0.114262076939613
26 92 0.132682926829268
400 15 0.391614987495836
188 229 0.128487935365273
157 271 0.303567975140888
148 193 0.10334079183974
12 169 0.171493984586817
198 51 0.125236010222918
149 444 0.160165828830548
11 92 0.183170731707317
101 17 0.136993726307237
23 54 0.263581488933602
29 216 0.27887323943662
49 245 0.113171899079445
229 79 0.120233252629714
240 15 0.189833235199635
29 162 0.144895755175986
152 85 0.200683440959941
76 247 0.113171899079445
157 51 0.151358331311671
4 92 0.230511785599556
46 51 0.142949535127689
547 52 0.155731460385629
162 157 0.136692301342466
23 92 0.112979605351591
9 92 0.183170731707317
274 130 0.113171899079445
39 48 0.128487935365273
138 135 0.17918884020912
23 178 0.10334079183974
256 157 0.142949535127689
272 176 0.145399242079577
275 273 0.209570898065956
245 130 0.236329553960017
49 92 0.46390243902439
68 231 0.251771817181477
225 245 0.216358042357762
92 13 0.1077406669558
22 92 0.432682926829268
23 169 0.10334079183974
8 92 0.183170731707317
221 176 0.463596387399903
48 27 0.156836131874526
302 48 0.142949535127689
82 134 0.122104201869618
9 54 0.150639473802121
240 176 0.129370804983388
162 51 0.143537889380719
198 195 0.2368099102397
256 26 0.167594277942713
22 54 0.150639473802121
229 221 0.196918358154885
184 208 0.248345572677995
256 12 0.257030062868749
229 228 0.10334079183974
11 158 0.216358042357762
4 256 0.218800981618926
105 28 0.174460020807635
251 248 0.198764943372632
276 277 0.136993726307237
184 176 0.240076701821668
4 169 0.283246469578342
5 158 0.454998453469967
184 228 0.199740372957803
238 122 0.126140792992895
6 158 0.340470594405483
228 15 0.125809802990052
7 48 0.128487935365273
279 30 0.1389488779587
138 51 0.142949535127689
247 227 0.319579284900566
188 228 0.349368795333678
240 208 0.113171899079445
8 158 0.179743604420294
99 159 0.168175923679635
167 229 0.10334079183974
13 158 0.289514163994859
12 158 0.383660062177492
256 17 0.113291061986045
168 228 0.621868412070905
237 246 0.101707317073171
262 273 0.289589905362776
237 50 0.31757429771221
11 169 0.295487992497241
52 237 0.183874947570556
7 110 0.22672083422563
184 15 0.396912345016314
9 256 0.167594277942713
194 51 0.172402819267914
254 280 0.143082468468525
256 158 0.442863265689705
206 264 0.113171899079445
240 188 0.196386530755507
157 216 0.161743636283344
208 221 0.36205179599707
148 159 0.128487935365273
114 208 0.253426903660584
29 279 0.10334079183974
256 6 0.344155061859344
279 92 0.31757429771221
54 158 0.161743636283344
22 158 0.113171899079445
16 110 0.203715337811559
240 114 0.18100509549171
167 208 0.349368795333678
198 138 0.156836131874526
9 158 0.113171899079445
26 158 0.216912806568935
544 161 0.170524163144115
4 158 0.192759825186764
208 15 0.235552506378226
548 549 0.222482359404829
268 197 0.103533944961935
229 208 0.161743636283344
184 79 0.308714638349067
244 212 0.738975750046425
114 229 0.105544468084907
78 229 0.115558787858523
70 159 0.426576706022869
225 237 0.201219512195122
188 184 0.248345572677995
280 241 0.125472318503168
114 184 0.235028235674189
256 10 0.322865447213168
10 158 0.197496059177854
80 193 0.114972025281767
249 406 0.317068956111106
88 13 0.211812298045271
0 121 0.128487935365273
59 281 0.209570898065956
259 51 0.349187132480111
303 249 0.338527650088655
88 57 0.152036382834299
282 41 0.256301065562271
68 59 0.230684999495309
186 273 0.142949535127689
284 273 0.1966150216905
154 257 0.153700966251847
304 15 0.56747307158959
203 286 0.170330038485764
95 28 0.110461472126201
29 69 0.170231728424806
287 57 0.196792210040843
59 288 0.446256820372363
212 289 0.175866274564184
286 199 0.428381450039514
6 89 0.316046921317923
293 294 0.236329553960017
88 15 0.312656436452932
151 42 0.220517240013658
151 11 0.113171899079445
316 176 0.250636819583657
116 110 0.170027624309392
304 57 0.182703441797413
466 117 0.419614053043047
160 344 0.154393493030705
256 160 0.223684437930064
296 273 0.266876971608833
21 75 0.302165062156019
297 298 0.173553566139589
9 75 0.132682926829268
89 18 0.235409435220346
299 59 0.113171899079445
5 234 0.128487935365273
333 448 0.113171899079445
9 69 0.228215040142584
153 63 0.254817987152034
300 70 0.118079666781609
377 116 0.136993726307237
151 12 0.170330038485764
55 42 0.320361516356415
94 301 0.216358042357762
75 11 0.116829268292683
75 19 0.274424045065964
88 10 0.17918884020912
466 246 0.428483446292499
259 44 0.199930819785541
41 234 0.113171899079445
272 195 0.519628467204847
177 305 0.348445364396067
306 190 0.150639473802121
258 68 0.470433463441461
213 190 0.23707593422058
69 89 0.309481597737275
307 190 0.150639473802121
75 12 0.161518197998237
68 448 0.125581618427838
75 46 0.113171899079445
89 26 0.129091713761065
141 307 0.128486610007691
272 135 0.251315382067302
140 190 0.30090407035689
36 51 0.232255873504321
288 117 0.330155517682193
26 100 0.132682926829268
39 261 0.190275527114523
93 37 0.167594277942713
24 372 0.31757429771221
40 28 0.384304972182065
312 87 0.274482172797819
107 20 0.167894373343113
192 267 0.277419825826905
53 157 0.1966150216905
356 192 0.338680919869453
44 57 0.201621307328829
44 15 0.324561925767409
89 63 0.407089244331316
143 127 0.384907563528515
88 11 0.235774789748843
178 227 0.114972025281767
461 196 0.122848781121114
43 113 0.16125991821368
105 18 0.113961741458636
191 190 0.149113949480602
121 171 0.596945044627203
92 102 0.653509481935672
62 121 0.128487935365273
22 42 0.243393326559532
88 153 0.156836131874526
68 87 0.316498517396276
298 201 0.158134317991193
265 250 0.136943963160915
141 190 0.17102615694165
281 117 0.245701277082128
315 14 0.294733397777303
88 36 0.126962582946044
88 18 0.34837829853361
330 328 0.12513559587037
316 79 0.534761603061103
26 317 0.308457999600289
318 18 0.244529722964285
54 113 0.180905796574738
68 313 0.107961956465139
291 550 0.295402680196655
68 201 0.281300932401895
320 321 0.36145500695186
219 289 0.12922612740167
188 316 0.528690293248582
439 250 0.237817813646338
322 209 0.208759529272843
246 117 0.44780487804878
97 316 0.157340791072646
32 323 0.252634906956184
106 386 0.269677029888849
80 300 0.371324801106883
259 15 0.167419146405088
88 20 0.28876703066842
265 87 0.155209309011428
223 250 0.116829268292683
296 344 0.113171899079445
259 88 0.100905554207781
59 117 0.526471236403887
319 306 0.112979605351591
274 117 0.113171899079445
0 436 0.137766942892897
88 33 0.26813880126183
283 288 0.156427033966269
218 250 0.251625410775317
78 316 0.436741157248886
101 69 0.147633182831119
115 79 0.46434079048416
107 261 0.150065071174501
265 328 0.163118464961894
68 57 0.168971471886187
329 63 0.208759529272843
188 290 0.447429961730879
317 13 0.130716804348291
8 56 0.150639473802121
39 35 0.128486610007691
106 79 0.168554522190219
0 120 0.454998453469967
299 288 0.241155744041139
344 87 0.321803365901866
234 37 0.704003102736693
151 10 0.197496059177854
6 94 0.112025808481804
53 113 0.114822234196161
66 257 0.182556751111655
78 290 0.541470179338625
120 100 0.150639473802121
37 15 0.478136522128768
60 300 0.231261577770453
9 55 0.215204321367121
290 79 0.188758845014731
160 48 0.222482359404829
356 267 0.130865224392855
101 145 0.199740372957803
0 551 0.128487935365273
116 111 0.170330038485764
92 180 0.128043552731803
69 28 0.161769125726885
26 56 0.112979605351591
253 104 0.249951437315997
331 132 0.166982552730125
250 332 0.295104596670704
65 250 0.132682926829268
313 273 0.190495245753395
106 97 0.178469494083761
75 17 0.199695226616002
64 95 0.349368795333678
333 334 0.354528735077709
552 219 0.401888287442663
261 27 0.170125800900224
170 180 0.19756327851715
121 336 0.10334079183974
256 344 0.1287764856251
115 212 0.410111760834926
88 37 0.103241330925553
81 69 0.213446116127193
93 100 0.201219512195122
134 38 0.149239269430324
55 26 0.228215040142584
114 57 0.102211693487421
36 15 0.619568739076706
141 301 0.150639473802121
81 180 0.63844553455546
302 336 0.114972025281767
553 211 0.118976048253067
86 345 0.234728787837625
9 56 0.150639473802121
68 15 0.315309711169403
20 261 0.310349862685562
139 13 0.168554522190219
32 317 0.223578083802718
86 66 0.202075226499932
12 89 0.400939930807366
36 57 0.167243795706339
343 16 0.128487935365273
114 204 0.115839337140301
88 12 0.366126087627487
337 249 0.474048758104629
75 13 0.203327661114756
360 133 0.128487935365273
261 3 0.142949535127689
75 32 0.269631750849261
75 5 0.150639473802121
41 28 0.170849911679671
173 58 0.294969818913481
338 136 0.252634906956184
0 339 0.299448495916482
317 28 0.101125699955351
300 61 0.233537236918028
429 31 0.469344666592911
73 41 0.113171899079445
177 66 0.200846369974864
25 28 0.175575603063751
340 178 0.437557392102847
554 96 0.490543259557344
11 56 0.143993614663792
322 288 0.169449184119469
256 345 0.190275527114523
155 209 0.183874947570556
39 34 0.408055751093392
56 28 0.108993655430763
59 152 0.220998514127656
59 230 0.128487935365273
259 93 0.167594277942713
5 37 0.179455938317815
44 234 0.142949535127689
59 121 0.128487935365273
416 396 0.211691456243514
59 127 0.655520504731861
68 89 0.347999431924457
82 2 0.156836131874526
344 345 0.150639473802121
151 19 0.282465348460053
295 244 0.235774789748843
4 75 0.170849911679671
9 41 0.132682926829268
341 221 0.11526056761128
64 282 0.246687697160883
82 16 0.129495683877942
75 30 0.25423647769351
100 110 0.286327714633239
10 56 0.150639473802121
21 38 0.139366630450461
52 249 0.143020990087528
88 28 0.303403964843967
346 289 0.160526068772976
347 30 0.225939148982867
59 246 0.17918884020912
75 6 0.317531947275204
75 42 0.19729096943962
286 66 0.137766942892897
152 352 0.213523498308103
25 40 0.206749722974709
75 282 0.235774789748843
0 304 0.124172786338997
208 164 0.113171899079445
98 300 0.204611716055548
151 304 0.279997459391857
9 89 0.162267955720015
100 15 0.194579066079626
272 136 0.295487992497241
328 66 0.121695195739496
196 199 0.280563130176709
250 111 0.216912806568935
44 94 0.142949535127689
182 0 0.179883109511382
322 59 0.128487935365273
95 18 0.206171296110236
69 353 0.147633182831119
59 52 0.156836131874526
361 242 0.128043552731803
112 180 0.3867741521997
153 69 0.236972852356094
302 74 0.142949535127689
247 245 0.113171899079445
354 180 0.10334079183974
68 244 0.232598997609823
256 86 0.271707269086872
84 204 0.273172223921689
25 18 0.207761306105944
357 235 0.128487935365273
146 180 0.272912513793598
40 234 0.314776590731044
300 99 0.13939813213421
142 127 0.407657340965466
300 214 0.112549765031506
0 211 0.182866294856355
181 13 0.209570898065956
52 127 0.141899357410285
69 179 0.142125927108891
290 117 0.217340397739059
234 19 0.100698714959375
36 93 0.10198106335846
359 100 0.149024390243902
25 30 0.190089784429611
299 76 0.528690293248582
89 32 0.478882619050449
245 250 0.472104343708859
100 250 0.132682926829268
101 180 0.10334079183974
555 130 0.113171899079445
15 317 0.204789303577535
20 317 0.143958738218595
57 37 0.178600555801949
303 234 0.161743636283344
42 15 0.144640753828033
68 188 0.29588533582642
17 56 0.367087703650615
215 180 0.144436671939681
88 23 0.162751384796012
49 57 0.169735884616032
9 317 0.163499595416547
49 15 0.372039242199284
360 129 0.143604163055305
0 226 0.141899357410285
89 317 0.367558250142878
338 272 0.126140792992895
68 78 0.457013763490159
15 455 0.171854795581605
68 84 0.247971136318072
44 51 0.574541681079211
84 328 0.287521425880996
57 250 0.115961153029714
15 250 0.413395768439205
89 57 0.294743644396646
23 56 0.104225352112676
511 396 0.142949535127689
0 223 0.113171899079445
0 207 0.156836131874526
361 301 0.150639473802121
24 303 0.150639473802121
39 38 0.549798022997152
302 264 0.167594277942713
288 281 0.365350079006835
309 362 0.123027652359266
114 249 0.246181417148468
38 18 0.194475265117352
282 323 0.52702600061506
8 75 0.132682926829268
356 307 0.113171899079445
0 303 0.128487935365273
165 154 0.117269306474962
363 201 0.244619358692461
0 183 0.274571497466092
303 25 0.10334079183974
364 66 0.126692340397426
186 59 0.133606428256599
276 174 0.170330038485764
21 56 0.323138832997988
298 290 0.344789634416845
89 15 0.419327220581847
115 335 0.170150482073567
0 301 0.113171899079445
146 81 0.316618540055722
301 242 0.397560975609756
68 161 0.139898345321982
337 306 0.132682926829268
141 214 0.208759529272843
37 214 0.199076463003704
68 79 0.39579650128545
69 57 0.310763889315324
68 100 0.123397590281267
307 232 0.286591766750176
354 30 0.105659042614428
290 127 0.400201243548175
299 281 0.104784368167378
367 28 0.449130392685161
367 32 0.345742397157567
256 233 0.190275527114523
367 18 0.516197352808312
133 317 0.159983418505062
367 9 0.113171899079445
223 289 0.345076447158234
43 39 0.27887323943662
174 63 0.156836131874526
75 33 0.113171899079445
124 15 0.312013499997837
330 150 0.222132535913431
205 204 0.322019284773185
44 18 0.34805852191824
294 301 0.113171899079445
167 316 0.273401687282272
282 95 0.324250777368512
292 59 0.437866728754597
96 66 0.384758592200554
126 242 0.251315382067302
554 295 0.197014834226752
147 204 0.232255873504321
0 368 0.170330038485764
75 69 0.206413295167484
68 209 0.113932684254249
40 95 0.136993726307237
116 57 0.261113814849585
57 79 0.290293156972675
67 295 0.31293752852909
295 257 0.156836131874526
88 317 0.103194967179674
243 100 0.251454467338165
317 288 0.194628192699987
21 317 0.191112568517212
234 94 0.246687697160883
354 102 0.10334079183974
292 100 0.150639473802121
180 227 0.190275527114523
373 34 0.585553047076809
24 282 0.113171899079445
121 164 0.358876393469759
9 44 0.167594277942713
33 44 0.100905554207781
84 154 0.171191076204643
336 317 0.275204100226102
120 302 0.190275527114523
112 57 0.300802120041105
556 554 0.161743636283344
0 68 0.351771338395943
113 26 0.429296600205859
370 260 0.263182834628064
346 232 0.102710992658832
390 250 0.131057560273369
75 23 0.150639473802121
151 32 0.319383383397143
127 212 0.401753595456905
222 289 0.262997018756914
172 100 0.127807920541116
191 375 0.32813698866568
53 25 0.126740004860588
68 288 0.132996140161743
338 376 0.1079840929948
302 317 0.173873710219778
422 178 0.120389109366372
57 154 0.210212427339748
15 154 0.143018537594976
37 19 0.134722095287601
8 88 0.235774789748843
140 131 0.249951437315997
57 288 0.294585755640365
89 13 0.277593452775935
315 310 0.27182858949203
21 226 0.394713395683948
59 116 0.170330038485764
44 227 0.187132480110688
334 66 0.251451575973856
44 40 0.523024493534485
131 214 0.212087996533358
26 181 0.113171899079445
34 37 0.338885488487104
121 281 0.164388392553281
253 87 0.1006226930953
36 18 0.271336800244723
378 134 0.304796294634075
417 317 0.174989721992508
44 13 0.291817384254249
112 15 0.299101827627957
80 214 0.35749188372724
89 79 0.136916611369166
153 18 0.265218721321505
6 37 0.164595899150121
259 234 0.134540738943708
213 428 0.147633182831119
153 26 0.183874947570556
131 311 0.142949535127689
15 66 0.215812815443762
196 286 0.746237773631252
84 189 0.151584365620467
115 114 0.265493463994834
354 29 0.27962802497812
6 44 0.401731097728063
41 38 0.248517772829106
44 139 0.173303420461486
276 213 0.137245553010008
58 243 0.145034651306101
112 54 0.104438602617095
26 179 0.127157438180026
121 221 0.23137244504605
188 57 0.139053500704629
127 382 0.803776574885325
2 317 0.158618083334664
330 15 0.146295503039399
140 213 0.437557392102847
38 353 0.136993726307237
191 350 0.410377734841301
385 344 0.113171899079445
354 54 0.21579988884181
370 57 0.211772606754952
43 2 0.207356103865967
232 289 0.262604469967911
0 125 0.209570898065956
89 28 0.317063423727918
356 190 0.128487935365273
93 51 0.167594277942713
40 353 0.136993726307237
21 89 0.236588013239114
276 349 0.100982507811033
0 337 0.113171899079445
21 113 0.12906250645528
196 66 0.214717966531332
196 65 0.150639473802121
380 321 0.293857202240675
115 51 0.317725573556589
345 57 0.418293493437516
67 65 0.219724575724795
68 243 0.30056279136016
52 388 0.314441612021918
68 127 0.333142670872768
39 40 0.288402237654661
301 190 0.40894186564517
302 171 0.114972025281767
389 102 0.183710558321062
124 54 0.168873797689367
390 15 0.52644517611836
78 314 0.399061123283341
126 212 0.269677029888849
84 334 0.370449678800856
399 250 0.142711511073208
140 214 0.452622845445093
370 15 0.363851554565805
417 226 0.126140792992895
292 169 0.10334079183974
140 37 0.249951437315997
391 250 0.149024390243902
88 91 0.166774457648971
126 222 0.32668609948501
157 102 0.177867612486044
182 374 0.20710534653792
44 19 0.227856650671238
65 205 0.113171899079445
365 336 0.10334079183974
312 345 0.128487935365273
140 301 0.342337730832024
100 127 0.113171899079445
93 294 0.113171899079445
259 18 0.104742844913713
88 179 0.128487935365273
21 234 0.145619660080643
152 304 0.209551080522178
394 212 0.264147202347221
412 27 0.114176206722713
395 396 0.190774659597441
356 306 0.113171899079445
11 89 0.523593363193733
38 369 0.199695226616002
345 15 0.380862010643653
374 242 0.183677134459158
11 234 0.236329553960017
91 54 0.190275527114523
188 89 0.524861161822937
114 110 0.282504905841054
397 57 0.173257214134391
5 398 0.17102615694165
399 15 0.346645938153268
399 57 0.232793913943875
97 89 0.118336651183367
21 181 0.162751384796012
114 250 0.188387478540466
126 467 0.233360227027118
296 16 0.128487935365273
400 370 0.264050094049582
53 89 0.184896596990363
337 307 0.132682926829268
6 95 0.126140792992895
96 295 0.179883109511382
37 18 0.366274668859756
300 557 0.187132480110688
209 288 0.131996338896062
215 85 0.201219512195122
59 100 0.113171899079445
77 100 0.529245057459755
88 51 0.151358331311671
420 413 0.278568122094518
373 38 0.287323443699943
213 319 0.10334079183974
259 5 0.190275527114523
21 44 0.190275527114523
44 301 0.394750247801342
471 38 0.170330038485764
392 242 0.203839743640534
192 402 0.349162288947815
114 281 0.158524225461586
22 56 0.150639473802121
285 66 0.137766942892897
91 95 0.2476970838791
322 281 0.278953079922536
59 466 0.331475253168248
140 44 0.269677029888849
470 558 0.225500906133467
14 37 0.379330138966287
65 154 0.251315382067302
124 347 0.328176385084466
403 288 0.173983086545615
404 335 0.296513857997019
68 370 0.171539833760131
354 37 0.210500252170293
354 103 0.136993726307237
220 195 0.196014998678221
252 289 0.205910878200317
213 189 0.229098668024697
101 29 0.10334079183974
58 117 0.3805861999883
324 405 0.237569522596412
17 44 0.252238762839326
354 15 0.143018537594976
406 127 0.183558520461034
145 35 0.210877470534388
36 234 0.277208961380464
340 179 0.10334079183974
404 15 0.23094956835573
284 57 0.1231729421377
81 215 0.132682926829268
97 57 0.185099817860625
44 214 0.327240068270794
356 301 0.161991149662734
6 51 0.145729175532123
84 127 0.159472033250568
78 89 0.498391877788354
100 242 0.183170731707317
69 92 0.21450103927115
153 104 0.13621085629905
94 242 0.216358042357762
68 317 0.429061294218742
11 41 0.165121951219512
359 59 0.256301065562271
101 15 0.158134317991193
112 91 0.125254350060053
400 233 0.10334079183974
299 117 0.165121951219512
100 164 0.132682926829268
128 559 0.113171899079445
59 330 0.142949535127689
259 140 0.574296538049608
154 212 0.190774659597441
43 33 0.128487935365273
299 57 0.129479940300018
299 15 0.318140162919388
407 195 0.114972025281767
213 141 0.10334079183974
36 315 0.216366517368607
560 291 0.326479018040169
41 15 0.172883839199667
370 408 0.233207028286826
303 117 0.128486610007691
93 361 0.150639473802121
392 317 0.12938647612237
409 300 0.10571111813579
8 94 0.113171899079445
115 250 0.155073702161602
290 281 0.385428635775693
6 36 0.100642398286938
276 319 0.22672083422563
390 260 0.206935161742513
57 190 0.26003502886233
410 335 0.199695226616002
127 335 0.312689212808424
447 15 0.170563209705934
447 57 0.359481961147086
188 288 0.433039548997344
284 59 0.1966150216905
15 288 0.474275715075719
54 353 0.25835197959935
288 79 0.287296144427584
97 288 0.354228937932219
53 102 0.128698723079262
411 199 0.167594277942713
114 291 0.135085521306536
215 15 0.205765667439604
146 57 0.287221030083751
84 285 0.156836131874526
215 30 0.265488991229046
354 63 0.133560839639536
47 171 0.114972025281767
168 384 0.159077042840229
549 300 0.103708486269108
243 117 0.247783599201841
146 15 0.434721151087076
140 36 0.126140792992895
141 311 0.216162055967459
105 77 0.301088411009124
410 57 0.207288071477986
127 408 0.113171899079445
151 5 0.128487935365273
68 416 0.110807247503185
32 56 0.351207208070784
112 69 0.334347275031686
417 72 0.10334079183974
62 102 0.78150897157466
104 116 0.136993726307237
293 463 0.130849337119748
215 57 0.367711013752254
147 400 0.210500252170293
370 418 0.359151362379561
373 304 0.368671995922139
151 68 0.123259683445004
355 212 0.107473671988944
94 51 0.184993516047598
68 126 0.291414281502896
46 41 0.54477845537262
25 37 0.249951437315997
215 103 0.261365811306238
9 226 0.183874947570556
259 214 0.497365869171018
11 153 0.183874947570556
69 38 0.158771833972224
252 373 0.110765518902793
88 361 0.128487935365273
22 88 0.235774789748843
94 214 0.156836131874526
114 404 0.230250755634994
147 256 0.211691456243514
419 38 0.190996324493125
453 475 0.150771238209488
291 226 0.113831705103026
101 30 0.147633182831119
112 38 0.142630030851715
33 37 0.103241330925553
63 170 0.126140792992895
417 120 0.10334079183974
69 227 0.189806237325045
196 260 0.133821940356461
44 242 0.305202324782931
64 323 0.216912806568935
354 41 0.273401687282272
78 288 0.357142857142857
412 20 0.102620141761447
421 321 0.158386988917696
55 32 0.267046962878371
29 347 0.126053314159334
51 19 0.19636317385076
354 69 0.147633182831119
471 53 0.1966150216905
44 213 0.249951437315997
364 561 0.185197995431746
72 562 0.275090363736408
345 250 0.360205565297425
25 304 0.373044520082955
55 33 0.183558520461034
400 345 0.237683821231402
423 253 0.199930819785541
5 179 0.17102615694165
101 91 0.114972025281767
69 15 0.187427370743989
107 70 0.209848496960285
424 335 0.170330038485764
0 404 0.119683496981229
412 57 0.219582553025626
464 136 0.659712283798112
303 125 0.278953079922536
15 301 0.184070440559646
26 234 0.113171899079445
425 30 0.459785696856394
43 353 0.10334079183974
356 213 0.349368795333678
59 563 0.16169562813453
374 93 0.262513221976651
355 470 0.361790384596902
42 320 0.359513780184126
253 231 0.274982843026066
174 392 0.22013438258183
44 28 0.395640131146551
327 241 0.354528735077709
203 250 0.199695226616002
427 54 0.150639473802121
59 155 0.113171899079445
15 242 0.125425530399759
225 34 0.132682926829268
33 34 0.198050823389028
303 252 0.138198251665694
77 281 0.111696432302533
110 332 0.234515608820767
153 5 0.17998930843188
564 384 0.117707473964861
77 403 0.137338929120817
428 294 0.309130144480129
220 429 0.475240237446872
290 15 0.368427470036281
15 190 0.461837523011706
57 242 0.152311669912086
431 212 0.233386768377105
33 56 0.128487935365273
340 18 0.449442825453675
354 91 0.114972025281767
21 105 0.129136709040415
26 227 0.112756444351164
356 141 0.143604163055305
300 28 0.341689204172021
370 127 0.328304542799044
57 19 0.134653313623911
153 14 0.156836131874526
259 40 0.304324830901123
65 203 0.199695226616002
37 31 0.113577984929314
43 88 0.129495683877942
10 89 0.211211124550546
124 38 0.242338276356892
213 432 0.151182265222933
5 51 0.190275527114523
12 56 0.189378579176703
433 77 0.175797081958053
434 317 0.110223726554141
0 435 0.246687697160883
75 180 0.394320975540846
55 17 0.20296332776116
303 41 0.150639473802121
315 37 0.338157134204683
52 436 0.119766530984079
127 117 0.507054489012805
400 203 0.136993726307237
10 317 0.103381187479878
259 69 0.10867221388189
377 110 0.136993726307237
314 328 0.140494027647753
394 223 0.128043552731803
55 28 0.260247913744914
438 232 0.108091770094544
290 110 0.356304642849734
0 283 0.257527126449517
25 15 0.333012269652041
317 19 0.137330894345954
55 13 0.149886649860517
88 35 0.198050823389028
188 335 0.170330038485764
412 16 0.190275527114523
439 245 0.479286028910198
420 218 0.42400797423358
565 302 0.320400825478717
256 312 0.166774457648971
218 413 0.227796344393214
430 317 0.306443517742552
312 344 0.235774789748843
252 304 0.197609833038836
243 52 0.141859386214152
59 253 0.142949535127689
189 94 0.119124612606408
189 402 0.106645065171039
12 51 0.113291061986045
88 42 0.31574059365592
311 301 0.113171899079445
84 241 0.366829608165907
78 317 0.405108455393638
492 566 0.216358042357762
89 38 0.167346691218611
191 289 0.117391741081703
0 440 0.142949535127689
441 147 0.211691456243514
45 94 0.586385771210651
41 57 0.117763657999088
339 313 0.292467244603897
47 155 0.167594277942713
41 323 0.165121951219512
72 129 0.17102615694165
453 345 0.323108219846104
205 250 0.113171899079445
400 406 0.147633182831119
69 37 0.224154947979811
314 212 0.114972025281767
2 36 0.175894769042521
417 430 0.10334079183974
53 88 0.1966150216905
453 390 0.222844094492905
344 233 0.150639473802121
399 453 0.28281973325288
416 160 0.123147569618537
453 397 0.230259714572693
306 94 0.113171899079445
307 94 0.113171899079445
78 51 0.330169401866701
370 116 0.112027027478809
59 126 0.401888287442663
400 399 0.288126382306032
345 205 0.128487935365273
42 89 0.284192917596298
364 442 0.191760545474223
36 100 0.57557494092464
80 37 0.424593566240055
78 429 0.519992916715313
191 117 0.358865181287913
44 34 0.308488487095534
49 317 0.161252178297419
146 41 0.111559687510799
418 444 0.399961432984901
146 347 0.245298918465641
91 36 0.567953438569391
258 96 0.295063739083838
260 391 0.152260573777718
320 445 0.295015836222276
75 234 0.161991149662734
44 358 0.114972025281767
75 323 0.132682926829268
97 314 0.162695675162216
53 91 0.291163732878414
105 91 0.202902968171519
59 446 0.306427079040565
284 160 0.311990729024935
84 277 0.126140792992895
284 93 0.388988638199252
203 260 0.216458933648799
267 402 0.123813316035004
100 66 0.199695226616002
252 37 0.171329897403713
12 95 0.170486677775735
188 161 0.411296896204309
78 161 0.340842379231292
121 170 0.19756327851715
400 260 0.147633182831119
249 111 0.222482359404829
33 153 0.110268540897776
62 30 0.549875742121834
66 166 0.136993726307237
449 16 0.147649157517898
22 75 0.132682926829268
115 78 0.401475720007824
450 384 0.236083461884272
317 335 0.219438939852608
89 178 0.146921856240672
29 37 0.216391775934164
97 161 0.123202831232028
40 37 0.346364624707677
0 66 0.107708700807174
294 214 0.124326681570002
105 54 0.478041569977194
59 452 0.156836131874526
356 432 0.247207838540079
62 329 0.45197520793196
0 204 0.156836131874526
259 315 0.11015276175494
434 401 0.209570898065956
354 304 0.284084522042925
3 317 0.16773175779978
304 212 0.142549737857425
62 100 0.216912806568935
328 94 0.102607987241487
437 374 0.114573772515125
91 215 0.333956245018201
25 12 0.136993726307237
32 179 0.222092070638168
0 330 0.150891175968117
370 453 0.405932387988757
454 185 0.156836131874526
43 31 0.150639473802121
2 19 0.156437118361226
124 403 0.333159603543358
400 390 0.27085051735413
400 397 0.246488742867744
69 34 0.201841961543672
150 66 0.156017280935669
24 323 0.101707317073171
121 317 0.293685669376917
13 353 0.143767092456363
121 3 0.143604163055305
188 116 0.170330038485764
514 325 0.222700469580823
227 369 0.567889924646572
196 272 0.10334079183974
259 455 0.114972025281767
63 304 0.24146853188876
431 223 0.253272270027475
31 317 0.112089928816498
259 252 0.141720645692152
313 567 0.190787914009299
326 100 0.412834774842973
209 281 0.176622106645983
337 117 0.381463414634146
417 291 0.125676978363155
62 252 0.138869707994518
330 127 0.142949535127689
322 325 0.128487935365273
0 212 0.142949535127689
412 15 0.181120969128778
397 203 0.168577533131108
90 430 0.376155627229414
21 88 0.179883109511382
140 52 0.126140792992895
223 116 0.199695226616002
96 153 0.193321849797205
322 117 0.380143142712411
414 94 0.277208961380464
4 63 0.165361500550802
337 242 0.147073170731707
151 17 0.170330038485764
147 161 0.375351839273001
138 244 0.236329553960017
252 63 0.321987078568737
84 250 0.183874947570556
259 100 0.167594277942713
568 257 0.183943119881658
333 84 0.409004030182586
15 371 0.16885127247801
456 457 0.139793644046314
25 69 0.147633182831119
63 100 0.304011730542075
88 114 0.138374198931239
100 361 0.150639473802121
25 91 0.114972025281767
324 130 0.183874947570556
69 102 0.137654549626813
105 123 0.134782941155228
10 226 0.183874947570556
554 244 0.394320975540846
38 28 0.189537732712429
296 406 0.183558520461034
15 204 0.445348586710682
153 19 0.335656341338164
151 28 0.220131720363285
327 66 0.15871972310026
57 204 0.277153658602966
259 6 0.115802648413919
485 66 0.123545572010276
44 311 0.142949535127689
21 25 0.10334079183974
325 288 0.151302974950879
59 404 0.197493394496441
68 37 0.197475986732855
232 435 0.235394794259882
417 434 0.324250777368512
161 79 0.284671532846715
335 79 0.185638648604397
112 212 0.389680200186832
84 335 0.117440967275651
93 227 0.113577984929314
429 100 0.183874947570556
114 87 0.277526087483072
370 334 0.2835139409625
471 227 0.142949535127689
93 190 0.150639473802121
81 443 0.132682926829268
379 212 0.174263830233163
100 231 0.320308445191373
59 337 0.508718781646327
112 25 0.139431339340502
189 350 0.114344831759888
81 345 0.128043552731803
81 399 0.264275098743858
397 103 0.124618816004669
81 512 0.235774789748843
345 103 0.139366630450461
140 242 0.31757429771221
81 391 0.132682926829268
434 365 0.143604163055305
81 390 0.101172049667099
443 103 0.263568332188033
391 103 0.199695226616002
8 151 0.472104343708859
25 38 0.136993726307237
81 397 0.187367997886162
390 103 0.263892697283749
459 103 0.11370676212786
512 103 0.107708700807174
429 45 0.277743880889138
265 127 0.109363960077292
196 343 0.162751384796012
0 278 0.168175923679635
414 563 0.273371151354684
88 79 0.272330097486777
314 79 0.168554522190219
328 248 0.174797200559082
65 150 0.514096666000481
77 211 0.299723858063352
68 36 0.136416553632697
267 569 0.191827663399211
259 89 0.23594334480462
4 51 0.181691878408932
157 395 0.374486813298845
192 569 0.250986335901917
306 132 0.485797705944307
406 57 0.119757791492247
147 87 0.209713632639214
243 66 0.242817679558011
322 0 0.128487935365273
160 570 0.400858455230833
416 150 0.14288397411258
320 265 0.258607830633586
230 325 0.128487935365273
57 301 0.13548829019793
121 117 0.150639473802121
335 250 0.173632062848105
364 265 0.184747081712062
88 56 0.145619660080643
451 66 0.162880003145203
25 44 0.576550891486506
43 3 0.436858980241928
265 415 0.156850563798108
253 144 0.142949535127689
72 31 0.150639473802121
361 392 0.240885084844067
303 59 0.179883109511382
89 37 0.237326365583076
571 96 0.22139035793473
298 328 0.109559613102168
243 232 0.41536120862438
397 205 0.249124207052856
196 315 0.154262523131672
261 34 0.167594277942713
390 203 0.195392012765997
414 131 0.100188808178335
259 75 0.30355924362663
335 66 0.141022099447514
196 460 0.194234035803426
69 317 0.100647620815445
54 369 0.150639473802121
461 66 0.102421803074078
112 41 0.215204321367121
186 404 0.188112055609171
124 63 0.127778673485731
449 462 0.377945712667327
140 276 0.137245553010008
400 66 0.136993726307237
252 100 0.187317985333319
152 353 0.220761622499269
51 310 0.211691456243514
26 37 0.167594277942713
11 317 0.365486208998156
366 174 0.28098240180788
112 63 0.192418614545312
69 335 0.169092003180419
3 226 0.36331507299785
417 202 0.126140792992895
29 25 0.10334079183974
145 427 0.118972206001272
399 260 0.149249592382787
68 133 0.416325175846549
225 57 0.19467053669237
126 52 0.223661406063032
300 464 0.238404042796432
101 347 0.371067151531853
12 372 0.136993726307237
161 15 0.279171034715079
100 51 0.167594277942713
283 231 0.377926427770252
9 234 0.113171899079445
52 110 0.189533442236941
284 418 0.171956847243038
230 281 0.173935449834052
17 89 0.211099075776505
110 117 0.223555869502106
466 317 0.316865265762241
326 37 0.217358825064412
467 289 0.150702820235716
448 57 0.128578687815331
113 19 0.347066947249934
24 6 0.183874947570556
59 403 0.447731402500253
222 232 0.167684828218771
146 25 0.448663238185057
21 37 0.265266470153777
6 191 0.347812786784949
4 300 0.407914680669856
77 230 0.128487935365273
354 157 0.375247965358395
140 51 0.480177282059143
140 69 0.147633182831119
468 427 0.132682926829268
0 572 0.195207817172696
6 139 0.126140792992895
34 31 0.132682926829268
351 241 0.128487935365273
359 155 0.132682926829268
322 155 0.128486610007691
115 221 0.341814475269973
469 390 0.237895449545084
139 38 0.136993726307237
77 104 0.401888287442663
59 209 0.380887748838133
41 37 0.167594277942713
44 294 0.142949535127689
120 573 0.128487935365273
69 40 0.124371269944909
191 346 0.304398022448736
247 30 0.442716079413734
495 448 0.337319534578836
249 191 0.135173820719894
81 227 0.167594277942713
46 247 0.216912806568935
337 97 0.191502465961071
53 304 0.223057299113586
8 25 0.295487992497241
469 399 0.343439511903043
33 51 0.168175923679635
399 205 0.237144524292233
470 289 0.33292589763178
292 58 0.17102615694165
391 205 0.113171899079445
399 203 0.298255959786181
100 304 0.261952942005372
78 337 0.47497130056549
390 205 0.151230092657242
174 37 0.142949535127689
336 226 0.126140792992895
249 15 0.157161581192696
387 57 0.489360580039743
53 139 0.156506464717754
294 242 0.113171899079445
284 127 0.1966150216905
68 129 0.311685971434849
67 77 0.398555643439488
196 135 0.150639473802121
2 57 0.241468638181983
269 177 0.202193602591658
115 133 0.325452403874066
472 339 0.237683714429434
124 574 0.114575058471131
96 154 0.579316321313366
116 281 0.238784200468505
12 282 0.339825125802479
309 473 0.215204321367121
69 41 0.215204321367121
104 57 0.222165683012008
37 94 0.166774457648971
249 57 0.130716082231399
153 37 0.321059589844209
387 154 0.244861539339149
265 321 0.109367326188262
91 19 0.108073768747197
139 40 0.203727802541461
96 474 0.141487158897165
96 205 0.128487935365273
77 253 0.446133353094586
84 391 0.183874947570556
259 94 0.142949535127689
104 130 0.342337730832024
17 226 0.276742081303018
475 250 0.16609756097561
161 100 0.416181173881091
81 157 0.216358042357762
160 250 0.326048370375403
161 317 0.115961506607094
443 406 0.15366713796966
96 314 0.30090407035689
186 359 0.167594277942713
367 202 0.156836131874526
114 51 0.156334730906277
476 477 0.24547538008619
387 15 0.527224005002881
21 104 0.27962802497812
102 353 0.10334079183974
104 79 0.489889747649112
416 383 0.227584453999724
37 455 0.2476970838791
339 421 0.159839419418721
121 425 0.10334079183974
15 110 0.109564544010751
43 352 0.175519515565431
93 381 0.167594277942713
6 455 0.188681186157439
51 242 0.317114663166115
364 314 0.255183897907557
146 91 0.205515124379788
31 478 0.19260328018004
68 404 0.354305405941929
400 114 0.277980294119587
105 89 0.20643436836316
68 196 0.125219901014001
575 66 0.203727802541461
480 57 0.428261910902772
357 448 0.235774789748843
355 558 0.12474755455976
68 293 0.348352489378091
220 66 0.28723829560005
467 127 0.334051327083379
147 404 0.302413845856318
315 317 0.174361371271827
233 66 0.216385031488873
295 448 0.113171899079445
426 392 0.12582834473414
21 41 0.150639473802121
96 161 0.178708978474438
287 481 0.113233672322015
104 15 0.428823062317293
276 94 0.279708641631033
337 188 0.196386530755507
576 276 0.22672083422563
469 391 0.186480101325238
196 79 0.132763765310726
207 336 0.17066107287274
177 203 0.122254312158613
124 91 0.113229748756368
300 18 0.222171935018839
259 19 0.120186644447381
252 25 0.447786086204246
120 206 0.128487935365273
68 480 0.161815265198361
67 568 0.219712199770946
302 110 0.120246174931983
414 93 0.183874947570556
2 478 0.279078588764698
262 275 0.209570898065956
411 286 0.113171899079445
26 57 0.321146302043431
482 384 0.276980497863623
89 36 0.305642084402106
294 361 0.128487935365273
480 165 0.34706601231891
374 51 0.243877159241649
91 315 0.113706076650261
221 66 0.281949499078109
452 170 0.206171296110236
414 121 0.271913672582275
483 293 0.291160771499257
292 336 0.25835197959935
78 116 0.193099219855858
90 208 0.179743604420294
75 226 0.50565610581903
130 30 0.195512422679933
6 356 0.156836131874526
68 484 0.290171541651533
354 38 0.153866115392871
395 267 0.238599409235539
276 432 0.161313799110988
494 207 0.134903640256959
68 233 0.245232637827419
192 395 0.105847334051728
4 68 0.23107534789671
189 346 0.280556107438415
249 116 0.247766012881509
370 404 0.105216879807023
93 242 0.183170731707317
296 195 0.142949535127689
29 153 0.208759529272843
438 356 0.107402395388431
91 33 0.444264731720368
33 35 0.473213872131207
259 34 0.167594277942713
167 577 0.117757653423937
552 66 0.170330038485764
112 37 0.446829348086573
303 95 0.10334079183974
337 52 0.10198106335846
230 104 0.10334079183974
8 317 0.324189919434183
75 153 0.278130172795799
120 15 0.10375949683663
37 3 0.166774457648971
12 57 0.329613802641295
299 317 0.146643967023088
465 353 0.105659042614428
256 385 0.142949535127689
416 395 0.19190183631589
227 103 0.297524276020651
354 44 0.114972025281767
69 94 0.213151833127955
370 250 0.384904803968548
69 104 0.156317487703538
414 76 0.126962582946044
107 393 0.184281912891541
78 84 0.220155361571598
26 36 0.183874947570556
59 373 0.103241330925553
49 31 0.132682926829268
259 2 0.232255873504321
153 36 0.277454879167941
68 330 0.340697802489046
327 314 0.126140792992895
299 116 0.178771278238958
112 44 0.239848755434144
339 330 0.108797761509085
9 113 0.106347793193054
55 89 0.372940716477589
78 66 0.251443263042342
44 32 0.211112131518634
101 153 0.126140792992895
379 66 0.128952436887072
24 247 0.149024390243902
277 66 0.136993726307237
65 260 0.212039551935251
174 261 0.142949535127689
284 150 0.412116510821903
0 289 0.164242751995987
124 87 0.260320054335176
280 487 0.114524148937256
116 127 0.170330038485764
417 2 0.126140792992895
259 488 0.168175923679635
578 207 0.254817987152034
417 494 0.126140792992895
324 393 0.10125420617926
186 100 0.167594277942713
6 350 0.311887078479389
364 313 0.101711643727878
317 489 0.111501682804044
451 257 0.205091211722098
53 28 0.244405182567727
265 212 0.224138527557651
292 120 0.364185110663984
174 31 0.113171899079445
25 17 0.136993726307237
479 68 0.346101280345341
335 570 0.170486677775735
29 41 0.150639473802121
113 5 0.155802729780053
29 282 0.454998453469967
252 75 0.252687487040937
146 44 0.432025899973227
188 317 0.315335704663586
155 288 0.172647327217784
234 488 0.246687697160883
147 195 0.211691456243514
62 120 0.128487935365273
485 154 0.126140792992895
2 226 0.308045273784032
65 286 0.113171899079445
192 375 0.114814186641618
37 353 0.114972025281767
6 57 0.340910895088455
72 291 0.185560745888206
76 155 0.113171899079445
88 390 0.137510249199678
53 18 0.135564217172329
51 13 0.19085686742695
88 345 0.43484348321659
88 397 0.117511418421159
284 370 0.492674672533699
88 399 0.126813454834286
284 68 0.206222416390578
370 390 0.335648663244628
88 391 0.113171899079445
46 130 0.235774789748843
59 515 0.246687697160883
490 59 0.266876971608833
491 350 0.211221850694803
114 314 0.180443348814469
53 100 0.230511785599556
464 99 0.434648998212588
283 209 0.203480547755694
55 492 0.181446780760514
213 493 0.136993726307237
15 127 0.527005362060614
496 343 0.113171899079445
168 450 0.143604163055305
11 95 0.31757429771221
485 418 0.26913700199139
370 345 0.266567324800478
429 353 0.126140792992895
77 431 0.203079494978646
465 315 0.392648922686946
296 84 0.156836131874526
43 73 0.128487935365273
475 301 0.132682926829268
434 494 0.156836131874526
288 51 0.450699261518507
53 213 0.158134317991193
356 289 0.313272092181382
196 496 0.150639473802121
57 335 0.264730975921095
91 213 0.114972025281767
34 3 0.585276242788304
196 204 0.408045937049272
37 301 0.113577984929314
68 339 0.329100386327923
315 31 0.220478937086903
118 304 0.224946163274899
429 37 0.375057453992272
387 51 0.132067065325987
303 124 0.219957501542538
259 25 0.230225844743145
93 467 0.139584408721554
491 289 0.285822648295471
497 289 0.110329126876927
145 105 0.201701166562217
294 190 0.198022582739421
155 117 0.132682926829268
311 93 0.196386530755507
0 498 0.216162055967459
469 34 0.288530235515033
115 97 0.443029892399726
308 100 0.183170731707317
115 188 0.250743338407556
36 455 0.434072728828491
327 295 0.156836131874526
89 288 0.440520754788963
17 69 0.328657696322505
434 430 0.216162055967459
73 102 0.128487935365273
0 222 0.103468178650266
126 499 0.274464449234875
88 97 0.289514163994859
148 214 0.208759529272843
304 19 0.199213158256189
355 317 0.218650162065624
186 210 0.24589198334206
132 242 0.344564662474073
12 91 0.249920391857347
579 202 0.254817987152034
25 5 0.10334079183974
307 214 0.260360745089401
91 5 0.276832237488189
222 127 0.313511688462817
367 212 0.100905554207781
101 103 0.136993726307237
54 102 0.17102615694165
431 321 0.140700694044315
443 87 0.121711475246891
21 353 0.10334079183974
28 353 0.158134317991193
426 568 0.175587632187085
6 372 0.126140792992895
44 361 0.190275527114523
46 282 0.610094637223975
427 38 0.198593966175105
59 93 0.113171899079445
253 282 0.133606428256599
94 190 0.128487935365273
580 196 0.128487935365273
100 94 0.113171899079445
0 111 0.312302839116719
370 399 0.108025355843188
250 204 0.246454236449611
270 66 0.41536120862438
2 15 0.491789397741995
104 282 0.348607643274128
299 100 0.183170731707317
457 63 0.131000669267518
303 76 0.145619660080643
233 205 0.128487935365273
0 408 0.113171899079445
25 215 0.342337730832024
330 110 0.252238762839326
215 41 0.132682926829268
355 15 0.142049469964664
174 44 0.133606428256599
43 27 0.163849916252803
76 117 0.113171899079445
44 41 0.113577984929314
500 226 0.143408952953453
164 31 0.16609756097561
416 136 0.348333205135836
196 188 0.162751384796012
276 242 0.187948448579767
63 425 0.17066107287274
69 93 0.27533494057264
157 226 0.112025808481804
146 63 0.213139245404777
91 57 0.125222769294568
67 57 0.197496967766996
317 281 0.140553669509088
6 346 0.483251175232701
256 204 0.573158051981252
88 17 0.270106703186983
348 361 0.10334079183974
259 14 0.142949535127689
67 15 0.302139850509942
508 68 0.168635210250592
22 317 0.1991773421827
356 350 0.402811000812672
59 501 0.113171899079445
59 502 0.128487935365273
124 227 0.144382298921826
59 503 0.302731590389984
504 59 0.26813880126183
404 83 0.296318478906809
91 123 0.183673469387755
263 201 0.295487992497241
179 317 0.112013908650275
285 154 0.401888287442663
59 505 0.775613948681957
19 79 0.190926037378642
75 63 0.183874947570556
230 155 0.345141617917212
219 147 0.537099706340801
426 174 0.1966150216905
303 118 0.150639473802121
252 68 0.120219035752053
140 361 0.237683821231402
62 41 0.113171899079445
234 51 0.142949535127689
284 195 0.207668250655928
506 87 0.171697476016575
411 202 0.183874947570556
81 498 0.150639473802121
259 33 0.142949535127689
453 361 0.530756715702879
59 142 0.439947031338968
259 153 0.109947458325575
105 31 0.168855791414267
76 209 0.156836131874526
0 140 0.349368795333678
207 226 0.130620985010707
44 104 0.2476970838791
84 499 0.205235408164478
96 335 0.22672083422563
43 55 0.10379983440537
284 364 0.368791471747356
155 207 0.183874947570556
157 247 0.56696902381957
373 288 0.314459313322341
354 36 0.152110956256138
214 51 0.468415207067539
211 498 0.191446889420572
33 36 0.126962582946044
453 57 0.337225569807281
447 59 0.268882322001334
20 226 0.145407595898534
168 482 0.156817595978574
469 397 0.100565933048693
330 408 0.167594277942713
429 261 0.317156129785313
120 57 0.204917425682697
187 236 0.113171899079445
199 166 0.114972025281767
6 100 0.183874947570556
20 178 0.178469494083761
40 57 0.169554425227003
259 174 0.142949535127689
84 233 0.413659638676777
175 203 0.211442004652238
174 432 0.112876031937168
52 288 0.186974630509652
76 230 0.128487935365273
507 68 0.124501594613215
42 317 0.332270156996153
215 92 0.149024390243902
5 95 0.237683821231402
139 304 0.125676978363155
453 15 0.267301129723105
333 451 0.1966150216905
427 261 0.250159106046844
100 455 0.295487992497241
186 377 0.114972025281767
354 5 0.10334079183974
10 36 0.247613112169594
31 564 0.138020882228191
65 100 0.201219512195122
333 68 0.233168821831733
294 392 0.234030957665905
31 226 0.183874947570556
88 335 0.170330038485764
12 317 0.292162442077365
406 31 0.215204321367121
38 37 0.151157788025037
5 41 0.144436671939681
107 181 0.300642011810121
284 407 0.158134317991193
445 321 0.312985013902066
186 66 0.130756123383621
88 161 0.207329498086641
367 477 0.373334803388363
457 392 0.121389614781862
59 92 0.235774789748843
370 203 0.292100890089709
59 91 0.142949535127689
91 389 0.170941220404592
269 84 0.183874947570556
364 290 0.185963488674613
67 114 0.120868955537742
145 124 0.151493663824063
333 330 0.142949535127689
354 125 0.168554522190219
403 281 0.163214357355106
77 117 0.216358042357762
303 139 0.579316321313366
62 425 0.777136252801058
215 37 0.323686987791319
80 107 0.145219920894428
338 15 0.388706903892145
510 509 0.376155627229414
375 232 0.201546007694175
126 66 0.153866115392871
136 57 0.291104552553868
136 15 0.621703845278804
44 170 0.229098668024697
63 20 0.337376836995346
253 362 0.114972025281767
152 37 0.102241622563417
0 147 0.133606428256599
88 14 0.289589905362776
337 79 0.145515595918961
145 125 0.290797244395519
51 79 0.215474637283469
215 369 0.165121951219512
101 63 0.126140792992895
89 335 0.247188613321434
114 116 0.258019775618851
303 29 0.119517102615694
308 243 0.199695226616002
59 111 0.246687697160883
114 161 0.112126891180146
476 353 0.147633182831119
53 353 0.158134317991193
207 401 0.190668636482335
357 244 0.17918884020912
189 93 0.167594277942713
44 478 0.134111872596607
59 416 0.672236539374984
495 244 0.134519295364051
59 511 0.289589905362776
299 68 0.21840281465711
57 127 0.456792458088671
291 57 0.283849574008971
354 234 0.401888287442663
78 499 0.361643031981963
411 392 0.122192761855361
153 455 0.52470329858389
273 66 0.170330038485764
68 446 0.18962368860248
201 257 0.244861539339149
68 281 0.318585850779231
453 100 0.103141979951589
200 265 0.282178988326848
9 300 0.167594277942713
337 19 0.284333358283255
344 204 0.224435597769944
327 416 0.232255873504321
22 153 0.183874947570556
328 169 0.18932426896435
401 66 0.194290250070647
386 196 0.423083230878175
324 30 0.177938487256808
8 37 0.318757744322416
330 334 0.232255873504321
68 301 0.197108540228042
284 334 0.140664653065942
140 57 0.348705320645935
12 15 0.343616858632089
38 15 0.307392958167533
438 300 0.142338512128278
11 37 0.305202324782931
75 455 0.661250592496657
5 100 0.112979605351591
129 436 0.134365435577836
21 36 0.198233838721271
306 402 0.199695226616002
427 429 0.183874947570556
284 196 0.261707929706633
330 364 0.195599149825155
220 473 0.270782152098491
121 581 0.12202915489203
341 66 0.178037104611693
345 83 0.10334079183974
75 582 0.251315382067302
296 204 0.156836131874526
419 353 0.386385447547444
160 241 0.222482359404829
160 404 0.253699677559457
76 373 0.142949535127689
194 296 0.156836131874526
17 153 0.132557131380437
359 104 0.704084638974173
374 15 0.105480507076641
307 402 0.287796061887768
220 72 0.133784180801495
36 45 0.424148513513594
583 221 0.180160327553591
390 83 0.21103769477176
443 83 0.273401687282272
123 89 0.141897931869602
161 57 0.225963384207998
459 83 0.168554522190219
234 38 0.338155223464384
54 282 0.128487935365273
393 130 0.183874947570556
93 235 0.150639473802121
84 236 0.183874947570556
93 165 0.106131839329563
513 209 0.336956059237426
328 332 0.225897030936418
391 180 0.150639473802121
127 211 0.196131207436609
219 467 0.358522739746024
84 100 0.183874947570556
49 447 0.187460516814875
0 447 0.169802432064375
381 478 0.315093292363654
36 38 0.197963610679995
414 117 0.260360745089401
124 353 0.120620267281664
17 107 0.129175096036282
514 19 0.152698983217677
476 125 0.127628600750108
414 428 0.407949739954967
33 95 0.349368795333678
471 215 0.216912806568935
63 455 0.126140792992895
215 44 0.337242407330803
175 196 0.150639473802121
584 342 0.541677732776723
7 247 0.150639473802121
213 132 0.279353680496113
175 205 0.113171899079445
0 6 0.156836131874526
466 288 0.434995206136146
206 226 0.156836131874526
44 190 0.503670512950209
100 301 0.116829268292683
178 27 0.153700966251847
186 6 0.122633703516988
196 335 0.157037519000399
324 77 0.156836131874526
43 372 0.257744092588528
53 59 0.223215877566273
256 377 0.114972025281767
470 222 0.430581165592715
95 19 0.178939004085536
354 227 0.171049067024589
344 377 0.295487992497241
196 342 0.128487935365273
330 250 0.1287764856251
379 223 0.154934810885072
350 346 0.359900158884968
57 509 0.134887455208139
113 51 0.289909684063787
249 127 0.36753213293837
11 326 0.340273029671192
367 81 0.87930127471039
261 57 0.105490696557242
0 334 0.409004030182586
585 68 0.104852660082184
68 452 0.220298681698444
504 68 0.127606372533745
490 68 0.179145686014527
124 36 0.407983683363071
551 249 0.249395584413512
88 188 0.246687697160883
335 51 0.160740388083884
5 455 0.10334079183974
293 335 0.199695226616002
68 515 0.24248315559332
68 486 0.115187260851628
68 503 0.1875489216462
124 114 0.112786101287363
68 505 0.150951099544559
412 43 0.194006419803043
91 353 0.114972025281767
24 91 0.167594277942713
516 77 0.179883109511382
252 91 0.177251747746025
291 15 0.314023019952666
373 33 0.135007894287262
21 92 0.407169636541615
406 336 0.147633182831119
29 477 0.151863013758747
5 317 0.264597775103269
88 38 0.170330038485764
392 205 0.164548082245528
263 404 0.191241630846854
492 424 0.113171899079445
88 34 0.198050823389028
112 89 0.225658731938503
370 335 0.227568210762562
361 455 0.19756327851715
161 89 0.302366733023667
510 232 0.305386943883634
196 136 0.150639473802121
34 51 0.167594277942713
252 234 0.151956905606566
126 110 0.136993726307237
400 84 0.126140792992895
364 273 0.22342837689143
248 127 0.103434040472029
112 119 0.183558520461034
69 242 0.215204321367121
131 93 0.167594277942713
151 75 0.113171899079445
84 97 0.326451758233739
263 116 0.199695226616002
62 282 0.246687697160883
368 32 0.209300733758585
370 410 0.113631822642185
174 304 0.177737517700918
195 310 0.211691456243514
424 498 0.197014834226752
192 131 0.296643640850934
24 458 0.256301065562271
