0 1 0.153767972049567
2 3 0.148490779792233
4 5 0.334251684607924
4 6 0.491870567847246
7 2 0.100781942753897
8 9 0.18834358202862
10 11 0.309094374467381
12 11 0.426971201854436
12 13 0.492127863938476
4 12 0.339868359191349
14 15 0.206857519067517
7 16 0.222069291816158
9 13 0.365675966760575
6 17 0.287410981144598
13 18 0.307916610277297
10 19 0.324566138823503
6 13 0.525754181993883
20 3 0.134401809782969
21 18 0.295842741284922
22 23 0.253463348552807
24 25 0.140721650519558
11 19 0.419079290916483
12 26 0.245874534488935
21 26 0.275129226309813
12 19 0.397185518350551
7 27 0.109574832158026
4 13 0.437581729561748
9 28 0.280220521940576
4 9 0.223973927744125
29 30 0.422420135036465
21 9 0.137941615054221
4 19 0.468352381341105
12 18 0.219897606039668
21 13 0.459595322748839
20 31 0.367607448589976
10 12 0.320151100644041
32 13 0.524124365180862
5 13 0.34036002097169
8 4 0.484603018650463
33 5 0.23293507895987
8 11 0.155956984050266
31 27 0.131902752688382
33 26 0.192955418316232
34 35 0.347136951584809
9 6 0.239756368238463
8 6 0.43455508915767
6 11 0.276941302830796
21 28 0.419782241544045
36 37 0.273231147595198
19 28 0.535205750155785
32 18 0.413893155753266
10 13 0.224604778429157
26 18 0.136141514628372
9 10 0.210681352590152
13 19 0.440608413808051
11 26 0.176196289766372
7 20 0.212064227235728
26 13 0.318949086897549
16 27 0.382608286932928
6 19 0.524828154407449
10 5 0.211011022713517
5 26 0.552922227335481
6 5 0.30014304052524
20 16 0.242509811782964
5 18 0.182386998494647
26 28 0.321355140894404
38 34 0.37167371590979
8 5 0.246608779226006
9 19 0.266445031768851
6 26 0.278745559794154
8 12 0.29323583210981
31 3 0.172544765469191
4 26 0.355462200636481
11 5 0.358051989268281
18 19 0.327935159640908
6 10 0.38563018697367
11 13 0.401088230204579
8 26 0.256536327137093
4 11 0.333754479154163
26 19 0.489507593189139
20 27 0.375086310551661
32 28 0.567744734147041
39 16 0.112813730717968
2 27 0.166251295565371
26 32 0.477691110076481
8 19 0.289384484477103
10 17 0.152410487734017
7 31 0.182496804162512
9 12 0.149513068597508
3 27 0.267522024912624
33 19 0.292143175484407
40 38 0.108183714842658
17 19 0.390292784090414
13 28 0.403167711992773
4 10 0.219088457988885
9 11 0.16403554312242
18 28 0.30692422545726
6 12 0.500498235268249
6 18 0.237049584592971
4 18 0.37235057891701
5 19 0.421076852277957
12 5 0.402953290253053
24 41 0.550300074437138
4 33 0.294633135289222
21 12 0.302610902647478
42 19 0.433548342874121
23 26 0.121703835262951
43 40 0.192804402070151
44 45 0.311028138216988
21 19 0.344455071229473
5 28 0.405690592434104
9 23 0.230940771723328
4 28 0.498575083342336
17 11 0.362236896380443
23 11 0.137862395250723
12 28 0.332492674180108
9 32 0.353487950543774
8 23 0.213483991727119
4 23 0.215668712232473
9 17 0.234997784294874
25 41 0.405009926307903
46 30 0.271060268667929
23 19 0.145393550951581
47 48 0.136485491492492
22 19 0.361867556968714
21 5 0.372175526682024
8 17 0.316319543318133
4 21 0.353953369708314
43 38 0.164004701087583
10 18 0.259703325943481
43 34 0.204425809027223
4 17 0.339512563586932
7 39 0.130381761080155
8 13 0.47321696016031
6 33 0.295777458234888
11 18 0.270019581437453
8 10 0.134948295088486
17 13 0.363665977968547
23 13 0.154031867010748
23 10 0.129039000375168
17 26 0.2170188292781
23 5 0.124293784119582
21 33 0.206296223001499
8 18 0.365542688729299
49 50 0.29283978145152
9 22 0.174104262034808
17 5 0.370702086884978
15 51 0.110911445720842
6 28 0.424019911361939
21 6 0.223493103675554
0 52 0.1758862692261
42 10 0.324850746607025
42 5 0.400670561564152
53 54 0.209757320045583
55 56 0.254453284296805
4 42 0.506143352078884
33 28 0.265527552202212
23 17 0.264565930319765
21 32 0.378129081146792
57 15 0.439814550084787
8 42 0.486375340170264
12 33 0.217048670586712
8 21 0.383060477177013
8 22 0.220413482776187
11 33 0.259957559594482
58 59 0.355946323045136
43 13 0.21791452163573
21 11 0.256006641862435
42 17 0.374204341336217
8 28 0.422267695768876
33 13 0.398798570437148
22 5 0.183276876436117
12 17 0.134602963661678
11 28 0.395033044000607
23 12 0.100773487363859
60 61 0.203832468531213
62 63 0.512556627720187
64 41 0.280186145001807
65 66 0.197391971666968
10 33 0.221401331053898
67 68 0.209249084249084
8 33 0.185326886579033
69 19 0.147355349393541
61 70 0.145928361689065
71 72 0.130784006304891
73 46 0.158164393670671
9 33 0.446092919736548
22 17 0.13693638825951
47 74 0.150698807306626
25 64 0.148968710655955
22 6 0.292784731574402
25 75 0.160014407219104
76 77 0.194494287430503
78 79 0.351389853080199
42 12 0.493667002403146
80 60 0.208224273920375
75 41 0.113829426100811
81 30 0.12806632520197
23 32 0.110589251169264
82 83 0.224365675205218
84 65 0.198972207483408
42 11 0.463096948220938
42 18 0.295928910646764
53 38 0.347982785055714
10 32 0.195531628335809
29 85 0.160909451904307
4 22 0.504013741477425
21 42 0.508720890073706
86 87 0.202748358789914
42 26 0.341259833933858
88 89 0.190872665455325
22 10 0.184364256749075
22 26 0.156999830296481
32 19 0.496103896622235
43 35 0.247431840894197
90 72 0.156941323360345
42 28 0.490450245930589
91 92 0.364095552231539
22 13 0.202299459803237
11 32 0.440555910994263
22 12 0.322510269037291
93 94 0.27235217914082
24 95 0.101685891329121
17 32 0.468954607893259
42 13 0.568363215731637
21 10 0.165551554308183
8 32 0.480575579191826
68 96 0.308533532648973
78 97 0.127622411847003
42 32 0.622703221151219
80 98 0.146274155212633
99 61 0.22909081475274
21 17 0.264895324872111
76 100 0.313842384918916
69 5 0.19865169272016
5 34 0.247606421163519
22 11 0.38124793892242
101 54 0.118100691358914
17 28 0.431521368067368
91 102 0.276296930933978
103 30 0.378101785720403
4 32 0.466992975742279
104 100 0.715560216459642
98 60 0.11537511673335
9 42 0.303638159030739
23 33 0.138501038408788
5 32 0.400537274422035
54 92 0.333784026669626
85 30 0.175962595310879
21 23 0.145755899162042
24 64 0.133519989231773
29 103 0.38497315423951
105 38 0.202766236384114
98 61 0.23395451016757
43 5 0.380141246605989
17 18 0.165748392531846
74 48 0.246068625537824
9 43 0.102789256198347
26 34 0.258773663467042
106 517 0.122136752131276
39 107 0.368629635218331
10 28 0.252948847449515
23 28 0.168938803747302
92 30 0.314120094432728
42 33 0.461842362746106
108 109 0.346005745509499
110 111 0.335852829412521
112 81 0.192917459061941
33 32 0.276143088973227
113 38 0.330164075245134
114 15 0.31874170096147
103 85 0.125522855679955
12 32 0.356619776783418
115 116 0.155648612714416
0 116 0.12365404007489
55 12 0.149891301403602
52 117 0.127752673903933
118 119 0.293644920207309
120 121 0.176275152206094
26 38 0.419025211804402
88 19 0.257086726341613
108 122 0.230957313470149
123 63 0.134975024886946
124 125 0.170323647511199
124 81 0.449825488781888
29 92 0.224992698032187
43 26 0.22549099211911
126 127 0.749697104193842
128 129 0.149891399631045
34 19 0.416597433013296
9 88 0.292384710842308
100 130 0.603570894577616
43 19 0.330411341317018
131 132 0.158743014398826
128 133 0.110686035326056
53 134 0.109436413007038
88 5 0.307941507704502
0 100 0.473180672961209
135 136 0.10546119659851
137 30 0.123576842252472
6 42 0.529732160164838
107 16 0.228482947481981
88 6 0.350787914829784
88 26 0.28573765798561
71 90 0.213579083266869
112 30 0.275914196136272
68 138 0.269523093410988
139 41 0.279429277332353
112 29 0.19923660068387
140 141 0.1002331002331
101 134 0.137720812541244
112 125 0.275037649497359
25 139 0.255109962261923
142 143 0.12291850160827
144 100 0.581134675034879
89 5 0.343510052842176
6 69 0.210589102319451
145 54 0.258178584078039
146 85 0.286787954164519
112 85 0.35173146007362
53 145 0.287515601543349
112 103 0.34946458140914
147 114 0.135340584744937
15 79 0.156350593532155
80 148 0.436912050423694
146 30 0.457443195468904
149 150 0.245216858876974
151 21 0.16226639106923
112 92 0.187631311737841
151 9 0.142528429214335
151 13 0.231928266540243
124 152 0.221444253888813
146 103 0.226050489537941
24 139 0.253525172626209
146 29 0.454779775940604
43 6 0.12895819377193
23 153 0.114918414918415
86 154 0.133171596451145
68 117 0.312697723112727
23 42 0.227747968562373
0 155 0.231465263840885
43 10 0.173940841764222
151 6 0.127837200028239
156 57 0.1011448054991
9 40 0.194827002668841
152 125 0.292756372857962
156 15 0.115277157669594
53 12 0.22213492500358
157 158 0.136277585843131
80 159 0.104647394170886
9 38 0.119724690463936
53 35 0.305816436445248
12 34 0.252916588712135
4 43 0.308980533983645
0 57 0.255313814239733
33 69 0.223087844582929
160 161 0.123473524512215
162 163 0.295338150291129
81 103 0.162850360392785
90 164 0.161406807735713
10 34 0.138534932245741
43 11 0.230639070074045
53 19 0.606120791206275
116 165 0.118937893164484
24 13 0.21534198086995
53 5 0.313721968672376
101 34 0.121705624001752
84 166 0.259891012420382
29 137 0.127117370698351
12 35 0.226563154011895
101 40 0.139402774332518
9 35 0.160561664166767
101 43 0.166988501803593
5 40 0.113592566093481
43 12 0.315879620866852
5 38 0.167229908742806
81 125 0.316542062608195
46 103 0.275159082362222
167 168 0.261511643835784
21 22 0.333200892740735
17 169 0.202918618281816
11 35 0.375062481842458
112 152 0.286045754006903
14 51 0.356111263153251
170 85 0.135678297954019
6 34 0.288047290878573
9 34 0.143281290475675
124 51 0.118403386485828
120 171 0.300107481550908
53 43 0.239055775758958
172 121 0.219348356027118
5 35 0.299892002768228
78 114 0.225731481056822
53 26 0.542704004526612
124 92 0.337262228735064
173 174 0.129028033073896
22 32 0.328519371685876
157 103 0.13282925305831
81 46 0.195208885237685
22 28 0.356197286626953
10 35 0.239966389668056
175 84 0.493904898728418
64 13 0.129846957390996
53 34 0.420672334657147
53 9 0.107439701647357
84 66 0.200519633873025
81 92 0.378903086471986
176 79 0.316338297495028
8 35 0.327489779422592
77 52 0.150275907335432
29 170 0.154431606258666
177 84 0.120151850608315
178 179 0.12391147620088
180 85 0.223143769276429
157 30 0.232999803367249
25 13 0.328296529596141
6 32 0.406361910310525
21 69 0.279373863490555
125 51 0.104088313973458
146 92 0.53605574957032
11 40 0.102252219390141
53 6 0.214276367698376
92 158 0.145562635808044
33 181 0.123972055674688
8 43 0.315055168187151
8 34 0.366020375310391
53 10 0.134857378613917
101 5 0.113747380884775
182 183 0.127464190772952
184 185 0.105773622948501
186 187 0.107140710725788
29 157 0.128967501060302
107 27 0.110944165125482
69 13 0.274067621204261
146 124 0.30886402831657
26 35 0.193385319955753
60 148 0.358938466894031
41 13 0.44851061156692
4 181 0.382229757430821
188 79 0.680867393482411
189 190 0.129526251181176
43 22 0.232433608706368
53 4 0.421134674456704
191 192 0.147505413128924
35 19 0.322783211029928
146 170 0.221366012840242
0 117 0.266246027662386
99 193 0.132889631555461
194 195 0.195670971964664
54 34 0.12114300686122
196 197 0.115433942302325
5 181 0.31662888836806
198 199 0.119062327076648
78 176 0.120699004807769
53 11 0.462182492542404
6 35 0.123625701318526
188 114 0.335559968076335
34 13 0.42037909830342
200 201 0.444517850172061
0 202 0.204411282843234
203 204 0.106477484134542
17 178 0.126800792876264
43 28 0.231766132459961
195 205 0.13517121658799
24 178 0.291830499377938
206 207 0.214056280846488
35 13 0.348175009712431
76 52 0.144973442142744
22 35 0.195283068229385
188 176 0.241197464142816
4 35 0.162333888590397
17 35 0.278812513425008
208 176 0.129745001127158
194 135 0.351480386630636
61 193 0.205698226086197
11 38 0.247404740041922
0 39 0.294383916982147
152 51 0.126531567365266
69 180 0.383219586243375
181 19 0.2273654297448
46 85 0.214021346988719
0 127 0.246853135723811
15 176 0.309551814960168
81 163 0.190430212999507
43 23 0.296441958558307
52 180 0.342340017108249
78 15 0.217862841685628
209 210 0.146209736910118
53 13 0.335423582584518
114 79 0.547487666342987
101 26 0.173054364596409
211 212 0.161846779036566
213 214 0.115989869228534
101 215 0.231384549805695
112 73 0.130335986577272
11 34 0.27299610449617
163 216 0.197421641215512
215 5 0.201138397995086
125 30 0.268323270743291
43 17 0.233142024568522
146 152 0.320207189470054
0 130 0.326059230771549
182 217 0.136616820166683
66 110 0.242026640588613
12 69 0.143413518571558
125 92 0.142781073037811
167 188 0.198009075238606
167 78 0.109780744048526
146 157 0.235775887641564
68 155 0.340413413383686
163 103 0.291157259770345
81 216 0.117364908171962
108 218 0.358295116386237
54 134 0.138803860878607
73 81 0.303818392478114
0 76 0.316209298550637
22 34 0.465949097873607
12 38 0.163360643719965
163 85 0.122292541388049
121 169 0.113608219617021
167 176 0.194193943284112
0 3 0.138708997366477
81 152 0.319132808835125
199 197 0.143673781562527
101 12 0.225353030997134
219 199 0.287528461045287
146 51 0.121372930866602
41 178 0.254672665254574
215 19 0.344496736551476
216 103 0.224313798713688
220 221 0.366739546035314
162 216 0.10875067140664
4 69 0.111236808167031
43 18 0.226218669429253
124 157 0.171844529860892
69 30 0.289302651681117
222 211 0.176100745526431
124 46 0.157811127291114
112 121 0.259997017112872
8 53 0.30954545594479
146 112 0.263182907443733
84 197 0.240855408530419
23 35 0.124210722339078
223 224 0.134849181803907
125 103 0.227312805858819
152 92 0.337771662271985
4 34 0.460983434797198
81 170 0.115818764039422
152 30 0.32609610914658
6 215 0.136525988986042
78 221 0.125920422367128
114 221 0.223214285714286
225 226 0.123327802292581
104 227 0.271483778587485
0 16 0.311196869739297
22 33 0.334063866273141
6 181 0.194519312428886
228 208 0.226685033576618
229 185 0.101656888177346
4 215 0.249551775265072
120 230 0.200648419646836
231 117 0.207483303321608
17 38 0.187214430361215
124 73 0.119807408726921
52 232 0.210050825513924
53 17 0.367708602238779
101 10 0.165028684222494
112 216 0.313112516881015
157 125 0.17034357915375
146 162 0.269902344062109
44 132 0.258402317154912
221 15 0.359036586300658
46 92 0.385163118171117
47 2 0.184604802825796
12 181 0.157627003047926
88 69 0.13437167936386
29 125 0.18275408411689
114 233 0.148259989003274
24 234 0.23556944489663
180 30 0.300406753920474
195 199 0.158536586551754
0 59 0.253627669712054
58 174 0.305859182888208
53 22 0.294975974246085
73 152 0.176065756496761
235 236 0.31037795118538
112 162 0.323815493379166
124 216 0.204588697847351
215 26 0.18577945225894
8 38 0.128122051154584
112 46 0.288720549635489
49 237 0.228046396116352
218 109 0.110978808338911
4 38 0.265431025344465
29 51 0.114676765608512
162 125 0.266885428234199
29 180 0.408672408672409
4 54 0.249766948537889
188 221 0.319940952751974
163 92 0.251016169566249
17 34 0.391651103459084
221 79 0.382432036846366
157 5 0.248026269349642
53 82 0.372186617201156
0 31 0.128236147736336
124 163 0.146950038313007
6 54 0.166011917618931
54 5 0.146137840691399
178 13 0.1168254652518
238 108 0.166786965357826
239 178 0.201945937659536
208 79 0.304212488072768
167 240 0.113396768977052
92 170 0.146313874080227
22 38 0.317627276002825
22 18 0.238675404778956
101 9 0.113506009290461
0 7 0.357650852226452
9 215 0.141040568199592
22 157 0.239645958537103
121 41 0.330120878413571
68 241 0.174924005040376
6 157 0.14880528251159
0 242 0.361950377462046
243 244 0.11438907133736
4 40 0.177720977462318
60 193 0.273920565193167
245 246 0.102464922017882
10 157 0.181869208835722
157 163 0.250965563196344
64 178 0.134114106306793
11 178 0.224047941253583
78 185 0.167194729678746
77 247 0.199535214650943
162 103 0.385292254099937
11 157 0.31012259938845
162 152 0.286874396983005
169 19 0.203888303963851
178 169 0.136984192759142
157 19 0.12386854104714
248 212 0.244578149712262
249 250 0.108911696586677
237 130 0.109825077342488
29 163 0.358232955375809
199 51 0.180680847232546
29 152 0.286935822185199
251 212 0.117892813381057
54 26 0.188743779072165
46 163 0.160035310065319
252 253 0.534159215725257
38 19 0.281686639406928
157 85 0.23907117617365
163 30 0.28200181744288
245 100 0.19518196561487
152 103 0.32470859986445
75 28 0.371810872779556
8 157 0.155197134232461
52 231 0.171057303359914
178 19 0.102986874242423
5 92 0.35384587335435
152 163 0.397507641015379
254 241 0.451064165470951
52 51 0.145176624530408
157 92 0.222692167154524
112 163 0.171835683090803
47 39 0.40341116385201
52 245 0.22301630775248
163 125 0.357096560359053
125 170 0.125431109737966
6 169 0.321973782175488
100 111 0.71797520661157
15 236 0.210239546196446
218 122 0.236056287661257
92 19 0.417870064093144
31 110 0.166419750370895
82 54 0.123495019833703
245 92 0.20166455823418
125 85 0.131098608470702
114 176 0.484029417537964
22 178 0.266167581778839
255 212 0.208417924080242
73 125 0.222724583111498
73 216 0.197421641215512
46 125 0.170820684971735
10 178 0.127226869990803
256 54 0.151077006539318
149 257 0.113904512569067
9 157 0.156967213576797
5 178 0.105492123527922
146 163 0.327043281555777
162 46 0.385176399592759
47 3 0.410802193288684
101 83 0.161695708564609
167 15 0.140982137500488
134 83 0.18120849693955
188 185 0.257553828648935
258 222 0.217536358955041
92 103 0.308926084122767
162 92 0.20779650406147
259 260 0.189207003464467
0 246 0.166116234609946
7 47 0.149632409024861
54 13 0.169721741058579
185 79 0.118122450021663
162 30 0.313206458136731
121 237 0.110405641802411
194 197 0.148662214065836
53 23 0.235923958038149
125 216 0.401282742557466
8 54 0.266161424568517
135 197 0.181395668887448
92 85 0.281210719967908
47 27 0.294097810785579
23 40 0.21481490712607
22 215 0.101742360820427
50 92 0.309245296642444
245 261 0.191145509417429
23 38 0.147675131885658
167 184 0.129582538673448
186 262 0.122282675271454
263 176 0.220593674124391
46 152 0.249950925415929
5 169 0.214468030178503
54 157 0.41628683856755
0 20 0.443731592805763
0 27 0.171468332365209
258 212 0.293465020546335
120 245 0.350677571721372
11 54 0.128474930657711
52 247 0.147148013304416
207 264 0.196533113928496
518 265 0.178672254696648
266 149 0.274903686226722
188 208 0.178565419453273
167 263 0.206724790330527
191 267 0.164906675283303
216 85 0.170736639402052
256 5 0.1084306954536
237 100 0.172701855052704
20 110 0.245371745371745
17 215 0.285914921215208
167 114 0.127950754973618
12 92 0.225659038615667
6 92 0.306835732581609
10 215 0.205363508890321
138 197 0.187088330662775
3 110 0.13106451879513
237 92 0.244602944657308
22 169 0.237146704517963
194 138 0.149673066640988
109 122 0.29801479710949
162 85 0.281992501379097
9 95 0.10314160988713
29 75 0.130105466824009
195 268 0.104328862292744
51 216 0.152021102002423
138 195 0.175840153173879
269 270 0.327151771311922
26 92 0.242630420253659
188 229 0.200710650244953
157 271 0.188990249715779
12 169 0.269450214145254
11 92 0.458326574061593
47 16 0.164246437363286
23 54 0.114204498633561
29 216 0.177896428311771
167 272 0.151397631009347
49 245 0.349496542669159
229 79 0.208076577010756
240 15 0.206692954613207
258 211 0.325357127099187
29 162 0.252952572387521
76 247 0.101067759102909
157 51 0.112087738006219
4 92 0.374486547416952
46 51 0.157637803405489
23 92 0.1254289947468
47 110 0.135958609907193
263 272 0.252955416198428
273 187 0.476797507959803
274 130 0.105607557959395
275 273 0.242249683698645
245 130 0.363894844911946
49 92 0.362979726165306
237 261 0.110912855403866
68 231 0.387750524072459
225 245 0.10197790303626
92 13 0.244384706806817
22 92 0.307712453440031
48 3 0.134840356520276
8 92 0.33841836708642
17 92 0.306158173388875
48 27 0.165992529550276
9 54 0.113125970279811
240 176 0.388876591776149
256 26 0.218177770753085
163 170 0.112006390719378
256 12 0.119206365503419
251 248 0.140916656297486
276 277 0.192410366647535
4 169 0.382458241243901
78 184 0.227191441428257
198 278 0.201709020523226
5 158 0.183217883740125
279 30 0.281800123450192
240 79 0.247978233622121
138 51 0.199065231317064
247 227 0.260066628829131
17 158 0.170111464999603
78 228 0.207784612584816
228 79 0.160152027399716
240 208 0.240636088842161
99 159 0.141474009872197
12 158 0.111608517710234
168 228 0.16862804712677
237 50 0.181651406931319
11 169 0.198073956497245
98 159 0.208464044134709
47 20 0.169740056243245
256 23 0.238090017327146
7 110 0.208570872461402
184 15 0.115906263241508
8 169 0.34424510736394
9 256 0.10625
168 176 0.219967758681221
254 280 0.372227569021388
206 264 0.106365153863411
157 216 0.258510584382573
148 159 0.234008310017441
185 15 0.366530312066897
256 6 0.130992311993722
279 92 0.24922436043891
98 193 0.114903761214033
54 158 0.126549683999227
22 158 0.15246332674946
114 185 0.118529640746386
16 110 0.154324425680068
240 114 0.345953496327894
48 20 0.118138820351627
8 256 0.160238192748584
185 228 0.13108925785428
268 197 0.115245556563566
229 208 0.100422316323841
114 229 0.108522208922393
78 229 0.185044008534445
216 30 0.228233881264192
280 241 0.323321894091276
256 10 0.181744848078343
10 158 0.12886479169597
88 13 0.381884661983366
0 121 0.24756432451458
59 281 0.201227502377256
4 55 0.410634229156437
88 57 0.229029400708677
282 41 0.214184210643894
76 283 0.103957632468278
68 59 0.195123101170312
186 273 0.2313747080157
284 273 0.124742167902592
285 87 0.27914076975438
203 286 0.132491474582653
29 69 0.158401273671704
249 110 0.162876279865998
287 57 0.138668217852753
59 288 0.464952701048031
212 289 0.214457950171828
68 257 0.150500375962898
290 291 0.208942846364803
286 199 0.109141258854673
6 89 0.430905163289921
292 121 0.230324578986907
25 282 0.301546596767788
293 294 0.176543834038093
155 210 0.28459296448758
140 294 0.143154972165837
68 295 0.256124971480896
273 260 0.166871530168922
256 160 0.124445835547884
296 273 0.177607758879826
297 298 0.106320748835854
0 110 0.181735661500397
9 75 0.258063170122659
89 18 0.312100635149729
299 59 0.427546209650473
5 234 0.252048291362462
153 63 0.335578456631088
300 70 0.148167589743822
55 42 0.343174972601669
55 5 0.422973420495782
94 301 0.357444096101738
11 69 0.1508709479822
47 302 0.152737379521841
121 226 0.23300358896912
75 19 0.223538905115056
303 304 0.218368404458114
88 10 0.210037068053624
41 234 0.4373613622775
272 195 0.107310149586986
177 305 0.145443026662698
145 38 0.332984855990125
306 190 0.106320748835854
258 68 0.574908424908425
37 51 0.176875165448402
213 190 0.121524426108936
69 89 0.153230688021527
307 190 0.160066835082827
68 210 0.315894546118358
259 57 0.140866668050049
75 46 0.309843081575641
89 26 0.304444563737713
308 309 0.210697430933717
44 37 0.124368659937221
140 190 0.197970467224783
36 51 0.310682819144173
288 117 0.163257869324489
26 100 0.403299780931735
39 261 0.162560215329626
93 37 0.278150065898042
57 310 0.136765660545813
140 311 0.336968978099647
40 28 0.127835979358838
312 87 0.247542633833615
107 20 0.316819046993033
284 291 0.262569863976669
249 313 0.167723415981892
203 273 0.201709020523226
192 267 0.138707600096363
265 314 0.325814501689557
53 157 0.179215341185684
44 57 0.217596029366212
249 242 0.100766060379559
44 15 0.10053224112621
89 63 0.547780868400064
143 127 0.174980259763874
63 92 0.58506084712311
88 11 0.170688425611731
43 113 0.251513225971661
0 77 0.350962567691085
121 171 0.122519351573562
92 102 0.407713853046885
62 121 0.338859990226175
22 42 0.445794401236114
88 153 0.319217710772644
68 87 0.352332153486295
298 201 0.197178252425725
265 250 0.273428660462059
141 190 0.237851344506372
315 14 0.152253020099719
108 250 0.212233892816614
88 18 0.204728199411306
316 79 0.27092141875006
26 317 0.207806575564277
318 13 0.456533907723926
318 18 0.37995307850374
319 307 0.15866274003824
54 113 0.195074626868167
53 69 0.196530408826962
68 201 0.450890133464115
320 321 0.26559030952739
219 289 0.104873561408217
188 316 0.262740677762693
322 209 0.125345759828548
151 69 0.159726896320169
246 117 0.247138998339404
97 316 0.169912021886521
32 323 0.294123712809408
324 325 0.332626684077863
80 300 0.221100454316002
259 15 0.185824204726482
88 20 0.367548444990962
265 87 0.190413952354172
46 69 0.323935375807168
52 326 0.14699071337563
259 88 0.218151016978609
59 117 0.204580183537312
319 306 0.106320748835854
274 117 0.141649509027558
88 33 0.161470810352865
78 316 0.295399213326269
101 69 0.129784899252818
76 59 0.101001950870114
327 57 0.162411724203501
327 15 0.185063619695562
115 79 0.239097190961346
265 328 0.43788549457764
139 234 0.413610178138717
329 63 0.222052887053567
188 290 0.164500228442324
317 13 0.277712525739738
8 56 0.293921558000133
39 35 0.14842297831288
0 120 0.231084286947024
299 288 0.676115790252077
109 250 0.103849568695352
6 94 0.240720635994728
53 113 0.245463883785
241 87 0.14106088003379
121 52 0.173654101219492
52 250 0.213158751700257
66 257 0.16654535766602
78 290 0.177957216718232
120 100 0.140925034422737
37 15 0.156588642547886
60 300 0.183939094009736
9 55 0.113984694507873
290 79 0.18260407569528
160 48 0.153979985691299
100 37 0.302935004668836
116 111 0.15448896411018
284 330 0.233056306374669
92 180 0.340153676061185
69 28 0.223450914520343
160 74 0.140282802066643
519 226 0.204898366994643
59 243 0.371863475720681
253 104 0.529417521148162
331 132 0.116001071027304
122 250 0.408924010567843
256 87 0.116937377478335
250 332 0.220445284608077
106 188 0.110830942502234
65 250 0.131298440699928
313 273 0.215397876018887
75 17 0.286406437325257
333 334 0.115406615273873
520 15 0.104357783240073
115 212 0.200219098387632
88 37 0.247269720174435
68 335 0.235566969886908
160 87 0.112080939726351
93 100 0.366676676745081
55 26 0.243720920113337
114 57 0.210121452869225
180 103 0.34936990417193
36 15 0.317222251052479
44 5 0.103962818302988
141 301 0.144801866888136
302 336 0.106872986613723
67 96 0.211937843479028
9 56 0.195472322299217
68 15 0.114382526792379
32 317 0.167494611125603
76 288 0.396620929761591
86 66 0.156834753071863
12 89 0.494382715083044
36 57 0.156586448883286
127 110 0.208766686850622
114 204 0.10651133137042
116 212 0.265027343274117
88 12 0.280935852519257
337 249 0.290228715165166
69 44 0.15695184580135
67 66 0.176818982377619
59 77 0.379217774943949
75 32 0.298993510196209
41 28 0.508859401753713
55 11 0.183484115099736
49 226 0.187527930061864
173 58 0.211682028069334
338 136 0.135471776115205
0 339 0.245190634007677
55 10 0.318135947621205
4 88 0.487373132648265
300 61 0.374640197191315
9 25 0.170921963245553
177 66 0.124360417856197
25 28 0.255889542285293
340 178 0.199147088684412
42 69 0.222144154781313
4 89 0.347019082694142
11 56 0.199080915019059
322 288 0.315578880576428
56 18 0.281602928791237
12 234 0.177816538322918
155 209 0.208839897408864
39 34 0.237584889643464
59 152 0.227952080770352
59 230 0.340046924877492
259 93 0.245021545726974
5 37 0.245083120542027
0 51 0.195853028473486
220 341 0.508882139157887
44 234 0.184555761008811
42 56 0.23530294039483
55 18 0.339445768686637
59 121 0.172640904490019
59 127 0.331804108766115
342 343 0.143988059133392
68 89 0.276019964573443
82 2 0.223638393004956
344 345 0.185533518168876
4 75 0.21488285130397
9 41 0.256763790640037
341 221 0.241788209930796
185 521 0.125407451531998
82 16 0.169768879034669
75 30 0.25964877179243
100 110 0.389805700382584
10 56 0.130039163711385
52 249 0.122450442969308
88 28 0.439183093791002
346 289 0.386663295223776
347 30 0.203142240246205
94 19 0.32131376366307
89 19 0.310504075561202
59 246 0.124428023084869
348 349 0.177759404439803
75 42 0.324975643228854
350 232 0.22951641012043
351 87 0.257432761687932
152 352 0.266347041837758
75 282 0.187460934650255
0 304 0.37401680835235
208 164 0.203344851614215
253 100 0.451814736031511
98 300 0.248929734012503
151 304 0.103764778559981
9 89 0.124551932753397
57 317 0.329013942626892
100 15 0.124746469157541
67 154 0.127434228257629
250 111 0.414767947367265
44 94 0.166903263816138
22 55 0.20329943603483
182 0 0.440394688760821
69 353 0.146966301075856
53 112 0.205563249961402
7 107 0.209996535588797
4 56 0.2030956516412
112 180 0.234597479207181
153 69 0.194898101589792
354 180 0.426475185599527
247 226 0.160563783393456
25 18 0.267780967641347
355 0 0.120952120902079
356 191 0.194467469741236
357 235 0.260279753803977
147 115 0.304255081846295
146 180 0.370981300386782
100 317 0.220742603592143
142 127 0.3606441620146
300 214 0.190109892235113
278 199 0.13620878796972
274 358 0.165619745393947
0 211 0.198485350378586
181 13 0.175579585275947
147 15 0.238980606430156
69 179 0.30511885783693
234 19 0.419839281834234
36 93 0.135982602985873
359 100 0.103298284781176
245 111 0.370575897849432
25 30 0.276773176012017
299 76 0.329247099283776
89 32 0.398695720590375
245 250 0.303281352153605
100 250 0.287376095108398
101 180 0.307657892663606
15 317 0.356934348559179
20 317 0.215688805706955
53 354 0.50325280460713
57 37 0.138730201926954
303 234 0.225147655192103
42 57 0.160915387417937
68 188 0.371964835357395
17 56 0.100828288213079
215 180 0.211151019695995
40 41 0.208263278385184
88 23 0.167802328455435
138 295 0.180154437929441
89 51 0.11974092224268
49 57 0.259539923145156
125 304 0.209160624391832
55 19 0.305727990485928
49 15 0.306057041789058
360 129 0.185445605214013
0 226 0.346639938031578
68 78 0.255115966669231
68 84 0.294135292904222
68 221 0.24217032967033
57 250 0.184093593451491
69 51 0.118677332775867
89 57 0.1572892222323
23 56 0.156722747774456
0 126 0.406052578296464
104 144 0.708179229393446
0 207 0.205654919430372
361 301 0.184068621677497
24 303 0.236358330583251
39 38 0.136341593754937
337 281 0.268898896753424
288 281 0.2282294121741
26 226 0.167859266786039
41 30 0.463271124273195
309 362 0.497372860812629
100 288 0.589747847548874
33 89 0.169666668604026
339 328 0.211688032767348
113 28 0.208922452506331
114 249 0.11818271629999
38 18 0.232126366514138
276 132 0.134612593876899
9 153 0.166924815489142
0 303 0.3808145910575
213 307 0.199154746423927
165 154 0.26577682645411
363 201 0.255458166924697
0 183 0.102887213109713
303 25 0.327457866600833
364 66 0.277701384348134
364 84 0.291438771267867
186 59 0.197899135978431
276 174 0.122703649933095
145 215 0.175401597103542
21 56 0.175238707019525
92 365 0.292818967637193
115 335 0.133089237638426
0 301 0.457852991168541
146 81 0.256970117664266
301 242 0.29022535094974
282 234 0.330412286505559
366 63 0.305338556587596
68 161 0.198717803248403
141 214 0.218271162353639
37 214 0.206820313295232
68 79 0.567292437577655
21 55 0.242073765255668
52 111 0.190611122350843
68 100 0.330356321093935
307 232 0.146955044278733
226 28 0.222703732461976
354 30 0.3953086917028
299 281 0.149564821586968
367 28 0.54703831265668
367 32 0.657602440355482
256 233 0.259789304542286
226 18 0.267398266598713
367 18 0.386042693601827
367 9 0.182826087800294
116 15 0.117179070264962
308 362 0.369336620560967
43 39 0.112551981922799
285 241 0.383792141000143
174 63 0.284146232452936
75 33 0.248803755245074
124 15 0.126164907677509
330 150 0.112682159633333
77 206 0.432615747228202
77 288 0.570648556502009
294 301 0.129899202347808
354 81 0.339566735702119
292 59 0.239086973551353
126 242 0.356951003567454
0 368 0.338999103271729
75 69 0.189537077472741
304 38 0.360252780756736
53 369 0.428486797547591
252 124 0.286595210161376
68 209 0.156723442018111
40 95 0.112119925468923
116 57 0.214864803629926
255 66 0.18146986181498
57 79 0.180577781712058
295 257 0.155693073122691
370 371 0.235236052527244
372 95 0.288612949158838
88 317 0.164645918917957
243 100 0.599384789994106
317 288 0.227162914625319
21 317 0.172509915386694
234 94 0.118950170406669
53 227 0.15182996359104
92 353 0.286779424797205
354 102 0.589239750785264
292 100 0.430045519333296
153 13 0.344481013020092
180 227 0.165219132768361
522 212 0.631679619056593
373 34 0.19734059337778
24 282 0.226256977254137
374 301 0.320204742898743
121 164 0.325232222791639
84 154 0.339286530965883
41 18 0.460588994650456
112 57 0.148518510000482
0 68 0.281388517919222
0 243 0.364789949240749
113 26 0.184075920679398
370 260 0.171349147129987
346 232 0.125005499946657
354 124 0.340987310233518
151 32 0.141111218000806
127 212 0.384494408048161
222 289 0.109307116455864
172 100 0.483405447817572
191 375 0.127583453266594
53 25 0.393919809319247
68 288 0.536332924409697
338 376 0.102140435434557
302 317 0.132336569512137
57 154 0.153687438531426
37 19 0.311997733005497
145 113 0.270309267703927
8 88 0.500458157771774
78 36 0.229416098714033
53 44 0.319577780386422
57 288 0.283747464758895
89 13 0.512198932486136
21 226 0.241220591667062
181 18 0.250546410543023
44 227 0.149650810865264
334 66 0.333899865097241
131 214 0.156708535006559
34 37 0.273506330513514
377 111 0.127594635939398
121 281 0.18043099099101
44 26 0.103529037419944
36 18 0.104925754676103
378 134 0.160034630794164
44 13 0.153999454299008
112 15 0.333470537147052
80 214 0.387463930724293
256 116 0.108119901384858
89 79 0.491618827287769
153 18 0.300864673151441
344 116 0.1188957231833
6 37 0.151816879831768
259 234 0.393735796138525
364 328 0.164705431694197
153 26 0.45863479661177
15 66 0.121519317766541
196 286 0.203074929958444
84 189 0.173937693811239
379 328 0.283921585852536
354 29 0.476171249888064
6 44 0.354472498929838
41 38 0.270170852358807
320 380 0.119032075128521
58 243 0.644636943341912
523 209 0.142924816230109
112 54 0.13829100462257
26 179 0.264986461578243
520 381 0.356205680585157
188 57 0.121753869767213
127 382 0.290270863128348
2 317 0.233317174218787
53 124 0.396089925553664
383 384 0.101685891329121
140 213 0.116865010000864
68 327 0.226104662605906
189 319 0.151426501510154
38 353 0.293682250187999
385 344 0.282336674438408
386 184 0.116865010000864
354 54 0.267530113841532
370 57 0.103917481638946
232 289 0.101721723595226
0 125 0.416139665518683
267 189 0.231859758628554
89 28 0.319542608233127
356 190 0.131760883434801
93 51 0.122979552093476
40 353 0.146936367174978
21 89 0.312450831236384
276 349 0.134456003679859
0 337 0.263889478893482
0 387 0.568345299350396
115 51 0.134478454070794
354 85 0.187738941997863
68 243 0.360840235436784
100 57 0.260037607712533
524 342 0.1057421820942
52 388 0.205597452267897
68 127 0.611939164093132
302 171 0.189970824952948
389 102 0.302062106010892
390 15 0.134008347508947
78 314 0.282020329202003
126 212 0.473322088378093
53 153 0.310780443438954
77 325 0.310185180720198
113 226 0.108655581467828
96 84 0.252095092210136
101 57 0.213990818797702
140 214 0.152960005587005
292 169 0.1668903788274
140 37 0.351457747599513
391 250 0.180361397997887
88 91 0.307946540163551
126 222 0.171150491050308
157 102 0.2633129558446
63 392 0.571581920051803
181 28 0.26077279464682
182 374 0.115931137504279
177 236 0.195134686443204
44 19 0.286295382809342
127 111 0.534742594458487
393 99 0.15972476556733
252 243 0.461377942707526
312 345 0.134539383790044
140 301 0.462909213527737
100 127 0.510433651974751
93 294 0.121441704382695
259 18 0.223300071121213
88 179 0.229317485006374
234 18 0.374804519226567
152 304 0.373374718714699
126 525 0.3128924123731
394 212 0.301686820327638
395 396 0.106532627467342
11 89 0.289373695701036
38 369 0.215998037050669
91 54 0.154612100919763
188 89 0.376034939083857
36 214 0.203668192994414
114 110 0.223470183114259
302 519 0.125992583019796
397 57 0.120315804762644
192 189 0.160445921272478
5 398 0.158941724042487
113 13 0.147014886677263
397 15 0.103792134097672
399 57 0.139904275182428
97 89 0.166019015454358
214 242 0.175961835788821
21 181 0.185169106300882
114 250 0.270823221893112
114 37 0.310401703004893
44 315 0.127872725675052
59 283 0.125467732767262
53 89 0.166763249747111
337 307 0.116383051121067
6 95 0.110269393761599
96 295 0.204962741917065
104 93 0.415556023692028
64 372 0.387425643390095
209 288 0.324480588118959
59 100 0.347471889319708
97 335 0.145068185760707
77 100 0.586773682352427
151 89 0.191719012928208
400 401 0.123575548542822
88 51 0.134262815902394
373 38 0.241513377861856
213 319 0.283697403758641
259 5 0.289310635783756
392 242 0.28707628665057
304 41 0.561047995524946
192 402 0.166786965357826
114 63 0.35143969534086
6 153 0.310755795725121
114 281 0.112425502643783
303 369 0.199953293360531
68 242 0.243429420628947
32 226 0.417470554252904
22 56 0.135899064668491
91 95 0.114525738267617
140 44 0.14794955338611
124 347 0.115602854299292
4 153 0.414886080603115
403 288 0.590633575408638
4 234 0.317600582433958
404 335 0.224359738111175
354 37 0.270796475247623
354 103 0.301317684055207
220 195 0.296606001793632
215 69 0.179185665134227
252 289 0.250985388407813
101 29 0.194696822622206
52 246 0.178976345349916
58 117 0.178771609812018
324 405 0.211103960842106
354 15 0.140458080769056
406 127 0.111286420313196
145 35 0.193136346424501
81 215 0.107203096866924
397 250 0.135589562071908
66 204 0.1964798301725
44 214 0.207339213055597
84 127 0.447354410358968
78 89 0.239530025057643
88 40 0.149038222443831
100 242 0.277806534048038
69 92 0.256443727310678
153 104 0.321282783362011
94 242 0.220939739846107
53 146 0.537313643028008
283 246 0.109123469139788
25 11 0.233193667446645
68 317 0.12584851017892
11 41 0.496436979371304
53 92 0.404149618826559
359 59 0.131250518353111
101 15 0.125058688961483
92 227 0.297765006809102
112 91 0.22690281196383
234 28 0.401996791111356
299 117 0.262700670321773
59 330 0.188429554983468
259 140 0.129784983076177
154 212 0.161062488043454
43 33 0.183698187739986
299 15 0.203620952656678
91 227 0.320120558288228
91 63 0.416517665129463
301 214 0.250174778073641
407 195 0.352061720602691
36 315 0.124214373727926
41 15 0.205023874400673
124 69 0.122592971324488
6 234 0.253043683924732
393 18 0.39173259361195
370 408 0.251207100682481
303 117 0.179590702095033
93 361 0.104062880278872
392 317 0.109411845509284
0 358 0.135111716557305
8 153 0.410628556232966
409 300 0.219244751802513
8 94 0.112210171235964
115 250 0.158672175872635
290 281 0.250141345269111
390 260 0.150760717212289
220 31 0.169209105208978
57 190 0.112350245588331
410 335 0.261495198060026
127 335 0.155175733773545
0 525 0.197761956976922
140 94 0.24932408441967
161 410 0.124397792152253
410 15 0.196647523576585
188 288 0.594140574671771
284 59 0.435934830587072
15 288 0.358533855126601
54 353 0.148289061856937
288 79 0.680558900087905
53 102 0.5194489878225
411 199 0.108030573301325
114 291 0.347795256703229
215 15 0.179959621518534
160 15 0.192963731303823
147 249 0.136094847497849
58 68 0.515664516558611
84 285 0.433640119160093
412 7 0.199741779404448
526 413 0.225845293534347
354 63 0.581959854516564
47 171 0.334820222116377
168 384 0.322909743439794
123 92 0.120401150073267
243 117 0.275500310928903
146 15 0.136125031082668
140 36 0.220425088435855
141 311 0.100406106341204
243 406 0.140947430272416
127 408 0.217311895025127
414 44 0.268189343668785
146 54 0.319384874661178
527 415 0.769284194293702
528 193 0.210884467380381
151 5 0.222093428038697
68 416 0.418283042915069
147 63 0.447515872686338
8 55 0.334928241297059
32 56 0.206000234568821
356 395 0.137458055198621
417 72 0.262011361938553
62 102 0.430019100169779
104 116 0.124515445184736
0 363 0.250750397895753
12 41 0.235892489266475
370 418 0.201409134624877
373 304 0.325039272540962
151 68 0.317268958251009
355 212 0.159837099808212
68 126 0.620930010460225
46 41 0.304390688337342
25 37 0.137547496926789
11 153 0.288655097289069
252 373 0.30894175467812
354 25 0.417449505563701
88 361 0.128473360152139
84 257 0.264092725376266
22 88 0.379901397327302
94 214 0.366047555809201
114 404 0.435297057696115
419 38 0.167983363533439
291 226 0.378774132861453
398 19 0.289355446333759
120 207 0.112530716281069
63 170 0.23807345929634
126 277 0.162075315878318
420 526 0.253840177048648
44 242 0.142738166234917
64 323 0.295197922118581
140 293 0.106491324907338
354 41 0.673420401767766
78 288 0.378530760710246
421 321 0.240180752549788
55 32 0.313680623174294
179 18 0.113898605065118
234 13 0.208806163660891
43 75 0.117204556213041
149 66 0.239593624332328
354 69 0.364819346068818
77 332 0.365982922335659
44 213 0.116871807817486
345 250 0.130670601561293
25 304 0.190407761208105
55 33 0.168998933320858
419 422 0.357767649977173
400 345 0.178915400139875
423 253 0.382382746620549
101 91 0.117764468531804
25 46 0.253089484775097
62 336 0.18558299340277
424 335 0.173977509594732
43 304 0.316903207175106
0 404 0.456487108245371
303 125 0.108008222199182
26 234 0.362789766184784
366 392 0.261609972214446
106 78 0.325306152228437
425 30 0.384936706145575
25 323 0.187684961334545
43 353 0.182439095778945
14 401 0.104692750729341
356 213 0.129170824554607
52 304 0.214227358655855
42 320 0.474570233302251
426 63 0.194836493023998
253 231 0.489016632956751
174 392 0.263757170214052
44 28 0.149041162169433
327 241 0.13884618118219
427 54 0.254768157753138
59 155 0.141296030752075
15 242 0.169001941480222
65 257 0.255351087650435
33 34 0.339956443788204
303 252 0.406646239437012
77 281 0.127702791956472
153 5 0.390725862370943
77 403 0.577987913140823
68 69 0.262352205477555
428 294 0.106408554764379
56 13 0.213604724185353
220 429 0.187035702832002
290 15 0.159494610978877
72 430 0.117747139382302
56 19 0.194827950603489
431 212 0.403473707968564
354 91 0.305995754983669
21 105 0.192758434272473
149 127 0.10790163987979
26 227 0.260886852123808
139 282 0.198893496508474
322 299 0.363632921856506
300 28 0.219557869636768
370 127 0.186482241566232
57 19 0.224836891343898
232 212 0.141790626384407
53 41 0.460541481152979
153 14 0.265647648975167
259 40 0.178750249359404
43 88 0.180726294164547
10 89 0.280836634266103
124 38 0.216403832712197
104 358 0.108521178194446
84 15 0.200505721196198
213 432 0.146955044278733
12 56 0.228372389761523
151 33 0.151738061997395
433 77 0.457658996068603
52 155 0.1461985066454
62 354 0.572432178871239
434 317 0.103085497300735
0 435 0.372060384664778
43 32 0.338544070665487
75 180 0.237818441802696
55 17 0.21193277699756
303 41 0.338504618765665
315 37 0.345090707885611
52 436 0.12149061927194
127 117 0.288956697018605
6 232 0.121773460420546
10 317 0.292113598685998
259 69 0.207527762176154
400 205 0.17172487904279
314 328 0.2093739410587
529 195 0.292564603019488
284 328 0.241021012986877
394 223 0.17415240846746
55 28 0.123109859662677
437 242 0.264707112417132
438 232 0.349110521356887
126 369 0.496840605685561
355 68 0.193351689029771
25 15 0.18858445816539
317 19 0.250083990208566
55 13 0.288949482497608
88 35 0.168942387618828
249 117 0.463611592326608
218 526 0.163582866010871
439 245 0.145576759069822
4 398 0.26440034156921
256 312 0.124734100896783
218 413 0.142725770707211
439 100 0.187473199734053
252 304 0.434910356270452
59 253 0.234467956630526
189 94 0.157732328987974
68 51 0.194097946245434
12 51 0.304710404928037
88 42 0.421083999345776
311 301 0.13620878796972
84 241 0.130858874355019
63 281 0.20944432708177
147 290 0.109813826792647
0 440 0.164784559374812
441 147 0.101457503840934
55 23 0.1779937052521
76 104 0.40349215817732
339 313 0.262731509089297
370 391 0.135654753103577
146 69 0.131355312903731
47 155 0.26891655583429
41 323 0.368103715366794
77 530 0.107082357894846
400 406 0.311148233394156
69 37 0.298396088661289
314 212 0.257271427703772
427 304 0.301936429878489
58 52 0.122577285213329
53 88 0.370328871733268
153 113 0.178071087475781
344 233 0.206734969367053
416 160 0.187324355600609
307 94 0.123075793079336
78 51 0.297262253520824
370 116 0.102700058712787
59 126 0.353364689559378
69 234 0.149397197943653
42 89 0.560300292580318
364 442 0.129170824554607
36 100 0.151656676747913
21 153 0.371903333114842
252 174 0.449396565155523
161 295 0.201400716579764
67 84 0.24617512799165
531 232 0.211594769570835
443 275 0.318716239922966
59 532 0.406886205921064
259 55 0.189267835778314
49 317 0.255762736706805
146 41 0.589190833983471
418 444 0.576391863082578
91 36 0.141059188573699
258 96 0.354322875044962
226 13 0.381137398071165
260 391 0.13620878796972
320 445 0.119773379112781
75 234 0.264698953359159
44 358 0.156302570336149
75 323 0.160291830943747
53 91 0.221688260529473
105 91 0.107646195790606
59 446 0.116254410819116
284 160 0.23607970890738
55 6 0.272383110793073
284 93 0.249494040235162
59 110 0.100337064899734
203 260 0.108557667195514
267 402 0.264746481353318
252 37 0.38540974152979
12 95 0.153933442083338
447 52 0.373026469908529
78 161 0.124801012960686
121 170 0.10357904305421
400 260 0.214814546621905
249 111 0.124597008614861
33 153 0.246657915896108
0 328 0.364442177870611
120 365 0.243949663117773
448 334 0.1057421820942
62 30 0.555326243831186
449 16 0.245937188866409
22 75 0.228298974466304
450 384 0.286750528044605
317 335 0.124970707718825
451 334 0.194789878239496
89 178 0.168851254590401
29 37 0.359271359271359
172 0 0.39578348147522
97 161 0.105769379056087
40 37 0.259083259083259
105 54 0.238698210291348
59 452 0.228455663735668
330 93 0.114101029592167
356 432 0.268014413412744
62 329 0.109907192901247
418 330 0.143048856087604
259 315 0.372074538015092
354 304 0.465587416128045
304 212 0.343627328543063
62 100 0.625789019490761
328 94 0.197221496170204
100 226 0.476777526126266
25 12 0.127706895208714
32 179 0.318878325046597
0 330 0.218644018776411
370 453 0.270475955337973
259 91 0.495690067918185
454 185 0.191082987730579
339 77 0.282796274082731
43 31 0.247745480636027
124 403 0.291049659756806
400 391 0.156976590800691
269 66 0.141589334731094
116 317 0.32572029667919
400 397 0.206072648539765
361 15 0.200786931558271
69 34 0.23578855549096
376 136 0.178098678433848
24 323 0.111811797460864
13 353 0.113072999118689
121 3 0.242148760330579
12 37 0.193978298147661
404 100 0.421025374582433
188 116 0.273796391997967
227 369 0.133424036883442
259 455 0.170994897020614
63 304 0.500192557308115
431 223 0.142910267913884
259 252 0.376167209326075
326 100 0.549157409068622
53 32 0.523600136931154
209 281 0.133293188670137
337 117 0.225976806785691
115 289 0.192579529961959
62 252 0.596591205063025
189 432 0.174622346462719
322 325 0.172572985014042
0 212 0.485615916415319
90 430 0.130653921566951
21 88 0.465328253565006
223 116 0.17550736283673
88 214 0.288838605759045
96 153 0.323631955491731
414 94 0.233623867639686
4 63 0.395288567331211
147 161 0.238126860544997
252 63 0.57711782105386
84 250 0.300531875889129
153 94 0.271051745340237
88 234 0.199852372233656
93 214 0.265919192923205
124 37 0.111509818574285
259 100 0.464761160702608
153 89 0.126735507045785
26 95 0.112248831447418
15 371 0.14940559750809
57 371 0.113360118054582
456 457 0.218665193639088
25 69 0.16458926810806
63 100 0.690858789968936
88 114 0.392652806095437
100 361 0.102541148726234
25 91 0.163452050110862
324 130 0.28605655148528
69 102 0.142647349354839
105 123 0.102902336965689
38 28 0.221790498617404
153 19 0.353064679455719
151 28 0.17706122394379
57 204 0.204103874176085
259 6 0.179157119005531
69 14 0.169548927200805
21 25 0.280135823429542
325 288 0.306692428362727
59 404 0.306663113368083
406 15 0.121676696716998
333 273 0.116134123865674
124 41 0.248989711939192
335 79 0.354079797256746
300 181 0.336649676364886
89 533 0.457857039178856
95 458 0.138707600096363
114 87 0.136167901191322
0 353 0.129112426035503
81 443 0.201747929500327
17 317 0.205415892518612
322 283 0.169950058289539
379 212 0.264840367179396
100 231 0.612122887235078
300 148 0.274436695772631
59 337 0.286417976473932
112 25 0.157773203740449
25 124 0.168189851768984
189 350 0.140704262515381
81 345 0.107673201699621
81 104 0.163275708321976
345 103 0.205387227372436
140 242 0.365081170529691
434 365 0.126453638121394
443 103 0.185866339063785
147 250 0.285026536606932
391 103 0.115219103244867
25 38 0.147873480053071
81 397 0.132229272039993
390 103 0.203707419711837
459 103 0.154117924204495
114 353 0.128462238665305
429 45 0.148492364468234
284 0 0.365206389586912
459 81 0.130208496652527
75 44 0.175147636005671
77 126 0.647343498066884
265 127 0.432079638249849
196 343 0.234994650928719
132 94 0.146339872806494
412 44 0.146772064244834
0 278 0.127045812873044
88 79 0.4020391890036
314 79 0.329363535487726
95 13 0.221052002726226
328 248 0.350391036914684
65 150 0.163144581249173
77 211 0.152230088341779
259 89 0.150285941700542
76 403 0.153988916765583
306 132 0.141800597425342
406 57 0.11957577931049
147 87 0.255664800543542
416 150 0.120464040927281
12 153 0.252582165539969
0 114 0.296847709525217
230 325 0.221770771794882
57 301 0.165868488792976
121 117 0.142973224204419
364 265 0.531313573746597
75 113 0.173230598582629
25 44 0.220462498407625
12 44 0.401811784305708
62 25 0.464293293718166
265 415 0.542942997519777
253 144 0.494883475502802
10 153 0.173868714878037
361 392 0.198704250296332
303 59 0.144283510198754
55 37 0.16921695678619
242 289 0.111106522884547
89 37 0.108264692354483
397 205 0.122636855903394
76 144 0.279602341417616
196 315 0.111028090125355
390 203 0.25413301997783
259 75 0.179192953227584
335 66 0.126751861754041
196 460 0.192685945175887
69 317 0.300950451636322
54 369 0.395211080365047
461 66 0.220053414270472
242 382 0.120060857507926
112 41 0.425358903278605
186 404 0.276074851247512
124 63 0.3115745855836
449 462 0.161932948443653
252 100 0.67679205338351
153 38 0.347527910685806
51 310 0.170295157177158
26 37 0.13702699884638
534 463 0.121223115882821
112 63 0.25205380121156
259 105 0.1001843751732
11 353 0.185783104781013
69 335 0.126841769612986
3 226 0.104062800802615
29 25 0.232149836467345
145 427 0.240442669760343
399 260 0.15456760553901
225 57 0.131440581318301
126 52 0.123599750437894
300 464 0.109136799596164
101 347 0.100625835314602
372 323 0.110817616273329
112 304 0.301944298205307
118 125 0.215635344515155
283 231 0.149231607623259
125 465 0.320980928593313
9 234 0.169301291517336
52 110 0.119212081780523
284 418 0.480657271310325
230 281 0.20568965991339
17 89 0.273360810491409
110 117 0.102334118969182
466 317 0.123701001227539
326 37 0.224377296390438
467 289 0.103298284781176
113 19 0.388571506263644
24 6 0.171361000673304
59 403 0.461127761849817
146 25 0.282580334835506
189 289 0.286871656968771
4 300 0.190285745574454
77 230 0.610860266239415
354 157 0.228339479686971
140 69 0.232732297578055
468 427 0.195767372540341
34 31 0.296520760525765
351 241 0.111419276869696
322 155 0.314260031978639
469 390 0.11394803428503
139 38 0.112492334776209
77 104 0.711866369774482
437 361 0.199143990495289
59 209 0.176350641759949
41 37 0.247742133049497
374 392 0.151422357275471
53 62 0.462878028512781
191 346 0.113260856088408
379 127 0.230362459739988
46 247 0.252446754145813
44 369 0.172160245520182
53 304 0.389132138083606
8 25 0.227116959500153
33 51 0.135416832998695
470 289 0.144666507821322
292 58 0.405691210570253
391 205 0.116134123865674
100 304 0.559350018022389
390 205 0.165961499178582
174 37 0.255024720134565
53 125 0.439995863282657
387 57 0.13088579102166
53 139 0.267811214286496
294 242 0.205259680422304
284 127 0.412242870804972
140 93 0.163970494102321
93 57 0.19594154648943
68 129 0.191638486541937
471 101 0.122638088420745
67 77 0.382224440181685
105 179 0.147922745936367
300 26 0.164402954673849
2 57 0.199086424570368
269 177 0.152055038294775
115 133 0.381593320309164
472 339 0.433778718942903
96 154 0.150992667967433
116 281 0.172728039791327
36 94 0.170186259487649
12 282 0.201986520600236
93 15 0.13093122136394
374 361 0.242148135081716
309 473 0.728691015599814
69 41 0.189200857797896
104 57 0.176262867095432
37 94 0.224772610187442
153 37 0.222405017415714
387 154 0.326494546128147
265 321 0.166801972093801
91 19 0.200643710322996
96 474 0.408643784010046
77 253 0.44999202648995
391 66 0.120845593669171
84 391 0.141086677342308
259 94 0.292999893359907
104 130 0.564733420199945
17 226 0.291719758413347
475 250 0.124704803732542
57 176 0.227507016922199
161 100 0.143383178840313
242 28 0.230136552158572
81 157 0.159696112943362
91 37 0.283338717451482
161 317 0.183219041831628
96 314 0.267608289956758
186 359 0.228978594534632
55 100 0.289750798445442
476 477 0.142427320353509
21 104 0.25983105846907
102 353 0.177840607632534
104 79 0.744348890855314
416 383 0.123032192229334
37 455 0.173930805389682
172 353 0.167469339670939
339 421 0.218942073988379
121 425 0.241411079142492
15 110 0.197771122269358
6 56 0.220764838793582
43 352 0.217714879809437
414 389 0.385903554795826
93 381 0.381121435089888
51 242 0.216308491107044
364 314 0.284839780760285
146 91 0.451331185429185
31 478 0.172690552821542
68 404 0.365668475017846
92 38 0.36195398459756
105 89 0.114864758971094
479 448 0.45434019589711
68 196 0.141373855368101
480 57 0.142306253356067
357 448 0.100406106341204
68 293 0.190638106820406
220 66 0.109730170618912
147 404 0.366239789454333
315 317 0.203631116647151
295 448 0.149796788310846
11 226 0.367775382728758
31 15 0.366262742668477
21 41 0.189877632888001
364 535 0.395729079326876
287 481 0.289301476258505
104 15 0.354776092961761
337 188 0.618742292412951
91 38 0.575054623220644
196 79 0.245422988404447
242 18 0.130195759045962
230 288 0.504786191183908
207 336 0.122777209207096
124 91 0.197755389111783
52 328 0.22511020684978
259 19 0.212276428920071
252 25 0.361109641922396
68 480 0.15810685998872
3 478 0.208081524828072
302 110 0.248872285338157
414 93 0.363916263336759
15 19 0.123898654633306
536 332 0.175700220597475
26 57 0.187562992656425
482 384 0.22861338645497
89 36 0.178371408215323
223 522 0.101293602941716
480 165 0.260779139457611
374 51 0.20743015751683
114 195 0.24547739641443
91 315 0.290621732993603
259 63 0.318555602474577
354 369 0.398019039793115
446 117 0.157164531190057
183 66 0.13224612137381
0 286 0.100288060568844
259 26 0.23046025709572
164 27 0.249910601910843
414 121 0.125168307742647
483 293 0.100406106341204
68 88 0.187760245332851
88 55 0.163527193968076
130 30 0.365346822383806
6 356 0.209768807922244
68 484 0.247080110166932
354 38 0.332676979025653
20 164 0.422245085550436
395 267 0.118393234672304
68 233 0.119649206392566
192 395 0.138707600096363
4 68 0.341992316742439
189 346 0.21298750276079
91 41 0.37962879512898
364 416 0.385078497829038
249 116 0.116065362270574
370 404 0.201658572857569
93 242 0.219693193062258
296 195 0.131035304827136
68 203 0.184430899297508
29 153 0.296014301296128
438 356 0.234205846461608
91 33 0.201631996354064
311 94 0.259490580538458
33 35 0.325752519103846
485 463 0.108558358254172
259 34 0.415110356536503
112 37 0.230786415901121
303 95 0.133783783077122
230 104 0.53176507995399
8 317 0.205508954138786
75 153 0.178328846340357
120 15 0.328048731991213
12 57 0.112838805473655
335 242 0.155494056278429
299 317 0.103961025182156
465 353 0.202488991594851
256 385 0.110301891973892
161 242 0.211727792991252
416 395 0.138802682324185
115 537 0.191285665976731
354 44 0.168158176352863
69 94 0.298934166299224
370 250 0.141148071518495
69 104 0.297729531918269
414 76 0.232095495547517
33 234 0.18179921094653
78 84 0.118007183548655
12 113 0.239885247974256
26 36 0.182814543265292
59 373 0.310858482480499
49 31 0.370457231914315
59 486 0.456791995148575
207 158 0.290929166302573
153 36 0.172483761448451
339 330 0.272557375792759
55 89 0.269936456017903
78 66 0.127085923086143
44 32 0.145352166224783
101 153 0.108779468917617
379 66 0.236201904808466
24 247 0.28425648261067
253 116 0.133678375846926
277 66 0.107807493208284
303 538 0.140960629505059
78 277 0.278259237926343
124 87 0.101564841008112
392 301 0.541952550588852
280 487 0.166078342299627
114 100 0.311146730805093
259 488 0.389789103967127
276 93 0.209362238417987
324 393 0.212708294036533
186 100 0.227504280243783
6 350 0.209719099274096
146 38 0.417844072318434
364 313 0.101205616878596
317 489 0.126233533880794
451 257 0.312084909160519
53 28 0.431226114129758
265 212 0.490629202797855
292 120 0.270084172810269
174 31 0.270910512493072
25 17 0.175260527909594
479 68 0.133719512809344
29 41 0.544216832882961
113 5 0.157746510413575
29 282 0.258757416270369
29 91 0.441444436050672
252 75 0.273503756368014
97 317 0.129385376516793
188 317 0.200726790550619
155 288 0.434928565520525
25 81 0.221298672029297
317 79 0.222758618674063
234 488 0.44302305176716
72 338 0.116466744365178
62 120 0.32831058691472
485 154 0.253818812980743
37 353 0.167393806140776
6 57 0.242834433041883
76 155 0.172072449186774
539 164 0.310504725910509
53 18 0.245755757805211
44 199 0.164366185313695
284 370 0.340385768964074
107 99 0.321850202457986
88 399 0.175279200183859
355 51 0.169975665561082
284 68 0.422940182549547
253 288 0.641577459343986
370 390 0.209407466947266
46 130 0.533891591865749
490 59 0.252482691115656
491 350 0.159735053658034
114 314 0.231409429618422
259 68 0.243926228113006
53 100 0.581574715615655
366 110 0.269647136517104
283 209 0.23780206002319
75 317 0.156152989591006
55 492 0.168989943928639
213 493 0.253790179308955
327 196 0.213056245353698
15 127 0.147167785397897
168 450 0.509513808560283
485 418 0.273542906938808
370 345 0.169576207448644
304 353 0.223511859780516
540 364 0.145576759069822
77 431 0.558852512641746
465 315 0.414186035186047
475 301 0.140302126727008
434 494 0.159971239519819
288 51 0.12845802584455
374 294 0.11209885440175
68 495 0.128331625090969
356 289 0.206459760863089
196 496 0.203131396709549
68 532 0.305084814209346
196 204 0.186185622643427
37 301 0.309046883239002
68 339 0.150101223263217
118 304 0.438712115060041
94 110 0.280074362802766
387 51 0.110281148707635
0 94 0.319095520891833
53 234 0.35362248897247
303 124 0.210456834299458
259 25 0.265545415959253
497 289 0.16924454138494
145 105 0.286605824216466
155 117 0.305641545815545
57 110 0.292695017655084
0 498 0.269619232177528
115 97 0.144892131122032
308 100 0.172653045836602
115 188 0.245804991775809
148 190 0.143899264372448
89 288 0.315005783258196
17 69 0.242890321511943
434 430 0.238646089185932
53 37 0.213530084212285
73 102 0.237564431525231
298 66 0.127813757057181
0 222 0.109274956189145
126 499 0.374853378598253
88 97 0.104462909247006
148 214 0.362587075384041
304 19 0.414626964761803
355 317 0.153787492540452
186 210 0.210316703172476
132 242 0.153256307435526
12 91 0.136891171855121
25 5 0.246420519325977
101 25 0.101973792619219
91 5 0.159812230625623
367 212 0.638232747617901
54 102 0.258810668144549
72 136 0.189898136659705
431 321 0.257839030683982
140 374 0.196271939127483
374 231 0.217637201392706
443 87 0.196565990901522
28 353 0.109764963513573
203 233 0.103124160773431
42 113 0.163109050871229
6 372 0.114176264496655
44 361 0.22962528440055
46 282 0.283968968623759
75 37 0.133820584789255
427 38 0.115910687954245
253 282 0.282065409143933
42 226 0.476254246221145
100 94 0.420901241147882
0 111 0.619629510754671
370 399 0.143101626326125
104 282 0.346416936861744
299 100 0.495435307558557
457 63 0.418329683103792
233 205 0.102324850377085
54 69 0.310408487969069
355 15 0.260988548449707
43 27 0.362041161786071
44 41 0.133896337861636
500 226 0.113070947320974
68 328 0.334323074652479
164 31 0.152415076598852
416 136 0.1221877257687
429 231 0.102734920928411
139 247 0.110172278596666
322 52 0.242675483214649
63 425 0.430243574417296
69 93 0.147703234647555
157 226 0.14926238688607
146 63 0.614705159206484
91 57 0.27912047910235
67 57 0.142561155700225
6 346 0.508986577881831
88 17 0.259633053923466
259 14 0.100909170525974
67 15 0.158844269592779
25 369 0.22915797064125
59 501 0.152765540850978
84 149 0.116069016667956
59 502 0.307941950018272
124 227 0.134453109960452
59 503 0.158988743130897
504 59 0.192888137884826
404 83 0.186349644995007
263 201 0.680420847840353
367 265 0.603840812295256
285 154 0.325334433494742
59 505 0.320331448786229
19 79 0.690003247064476
75 63 0.101471482502398
230 155 0.394012226401302
219 147 0.255480262717547
426 174 0.258376939060633
303 118 0.153803361967745
252 68 0.393184930937936
300 242 0.140113523133643
62 41 0.457871813953241
322 403 0.144762308718215
234 51 0.21631686208464
506 87 0.197278333733664
411 202 0.358742189008008
81 498 0.225652214947175
259 33 0.179054258035019
59 142 0.193154747175721
259 153 0.219718152211361
76 209 0.424949497536976
53 427 0.391496387324467
0 140 0.33809950599982
44 104 0.179376303953395
84 499 0.135040140816921
43 55 0.135497863862857
284 364 0.452149099150967
33 63 0.119497624498374
63 37 0.163803451608006
427 353 0.127727251464155
155 207 0.140575039902335
157 247 0.112753607168852
373 288 0.230581232749822
354 36 0.169134644980829
214 51 0.253949945085555
453 205 0.175895223251887
453 57 0.178389321025924
163 541 0.10452854955152
243 309 0.553567002759034
126 100 0.634374379972314
20 226 0.374764874764875
494 430 0.189318057136264
4 95 0.121731044549064
187 236 0.153589864606941
299 403 0.618848684299097
6 100 0.371336858995113
20 178 0.229242200431729
40 57 0.256179552700391
259 174 0.199834853107178
175 203 0.109332861344947
174 432 0.161355164844346
76 230 0.345895194686126
27 226 0.260766399160493
0 142 0.202342527817153
126 408 0.162465874548993
507 68 0.129170912083415
68 250 0.142675361957241
42 317 0.154517435801492
215 92 0.137418864798638
508 438 0.209781130263654
46 226 0.175132996014081
139 304 0.404742577498054
453 15 0.149668515842129
333 451 0.108091715050552
100 455 0.182364568131426
213 267 0.184073349185417
186 377 0.124584962857159
354 5 0.441802772956515
10 36 0.138390272612605
65 100 0.30963937080014
333 68 0.13663127498176
294 392 0.356278003565162
31 226 0.231609652586245
4 37 0.188527030380766
306 214 0.212794605694189
38 37 0.445820406655699
40 36 0.206897863135112
5 41 0.303151546694369
107 181 0.208093001501429
284 407 0.425785528238744
192 213 0.123075793079336
445 321 0.165047020567198
186 66 0.123615305947971
367 477 0.244318388991173
457 392 0.146698518329122
59 92 0.262128562765312
300 542 0.12780159517847
361 214 0.114461356144018
370 203 0.121021507832752
15 509 0.163320567382949
59 91 0.284104627114983
91 389 0.412607705212704
300 19 0.134182886488419
294 94 0.111217899973042
67 114 0.20782967032967
354 125 0.423443916869559
403 281 0.345885335300727
77 117 0.354532325580766
303 139 0.18501082622539
62 425 0.562204239886562
215 37 0.14478781659077
80 107 0.25771194347086
338 15 0.234076298284237
510 509 0.292197128992042
153 57 0.320774162629835
136 57 0.145391352802308
136 15 0.197816109603947
333 260 0.171987181577952
44 170 0.183414845173614
338 57 0.212029045606477
153 234 0.233019131924091
63 20 0.397026840507985
330 52 0.130020589660469
253 362 0.484399835136546
195 66 0.16487155211109
152 38 0.199283590271107
152 37 0.185092798341038
0 147 0.483089975675915
88 14 0.166512711251221
337 79 0.422462366307771
215 369 0.2981944103151
101 63 0.110185857500417
89 335 0.345310181506357
114 116 0.101796301743169
303 29 0.233339943433632
67 147 0.234207213898827
308 243 0.294967334959258
59 111 0.367808349616648
53 353 0.194058427790747
112 36 0.26365244624909
189 93 0.215819410110136
44 478 0.175046685501653
479 244 0.204349630258108
59 416 0.269701247935157
59 511 0.218283809350873
112 369 0.261420259760631
299 68 0.515774558335351
57 127 0.105312851743259
101 353 0.264881848618792
354 234 0.425404072013755
78 499 0.287029731744582
84 270 0.188162634323003
403 406 0.301554422926721
68 446 0.331130859691511
201 257 0.202188322882634
453 100 0.391090399734771
200 265 0.357723907775883
333 284 0.22434558749371
9 300 0.192762274317634
337 19 0.135728362350065
327 416 0.264087044936925
22 153 0.40345365477358
328 169 0.163912625765465
401 66 0.159467465386136
25 26 0.281157560650653
78 335 0.119560219264351
386 196 0.22144227071123
324 30 0.350885287333191
330 334 0.123075793079336
68 301 0.357602016541777
140 57 0.114439573686891
243 84 0.310421291829417
333 499 0.285448668929821
10 353 0.206578657144675
453 87 0.167557353477729
11 37 0.241360237541569
5 100 0.393743838346796
153 28 0.332231161143611
129 436 0.310130609696464
364 391 0.208085265635459
427 429 0.122452304278943
284 196 0.147816834417054
330 364 0.340237814917573
220 473 0.456429718887395
537 100 0.178695190381957
7 226 0.164765711514273
341 66 0.118128157250343
345 83 0.207021221089004
4 36 0.129877572376215
160 241 0.190275078109616
76 373 0.13537303604014
194 296 0.166157918799697
17 153 0.294364108149951
359 104 0.165632338018322
43 153 0.249971862133491
307 402 0.112480761671522
36 45 0.267560969239679
354 92 0.498442532286353
259 38 0.388257180719055
53 303 0.278524989708284
124 465 0.169121396135267
512 83 0.122876243712098
491 346 0.396498134376031
459 83 0.106320748835854
0 281 0.185578543381184
234 38 0.417243531566746
54 282 0.16254657399823
393 130 0.20361460510107
112 102 0.208016902050957
93 235 0.318219188199165
161 51 0.152566836185727
93 165 0.135741083788767
513 209 0.231900770663918
328 332 0.220332498257143
391 180 0.164941761583648
0 532 0.114315553278855
17 41 0.325125585654874
219 467 0.131250518353111
140 307 0.116865010000864
84 100 0.428725853719745
381 478 0.169164727317171
36 38 0.168750885353043
414 117 0.15949151082674
124 353 0.280796048361625
6 323 0.206428788637371
17 107 0.322459064020338
514 19 0.305614371055358
100 30 0.48827479338843
476 125 0.179982143308653
354 152 0.551370134561786
68 6 0.315261201008898
414 428 0.118546813525388
36 3 0.102381022518373
63 455 0.123593395395859
175 196 0.128341085969086
7 247 0.171506141807544
213 132 0.158536586551754
355 451 0.164277456735561
0 6 0.483927444957337
466 288 0.252809001791106
54 44 0.108239554558807
206 226 0.323176171257061
100 301 0.561046265097118
186 6 0.181083793513664
196 335 0.140106274218159
324 77 0.346971925785325
53 59 0.293618022891544
205 66 0.295693355374617
470 222 0.134318852318153
53 538 0.129553243309251
95 19 0.177349208209541
219 273 0.131250518353111
354 227 0.248749462343237
374 57 0.239190260208527
354 119 0.378124710021618
499 66 0.117281853587688
113 51 0.124337824855767
215 227 0.178405329285043
11 326 0.440761077844757
367 81 0.294935163565633
259 256 0.22133478119516
261 57 0.13190295462425
0 334 0.127615276590949
220 261 0.109320076567014
315 94 0.252089128868635
504 68 0.239594874260384
490 68 0.145968349525491
88 188 0.434144826355403
354 252 0.588859308474361
335 51 0.161388407385808
5 455 0.107904918488661
68 515 0.161268119404778
68 486 0.12030234679643
416 384 0.276087443082143
68 502 0.409366704334673
68 503 0.17571165957221
68 505 0.245218237098443
91 353 0.218640736875068
24 91 0.304237465481877
516 77 0.388142974118825
252 91 0.379742544618609
373 33 0.184116378656228
21 92 0.245554213563157
406 336 0.220363195772588
53 24 0.251802390032036
5 317 0.252057854301622
139 28 0.246112249076209
333 154 0.19195697165241
88 38 0.231550762059828
263 404 0.486586341373972
88 34 0.461426017779797
116 543 0.136837265439842
112 89 0.228654905671445
361 455 0.120539735929112
116 250 0.180982046332681
161 89 0.216266343559722
510 232 0.110914664948965
252 234 0.320687629047691
126 110 0.239939411554108
400 84 0.152431065304959
364 273 0.110978808338911
248 127 0.199721876972372
112 119 0.26359327097957
112 5 0.221780132509126
131 93 0.102285834220197
151 75 0.1620749306542
36 13 0.16753149484623
84 97 0.123169889459511
263 116 0.153310026290885
62 282 0.355750586552951
368 32 0.282911392405063
498 183 0.145934382211752
174 304 0.376516066769443
195 310 0.123752849093037
424 498 0.428664647563099
192 131 0.123075793079336
24 458 0.227346518255608
