417
198
199
411
202
447
57
291
72
108
122
218
250
133
317
434
494
135
196
268
197
412
16
296
194
244
357
448
68
309
362
253
59
429
261
39
2
70
99
464
136
358
44
190
15
467
289
223
212
109
336
365
430
344
204
205
195
377
256
86
345
306
356
350
191
366
174
276
319
375
192
267
402
236
165
235
93
465
315
310
51
166
66
327
295
340
18
75
226
210
186
275
273
466
246
237
120
410
370
399
400
272
138
452
170
63
20
369
38
427
469
390
203
286
371
221
220
485
65
401
347
124
36
45
396
416
150
149
74
302
48
31
