417
135
136
72
412
44
199
197
244
243
0
286
309
362
308
429
220
195
194
70
300
214
51
358
104
253
231
467
219
273
296
261
57
2
7
109
108
250
245
448
479
336
62
53
427
223
394
212
289
344
345
400
406
377
111
100
237
268
306
190
356
366
110
302
375
191
267
395
236
235
357
122
218
465
315
36
45
291
114
204
203
166
84
257
295
340
178
20
63
210
68
327
196
276
174
392
466
317
434
430
410
335
66
177
402
192
272
263
116
452
59
77
431
411
369
303
118
125
399
370
371
15
494
469
390
205
233
485
154
285
241
347
124
396
