417
135
136
338
72
412
44
199
197
244
243
0
7
309
362
253
252
429
220
195
194
70
61
99
107
358
104
100
308
467
219
273
296
261
39
38
427
109
108
250
245
448
295
68
479
336
62
121
237
223
394
212
289
344
345
400
406
377
111
122
268
196
286
306
190
148
300
366
392
374
231
375
191
267
189
236
235
357
465
315
36
45
218
291
290
147
63
166
84
66
177
340
178
20
226
210
155
47
302
276
174
432
356
466
288
77
431
410
15
390
203
402
192
213
319
272
263
201
257
452
59
403
124
434
494
430
411
198
278
369
303
118
125
399
370
371
57
469
205
233
485
154
165
116
347
101
134
83
396
395
416
327
74
48
160
241
