69 680 2171 175 7000 39517 6111 41968 593 4817 9258 1284 1037 360 131 
1 68 0 0 680 0 2103 0 0 0 0 175 0 0 0 
7 128 15 6 2029 549 1788 11 20 115 20 330 2 32 2 
12 177 42 24 2674 1096 2426 63 41 665 94 318 43 52 20 
45 530 490 500 6117 11346 4764 2542 501 8778 4818 834 3808 1097 3022 
54 564 846 585 5736 16167 3815 6378 938 9257 9577 765 5704 1296 3145 
54 713 926 505 6355 23822 8137 8172 766 9543 9780 1094 4076 1446 2776 
13 148 47 31 2139 881 2060 71 24 763 119 229 66 42 30 
36 490 229 401 6118 5722 3292 670 355 8024 1797 954 2182 1347 2491 
40 510 399 381 6680 7819 2976 1883 1043 6451 3487 1007 2539 1767 1971 
36 472 266 364 6910 5571 2816 928 543 6887 2175 944 1910 1488 2127 
42 486 374 487 5748 7727 3053 1411 407 9087 3662 775 3403 1149 3004 
47 531 548 533 5814 11618 3840 2951 606 9364 5717 734 4373 1116 3174 
47 488 572 509 6062 10490 2872 3318 619 8500 5876 777 4034 1110 2987 
8 247 17 11 4038 808 3571 14 58 519 23 1281 14 143 5 
60 815 1602 168 9051 39063 7374 25877 1055 5558 7087 1999 1111 677 145 
10 122 25 20 1567 504 2000 26 8 496 46 199 30 41 18 
40 501 339 441 5937 7487 3337 1325 428 8474 3008 840 2891 1361 2656 
36 551 309 321 6975 7437 4040 1294 524 6936 2540 1108 1544 1932 1762 
54 596 861 570 6163 18605 4819 6865 756 9417 9511 862 5155 1027 3273 
16 258 84 36 3773 2770 3442 214 94 816 228 860 78 48 40 
34 524 219 342 6770 5820 3856 638 438 7252 1736 1135 1622 1672 1988 
35 442 207 388 6022 4182 2799 557 291 7556 1583 855 1994 1354 2411 
29 466 107 299 6131 2574 3405 151 304 6310 672 1059 1092 1778 1739 
16 289 76 44 4746 2120 2720 157 140 1289 232 1692 129 323 42 
40 718 525 255 7167 15548 5749 3213 1211 6058 4275 2413 1761 1987 631 
46 643 570 465 6030 14191 5076 3348 1052 9228 5642 1013 3752 1706 2438 
13 160 45 33 2064 1089 2195 66 34 699 109 518 79 32 32 
42 506 412 449 6538 8570 3066 1754 416 8428 4102 726 3014 1458 2610 
27 408 217 134 6778 5562 3111 735 483 2950 1311 1434 598 565 281 
28 347 251 127 5765 5573 3236 1082 269 2566 1394 1147 492 346 308 
15 267 79 26 3668 2657 3866 206 64 817 182 894 45 68 22 
33 485 225 303 6693 5008 3580 695 352 6284 1832 1039 1226 1762 1703 
34 519 230 331 7389 5637 3600 628 554 6746 1933 1022 1610 1818 1813 
27 571 136 215 6716 4237 5189 281 422 5469 917 1577 723 2148 1004 
21 467 43 167 6040 1147 4381 28 130 4073 286 1522 161 1930 855 
25 649 218 82 7893 9294 7330 933 734 3090 953 2759 309 862 105 
45 854 692 298 7515 21763 7520 5090 1364 8741 6127 2324 2232 2172 741 
42 630 551 310 7312 12754 3939 3447 952 6834 4863 1672 1973 2169 1197 
10 210 33 12 2941 1310 2846 42 44 276 65 1015 8 108 5 
17 480 68 68 6474 2671 4798 100 480 2153 260 2519 200 948 120 
37 673 442 224 7297 13484 5367 2495 925 5614 3258 2509 1469 1640 548 
30 518 143 292 6750 4172 4529 259 362 6472 1085 1073 1057 1827 1659 
35 504 274 321 6888 6049 3367 943 428 6651 2438 978 1337 1790 1827 
37 719 517 149 7700 16424 7435 3870 721 4916 2907 2584 671 1551 322 
3 63 3 0 1365 106 678 1 10 0 0 231 0 0 0 
21 353 132 78 5497 3805 2971 355 308 1833 613 1125 217 403 145 
13 76 55 23 1616 562 206 104 29 218 126 95 41 37 15 
6 44 7 8 722 94 132 0 0 80 12 47 4 23 4 
9 237 27 9 3570 1232 4060 30 62 440 47 761 5 50 2 
3 56 0 3 942 0 743 0 0 110 0 313 0 1 1 
36 719 533 97 8491 18488 8114 4411 770 3721 2246 2536 397 708 86 
27 317 315 36 4548 6438 2970 2186 211 1166 593 453 131 108 15 
56 688 1023 517 6128 22431 5137 8965 891 9647 12007 1047 4333 1990 2415 
32 586 347 149 6887 9296 4460 1935 896 4118 1908 2547 789 1480 328 
28 513 102 276 6947 3283 4845 118 326 6216 805 1099 688 1850 1665 
17 383 3 133 5832 70 3058 0 31 2834 2 1573 41 1581 637 
56 828 1356 184 8707 35264 7636 19477 879 6180 6782 2654 1229 1169 232 
8 174 19 9 1996 662 3377 16 26 394 30 279 6 55 4 
49 482 1054 122 5586 18295 5410 13696 262 3817 3832 1252 786 250 110 
6 23 6 9 298 36 60 0 1 63 8 14 8 7 4 
6 21 8 7 270 46 64 2 1 49 10 19 6 4 2 
15 297 77 28 4575 2474 3475 185 115 1040 188 1194 70 207 12 
32 553 421 75 8169 12341 4924 3099 680 2332 1527 2334 279 555 55 
7 135 8 13 2320 229 1167 1 9 399 13 869 11 82 10 
6 131 9 6 1631 337 2002 4 9 256 10 242 4 22 2 
29 219 382 24 2888 5316 2022 3076 86 560 514 295 58 42 6 
10 293 30 15 3241 1522 5652 36 72 787 54 511 24 92 6 
71 755 2309 176 7298 44617 7068 46380 709 5559 9556 2098 1069 628 150 
48 821 765 363 7413 22078 6705 5807 1446 8743 7486 1820 2797 2437 1206 
2 19 0 1 258 0 86 0 0 15 0 25 0 2 0 
2 6 0 1 18 0 6 0 0 4 0 1 0 1 0 
6 11 12 3 239 43 11 9 0 6 10 3 1 3 0 
8 130 9 19 2323 166 737 2 41 414 15 374 18 124 21 
3 21 1 2 230 18 55 0 0 18 0 24 1 3 0 
29 607 262 144 7876 8350 4392 1056 991 3648 1600 2567 706 1508 292 
17 266 96 40 3270 2413 4143 264 101 1371 265 371 118 135 33 
25 293 256 44 3507 4938 4052 1496 116 1546 631 364 138 158 35 
26 340 261 64 4340 5633 4226 1417 159 2219 880 710 253 165 50 
26 418 242 83 4894 6733 5641 1174 148 2867 940 1477 406 277 80 
7 41 12 9 590 146 141 7 2 86 14 60 11 5 3 
24 284 195 81 5051 3831 1825 841 219 1609 747 754 273 327 163 
5 105 9 1 1508 324 1291 7 6 34 3 641 0 25 0 
7 48 20 1 1162 251 216 30 6 23 5 91 0 1 0 
27 330 309 42 3423 6574 4864 2042 91 1608 733 484 133 108 17 
15 189 30 75 3464 493 1143 19 91 1511 84 522 165 230 187 
3 52 3 0 519 98 477 1 3 0 0 37 0 0 0 
15 185 98 7 2720 2307 2946 372 58 147 75 419 8 10 0 
47 684 635 446 6981 17103 6190 4011 717 9623 6874 973 2794 1652 2536 
41 753 499 321 7418 15795 7300 2696 750 8375 4864 1535 1645 2225 1455 
4 11 4 2 70 25 14 1 0 8 2 5 1 0 0 
32 684 345 151 7550 11926 6712 1819 982 4848 2011 2658 871 1233 259 
49 676 865 311 7142 20479 5429 7482 845 6071 8205 2014 1799 2104 938 
24 422 221 55 6198 6458 5366 1113 216 2266 667 1059 189 275 55 
26 531 242 83 7092 8555 6264 1138 341 2888 1026 2206 342 575 94 
13 349 48 30 4562 1745 3768 74 189 799 127 2348 52 633 33 
9 154 29 7 2042 820 2580 46 19 342 29 557 7 16 2 
9 187 24 12 3089 834 1787 27 66 388 32 873 23 71 2 
6 23 7 8 278 43 68 1 4 50 9 16 7 7 3 
5 21 9 1 173 71 27 7 3 3 3 16 0 2 0 
58 884 1456 197 7982 39570 9370 21442 984 7124 7972 2516 1266 863 176 
24 565 201 75 7080 7280 6136 838 757 2365 796 2750 316 918 74 
12 283 35 31 4557 1098 2947 43 109 1227 82 1313 57 285 38 
21 203 115 95 3721 1739 1051 292 81 1771 527 494 255 194 256 
21 447 176 34 6220 6461 5643 799 263 1487 429 1614 89 233 13 
9 209 28 8 3773 933 1905 39 136 303 35 1272 9 82 1 
3 44 3 0 642 64 362 1 12 0 0 109 0 0 0 
1 2 0 0 44 0 1 0 0 0 0 0 0 0 0 
9 101 28 8 1639 625 437 42 27 71 33 541 4 29 5 
5 22 5 5 336 44 160 1 0 44 5 31 2 0 2 
4 23 1 5 336 22 160 0 0 47 0 31 2 0 2 
22 442 175 56 4635 6126 6894 698 146 2346 614 618 178 259 50 
11 261 32 23 2997 1179 4526 31 61 1067 77 387 41 121 16 
32 563 344 152 7189 10789 6217 1713 736 3680 2238 1907 705 756 304 
16 473 53 67 5855 2136 5001 63 346 1977 205 2500 143 1145 149 
31 500 386 79 6079 10942 6567 2660 296 2900 1439 1216 336 283 60 
12 174 57 9 2854 1467 1391 140 69 229 70 264 10 40 0 
21 372 182 28 4571 5564 5521 891 171 1256 357 623 71 139 11 
21 321 160 50 3531 3705 4584 672 110 2149 401 376 222 173 35 
4 60 3 3 1231 56 364 0 4 86 3 183 0 15 1 
3 65 3 0 1147 78 612 1 26 0 0 321 0 0 0 
11 232 45 10 2929 1610 4828 96 45 504 48 490 21 58 0 
20 315 169 21 4353 4683 3959 815 131 826 276 726 45 107 4 
4 23 1 5 336 22 160 0 0 47 0 31 2 0 2 
3 85 2 1 1357 79 1166 0 7 63 1 378 0 7 0 
29 516 283 123 7015 8404 4983 1341 494 3652 1512 1656 594 702 207 
25 338 182 118 4949 4670 4019 575 190 2470 999 1076 463 296 263 
16 350 92 28 3583 3114 6396 288 69 1642 177 470 70 178 25 
24 448 225 51 4205 6891 8109 1143 153 2615 683 603 155 246 43 
2 4 1 0 82 4 3 0 0 0 0 0 0 0 0 
4 72 6 0 779 216 2239 4 0 0 0 176 0 0 0 
10 203 37 8 2640 1301 3694 70 33 368 36 521 14 46 0 
4 51 5 1 760 93 299 2 11 24 2 88 0 7 0 
8 97 24 4 1738 438 808 36 22 153 17 240 2 22 1 
2 12 1 0 176 12 46 0 0 0 0 9 0 0 0 
5 109 7 3 1750 249 1385 3 14 95 5 672 2 32 0 
3 14 2 1 189 20 21 0 0 6 1 7 0 1 0 
7 125 16 5 1726 518 2717 17 4 172 12 300 5 26 1 
2 51 0 1 738 0 400 0 0 17 0 225 0 17 0 
6 124 11 4 1529 410 2664 6 8 162 12 247 2 16 0 
11 250 22 33 4213 768 2286 14 38 1072 49 1338 58 292 44 
20 345 131 59 5327 4078 4844 400 145 1791 471 1070 216 198 53 
5 50 4 6 997 55 210 1 5 89 2 87 5 23 2 
4 132 2 4 1412 112 3102 0 0 214 1 268 2 35 1 
2 24 0 1 560 0 183 0 0 20 0 49 0 2 0 
4 94 1 5 1575 17 1467 0 3 217 0 227 2 21 2 
8 173 17 11 3112 442 1582 15 92 393 20 1071 17 96 4 
24 472 153 123 6245 5387 5068 376 455 3235 832 1536 574 662 242 
14 259 78 13 3503 2496 4299 243 117 555 89 494 29 41 3 
6 43 9 6 596 118 156 5 6 73 8 60 5 6 2 
6 79 11 4 994 226 736 8 8 125 9 86 2 14 1 
4 28 6 0 538 74 70 4 5 0 0 22 0 0 0 
13 438 28 50 5571 1566 5737 20 199 1638 91 2389 66 827 109 
20 351 102 88 5170 3349 3435 214 226 2100 452 1067 290 384 184 
38 652 347 356 6915 9994 5318 1334 752 8206 3240 1005 2010 2210 1852 
11 127 49 6 1922 1015 1657 118 23 191 41 242 5 9 1 
13 262 50 28 2433 1593 4987 82 54 1165 121 355 62 139 21 
2 112 0 1 1585 0 2788 0 0 58 0 296 0 27 0 
28 558 252 126 6459 8470 5006 964 507 3090 1617 2510 426 1246 269 
9 277 15 21 3538 605 2722 7 75 667 31 1992 22 397 24 
4 16 4 2 102 22 14 1 5 6 2 10 1 5 0 
9 132 33 3 2107 932 1840 64 37 40 19 251 1 5 0 
12 288 50 16 4118 1809 4663 103 116 933 82 804 27 97 8 
12 164 8 58 2896 125 1069 1 34 1173 10 433 57 219 152 
17 182 46 90 3474 671 1054 41 56 1723 173 440 221 203 245 
7 63 18 3 987 290 297 22 9 34 12 81 0 18 1 
4 55 6 0 1019 147 400 4 9 0 0 89 0 0 0 
1 26 0 0 330 0 283 0 0 0 0 42 0 0 0 
10 131 29 16 1855 565 1837 36 30 462 49 251 26 46 9 
5 24 8 2 369 68 41 4 4 8 6 32 0 6 0 
13 365 36 42 4770 1501 3806 32 32 953 140 2261 20 931 94 
10 220 25 20 3362 968 2057 26 92 496 50 739 22 166 22 
4 42 4 2 649 82 206 0 1 34 4 44 0 4 0 
4 159 3 3 2170 168 3558 1 10 231 0 405 3 29 0 
2 16 0 1 327 0 43 0 0 16 0 17 0 0 0 
12 169 56 10 3298 1347 1527 141 51 318 61 574 15 46 3 
3 47 3 0 571 82 379 1 6 0 0 52 0 0 0 
11 192 30 25 2628 867 3052 32 30 765 62 321 50 114 21 
5 55 8 2 567 136 583 5 3 60 4 45 1 9 0 
16 349 79 41 4603 2410 3130 185 151 1087 246 2302 59 718 70 
7 216 15 6 3237 549 2214 13 145 177 16 1649 4 140 2 
15 296 62 43 4924 2054 2417 109 139 1224 195 1045 89 294 62 
12 367 19 47 4484 754 3936 9 37 1221 67 2250 29 994 115 
4 77 5 1 839 154 2058 2 4 67 2 182 0 1 0 
4 98 4 2 919 154 2328 1 2 136 2 197 1 0 0 
5 93 5 5 1206 106 1609 1 2 218 5 204 2 22 2 
10 139 29 16 2038 574 2006 37 22 485 50 243 21 74 12 
11 201 48 7 2427 1539 3344 111 22 367 47 795 5 30 2 
3 21 2 1 307 24 64 0 0 18 1 11 0 0 0 
20 330 145 45 4401 3945 4446 575 188 1587 357 1065 171 181 37 
11 113 52 3 1561 994 774 138 33 40 27 172 0 15 0 
9 109 30 6 1427 663 1421 51 26 125 25 229 7 16 1 
5 21 9 1 201 59 42 7 8 1 3 5 0 4 0 
7 29 16 5 249 126 77 20 11 26 5 13 10 0 0 
5 11 6 4 61 21 4 2 1 13 5 6 2 4 1 
5 19 6 4 248 36 50 1 2 36 6 4 3 0 0 
13 89 74 4 1048 961 720 244 17 67 40 107 2 3 0 
14 146 86 5 2094 1496 2378 311 24 298 47 256 5 28 1 
7 55 19 2 680 299 387 26 11 7 8 51 1 1 0 
2 8 0 1 165 0 21 0 0 8 0 0 0 0 0 
9 98 35 1 1708 749 1062 77 17 1 7 253 0 0 0 
2 16 1 0 195 16 58 0 0 0 0 7 0 0 0 
6 84 14 1 955 339 2192 16 3 71 4 180 0 2 0 
2 69 1 0 687 69 2103 0 0 0 0 175 0 0 0 
9 113 31 5 1349 731 2299 53 21 125 28 193 2 3 1 
5 132 9 1 1695 411 2050 7 17 59 3 271 0 12 0 
8 69 24 4 945 356 416 35 18 81 18 36 3 5 0 
4 55 5 1 885 150 502 2 5 5 2 109 0 0 0 
7 99 18 3 1358 432 2052 21 4 140 13 216 1 7 0 
7 58 13 8 1089 144 262 10 10 120 13 93 9 32 3 
11 162 37 18 1987 826 3035 57 22 598 65 267 32 76 11 
4 96 3 3 1210 104 2196 0 6 152 3 200 0 10 1 
5 112 5 5 1108 170 2303 1 6 238 3 205 6 14 0 
22 209 214 17 2970 3607 2450 1233 69 560 275 286 31 42 1 
12 96 55 11 1442 741 598 125 35 195 82 199 11 25 2 
18 268 113 40 4762 2857 2236 345 127 1127 333 940 107 159 31 
19 545 103 68 6290 4357 6460 243 491 2191 420 2807 182 1140 124 
13 185 26 52 3163 570 1194 8 104 994 85 440 92 224 101 
1 3 0 0 77 0 2 0 0 0 0 1 0 0 0 
5 5 6 4 60 11 1 0 0 3 9 0 0 3 1 
5 42 9 1 504 155 181 7 1 11 3 25 0 0 0 
8 65 25 3 812 374 434 40 6 67 14 61 2 1 0 
8 211 15 13 2524 588 4125 6 31 625 31 365 10 101 9 
6 96 11 4 1174 292 2111 6 12 138 12 184 2 13 0 
5 25 10 0 447 88 165 10 6 0 0 28 0 0 0 
1 4 0 0 25 0 6 0 0 0 0 0 0 0 0 
3 92 3 0 1493 162 1608 1 11 0 0 257 0 0 0 
27 511 288 63 6670 9408 5586 1632 338 1608 1118 2399 68 797 107 
12 295 41 25 4844 1527 3046 57 136 956 95 1458 49 245 19 
5 61 6 4 864 97 407 2 8 83 5 114 2 24 1 
6 92 4 11 1477 74 720 0 14 256 4 147 8 51 8 
9 139 20 16 2151 459 1350 18 35 457 32 194 22 63 12 
8 192 24 4 2348 931 3905 35 48 235 18 397 3 41 0 
10 122 41 4 1348 924 1300 91 12 146 26 561 3 2 0 
6 131 14 1 1699 533 2634 16 23 76 4 297 0 0 0 
29 640 220 186 7224 7276 5898 675 671 5270 1549 2119 817 2016 613 
3 27 3 0 486 52 201 1 1 0 0 55 0 0 0 
4 67 6 0 900 195 1548 4 3 0 0 171 0 0 0 
7 139 17 4 2197 596 2267 17 35 158 17 528 0 5 1 
1 4 0 0 22 0 1 0 0 0 0 5 0 0 0 
1 15 0 0 349 0 64 0 0 0 0 41 0 0 0 
6 117 4 11 1717 116 1814 0 5 363 4 237 8 48 8 
9 114 28 8 1324 593 2364 39 8 275 34 195 11 14 0 
24 503 225 51 5898 8271 7778 1136 285 2198 693 1407 156 265 39 
12 291 48 18 2994 1757 6211 92 33 1096 88 474 28 141 12 
2 13 1 0 361 11 38 0 1 0 0 18 0 0 0 
12 182 56 10 2881 1408 2395 137 56 428 68 555 13 27 2 
6 164 8 7 1657 314 3258 2 21 338 10 252 6 63 2 
10 173 38 7 2882 1195 1127 69 47 222 47 457 3 23 1 
4 53 4 2 840 81 400 1 9 52 2 68 1 4 0 
11 166 40 15 2945 1042 1207 65 59 410 71 240 23 45 6 
23 339 220 33 3997 5822 5331 1170 165 1096 521 560 68 105 12 
2 22 0 1 242 0 176 0 0 20 0 15 0 1 0 
19 429 122 49 6756 4696 5404 380 257 1924 383 1322 168 294 38 
12 207 52 14 3071 1421 2687 118 49 626 70 411 26 66 6 
2 8 0 1 113 0 14 0 0 8 0 7 0 0 0 
2 49 1 0 424 47 547 0 1 0 0 41 0 0 0 
16 379 85 35 5053 3022 3668 217 197 903 245 2303 49 683 49 
8 131 20 8 1295 507 2571 20 13 340 26 192 8 22 2 
5 102 7 3 1192 280 2371 2 12 94 7 193 1 5 0 
35 771 431 164 7906 15266 9021 2693 1135 5588 2606 2646 932 1545 314 
9 83 28 8 1453 525 524 39 14 101 35 188 9 5 1 
5 88 10 0 1382 330 1399 10 11 0 0 213 0 0 0 
1 10 0 0 201 0 38 0 0 0 0 7 0 0 0 
6 52 13 2 1048 210 234 13 13 12 6 68 1 6 0 
2 7 0 1 147 0 9 0 0 7 0 2 0 0 0 
1 11 0 0 113 0 49 0 0 0 0 6 0 0 0 
12 113 60 6 1600 1045 715 167 31 126 47 118 5 5 1 
1 5 0 0 79 0 6 0 0 0 0 4 0 0 0 
6 27 10 5 213 88 75 10 8 31 0 12 10 0 0 
2 18 1 0 136 12 75 0 3 0 0 6 0 0 0 
3 31 2 1 266 28 332 0 2 28 1 22 0 1 0 
2 28 1 0 355 24 283 0 2 0 0 43 0 0 0 
1 27 0 0 558 0 225 0 0 0 0 126 0 0 0 
3 24 2 1 256 34 82 0 1 10 1 18 0 1 0 
11 61 49 6 859 507 187 115 7 79 46 36 4 5 0 
3 32 3 0 634 56 170 1 4 0 0 59 0 0 0 
2 13 1 0 115 13 41 0 0 0 0 7 0 0 0 
5 45 10 0 732 170 262 10 5 0 0 70 0 0 0 
4 70 5 1 893 151 632 2 4 43 2 106 0 4 0 
3 75 2 1 771 139 2124 0 2 7 1 175 0 0 0 
2 73 0 1 980 0 1000 0 0 43 0 406 0 15 0 
3 7 2 1 113 7 14 0 0 7 1 7 0 0 0 
14 266 67 24 3365 2061 3707 156 105 985 143 419 50 101 15 
13 276 54 24 4691 1829 2057 110 196 711 106 1374 52 190 18 
6 83 10 5 1119 177 995 6 22 156 9 149 4 19 1 
16 287 100 20 2763 3073 5200 331 57 948 184 418 39 85 6 
4 52 3 3 672 70 360 0 2 70 2 45 2 6 0 
4 97 6 0 1007 273 2226 4 9 0 0 186 0 0 0 
2 55 1 0 827 55 1301 0 0 0 0 184 0 0 0 
25 456 219 81 5355 6919 6996 902 209 3021 1018 868 295 293 85 
13 103 72 6 1629 1106 583 223 23 80 60 129 3 2 0 
7 147 16 5 2161 474 2044 16 49 206 14 280 4 52 1 
4 77 6 0 1413 211 713 4 10 0 0 167 0 0 0 
6 141 9 6 2124 353 2362 4 13 268 8 331 8 29 0 
4 95 5 1 1160 246 2351 2 7 15 2 238 0 5 0 
9 96 21 15 2120 343 563 19 14 287 35 139 20 55 10 
6 96 11 4 1158 183 2056 10 3 267 4 179 6 12 0 
3 24 2 1 153 34 93 0 0 12 1 10 0 1 0 
1 2 0 0 33 0 1 0 0 0 0 0 0 0 0 
3 33 3 0 297 64 363 1 1 0 0 25 0 0 0 
11 302 28 27 3645 1303 5844 27 53 1283 59 538 53 164 26 
17 252 112 24 3302 2883 2423 375 66 429 264 1865 27 294 14 
16 339 79 41 4282 3022 6849 167 103 1521 244 807 117 168 32 
6 70 13 2 1272 296 615 13 6 34 6 185 1 4 0 
18 378 110 43 5395 3973 4779 327 179 1509 324 1372 131 293 34 
24 550 215 61 6955 8529 6821 1001 478 2151 752 2223 223 507 48 
1 4 0 0 55 0 4 0 0 0 0 2 0 0 0 
4 35 6 0 461 75 137 4 15 0 0 51 0 0 0 
8 75 23 5 1339 389 379 32 13 76 19 126 4 17 1 
4 67 3 3 1124 122 1374 0 1 67 2 202 2 5 0 
4 13 4 2 362 26 29 1 0 11 2 16 1 1 0 
3 102 3 0 1602 176 1861 1 14 0 0 285 0 0 0 
4 53 1 5 1177 23 321 0 1 80 0 119 2 27 2 
3 34 2 1 629 41 150 0 0 25 1 40 0 1 0 
4 38 5 1 490 89 136 2 2 19 2 32 0 1 0 
8 131 21 7 1832 641 1033 20 21 174 32 197 2 30 2 
10 231 35 10 4679 1261 2419 59 130 368 45 842 13 95 3 
4 71 3 3 1172 56 546 0 20 53 2 134 2 32 0 
35 724 479 116 7625 16454 8612 3561 656 4134 2365 2730 394 1358 225 
2 79 0 1 1016 0 779 0 0 23 0 772 0 28 0 
4 29 5 1 275 49 95 2 11 12 2 13 0 2 0 
4 32 5 1 530 93 117 2 0 3 2 292 0 0 0 
5 17 9 1 192 64 53 7 1 2 3 6 0 0 0 
8 81 19 9 1519 292 459 18 36 133 24 121 12 35 2 
8 186 15 13 3089 541 1879 5 77 385 29 1228 17 111 5 
6 61 12 3 863 229 432 9 4 60 10 171 1 4 0 
5 58 5 5 896 78 354 1 3 110 4 102 4 19 1 
4 164 4 2 2383 278 2558 1 17 114 2 948 1 33 0 
6 204 10 5 2367 513 4847 7 24 365 6 440 7 47 0 
13 241 67 11 2791 2087 4538 184 68 581 86 444 13 44 3 
2 43 0 1 815 0 420 0 0 35 0 93 0 4 0 
10 194 36 9 2042 1149 3335 68 34 445 33 322 18 42 1 
2 31 1 0 579 31 270 0 0 0 0 65 0 0 0 
1 7 0 0 97 0 17 0 0 0 0 4 0 0 0 
4 58 6 0 848 158 485 4 8 0 0 88 0 0 0 
8 117 24 4 1349 661 2331 34 17 110 20 200 2 7 0 
6 114 13 2 1127 469 2435 12 9 75 8 201 0 4 0 
2 61 1 0 838 59 1544 0 1 0 0 168 0 0 0 
16 339 92 28 4667 3187 4345 281 119 1366 181 990 83 147 15 
4 31 6 0 612 91 95 4 1 0 0 36 0 0 0 
9 247 28 8 2780 1340 4131 37 54 380 40 919 5 74 2 
5 116 5 5 1587 232 2685 2 0 180 2 296 5 26 1 
8 177 23 5 1748 762 4282 33 17 381 17 341 5 31 1 
1 15 0 0 349 0 64 0 0 0 0 41 0 0 0 
3 38 1 2 446 29 342 0 2 41 0 34 1 1 0 
2 1 1 0 13 1 0 0 0 0 0 0 0 0 0 
2 14 1 0 145 14 73 0 0 0 0 5 0 0 0 
4 33 6 0 591 87 190 4 6 0 0 31 0 0 0 
8 94 26 2 1040 550 547 44 16 44 12 196 0 16 0 
1 9 0 0 139 0 20 0 0 0 0 16 0 0 0 
6 83 12 3 939 298 925 10 11 91 8 509 2 2 0 
3 78 3 0 1376 110 657 1 23 0 0 325 0 0 0 
1 1 0 0 4 0 0 0 0 0 0 0 0 0 0 
2 4 1 0 44 4 6 0 0 0 0 0 0 0 0 
4 71 5 1 874 139 891 2 7 58 2 508 0 1 0 
2 20 0 1 285 0 92 0 0 14 0 7 0 3 0 
2 53 1 0 849 49 323 0 2 0 0 409 0 0 0 
22 554 155 76 6907 6296 6461 494 512 2584 674 2669 270 865 102 
32 582 330 166 7137 9807 5321 1537 765 4749 2173 1839 943 978 307 
7 274 13 8 3162 779 6367 8 29 665 17 583 7 71 3 
8 93 26 2 1009 590 992 45 17 23 10 523 1 2 0 
2 5 1 0 38 5 4 0 0 0 0 0 0 0 0 
4 124 5 1 1794 290 2697 2 14 46 2 348 0 4 0 
4 127 2 4 1761 84 2368 0 4 237 1 297 2 26 1 
1 3 0 0 72 0 3 0 0 0 0 0 0 0 0 
11 250 42 13 3735 1573 3888 73 124 533 69 946 21 73 2 
3 15 2 1 279 24 42 0 1 2 1 15 0 1 0 
2 73 1 0 760 71 2112 0 1 0 0 176 0 0 0 
14 119 81 10 1526 1262 787 254 27 193 102 76 6 19 2 
3 61 3 0 938 120 854 1 1 0 0 322 0 0 0 
3 59 2 1 1075 74 538 0 3 34 1 135 0 2 0 
8 191 22 6 2437 910 1497 26 28 125 26 1294 2 123 2 
2 100 1 0 1159 96 2296 0 2 0 0 478 0 0 0 
11 283 34 21 4754 1238 2839 47 166 822 63 1334 39 219 16 
16 165 103 17 2761 1790 1596 356 65 495 172 271 30 30 2 
3 125 1 2 1682 64 2821 0 4 114 0 301 1 32 0 
4 72 3 3 1259 78 819 0 5 104 2 531 2 12 0 
2 25 1 0 226 19 199 0 3 0 0 17 0 0 0 
8 215 21 7 3496 994 2176 19 65 229 33 1040 3 76 1 
9 143 27 9 2595 787 1875 38 52 199 33 340 9 27 4 
1 4 0 0 21 0 5 0 0 0 0 1 0 0 0 
2 8 0 1 239 0 11 0 0 2 0 2 0 3 0 
2 20 1 0 456 16 60 0 2 0 0 30 0 0 0 
1 4 0 0 109 0 3 0 0 0 0 3 0 0 0 
4 82 5 1 1041 172 772 2 16 34 2 93 0 4 0 
1 3 0 0 32 0 2 0 0 0 0 1 0 0 0 
1 10 0 0 162 0 27 0 0 0 0 18 0 0 0 
3 27 3 0 536 52 200 1 1 0 0 56 0 0 0 
2 46 1 0 937 34 404 0 6 0 0 102 0 0 0 
2 11 0 1 156 0 28 0 0 11 0 3 0 0 0 
5 11 8 2 174 33 28 4 0 11 6 3 0 0 0 
2 18 1 0 406 14 73 0 2 0 0 35 0 0 0 
2 17 1 0 237 17 74 0 0 0 0 10 0 0 0 
4 162 3 3 2069 183 3692 0 11 253 2 428 2 14 0 
1 1 0 0 1 0 0 0 0 0 0 0 0 0 0 
1 26 0 0 317 0 289 0 0 0 0 36 0 0 0 
3 47 2 1 1071 54 330 0 0 28 1 171 0 6 0 
7 111 18 3 1330 572 1748 22 22 44 12 282 0 3 1 
10 138 34 11 1484 885 931 48 20 265 57 203 14 26 1 
10 124 35 10 2542 828 1036 54 30 186 55 261 8 21 3 
4 51 5 1 816 141 306 2 0 10 2 329 0 1 0 
2 81 0 1 969 0 2121 0 0 61 0 181 0 10 0 
2 25 1 0 226 19 199 0 3 0 0 17 0 0 0 
5 25 9 1 282 83 68 7 4 1 3 5 0 4 0 
1 4 0 0 25 0 5 0 0 0 0 1 0 0 0 
6 167 12 3 2182 582 3120 9 28 133 10 404 1 32 0 
3 144 0 3 1622 0 1985 0 0 68 0 1426 0 110 1 
4 118 3 3 1608 166 1864 0 2 138 2 603 2 23 0 
8 62 24 4 933 330 334 36 20 54 16 55 4 5 0 
3 42 3 0 514 76 381 1 4 0 0 39 0 0 0 
3 16 2 1 122 19 32 0 2 1 1 5 0 4 0 
9 146 21 15 2284 586 1473 20 30 406 36 288 15 58 13 
11 311 42 13 3231 1840 6507 78 61 896 64 518 16 126 7 
1 5 0 0 61 0 7 0 0 0 0 3 0 0 0 
7 160 18 3 2347 654 2928 22 22 194 12 363 0 34 1 
2 27 1 0 374 27 147 0 0 0 0 24 0 0 0 
3 49 1 2 905 28 316 0 0 54 0 76 1 8 0 
1 16 0 0 252 0 96 0 0 0 0 24 0 0 0 
3 85 3 0 1390 124 1659 1 23 0 0 212 0 0 0 
2 9 1 0 165 9 27 0 0 0 0 1 0 0 0 
2 48 1 0 865 48 516 0 0 0 0 180 0 0 0 
3 3 2 1 4 3 0 0 0 3 1 3 0 0 0 
2 4 0 1 4 0 0 0 0 4 0 3 0 0 0 
8 136 25 3 2428 750 1177 39 31 94 16 347 1 23 0 
1 1 0 0 11 0 0 0 0 0 0 0 0 0 0 
2 11 1 0 112 11 49 0 0 0 0 6 0 0 0 
1 4 0 0 11 0 2 0 0 0 0 4 0 0 0 
10 156 42 3 1624 1174 3227 97 20 142 22 271 1 24 0 
1 5 0 0 11 0 7 0 0 0 0 3 0 0 0 
5 37 8 2 609 100 166 5 0 38 4 32 1 5 0 
2 41 1 0 629 41 510 0 0 0 0 310 0 0 0 
1 2 0 0 3 0 0 0 0 0 0 1 0 0 0 
2 11 1 0 192 11 21 0 0 0 0 6 0 0 0 
1 1 0 0 41 0 0 0 0 0 0 0 0 0 0 
1 11 0 0 207 0 41 0 0 0 0 14 0 0 0 
2 18 1 0 430 18 79 0 0 0 0 29 0 0 0 
4 85 3 3 1391 126 743 1 11 87 0 225 3 10 0 
2 40 0 1 692 0 407 0 0 30 0 73 0 5 0 
8 159 17 11 2709 457 1731 14 17 414 25 873 10 104 7 
2 15 1 0 226 11 31 0 2 0 0 18 0 0 0 
4 23 6 0 467 69 46 4 0 0 0 18 0 0 0 
4 8 4 2 50 16 7 0 0 6 4 1 0 1 0 
4 53 6 0 518 145 436 4 7 0 0 62 0 0 0 
4 37 5 1 435 83 138 2 6 14 2 22 0 1 0 
1 24 0 0 293 0 232 0 0 0 0 44 0 0 0 
4 38 5 1 785 112 446 2 0 2 2 117 0 0 0 
1 68 0 0 680 0 2103 0 0 0 0 175 0 0 0 
2 29 1 0 387 29 292 0 0 0 0 36 0 0 0 
1 12 0 0 89 0 62 0 0 0 0 4 0 0 0 
2 33 1 0 737 19 234 0 7 0 0 64 0 0 0 
3 16 3 0 207 28 51 1 2 0 0 6 0 0 0 
2 66 0 1 1008 0 1388 0 0 58 0 197 0 4 0 
1 68 0 0 680 0 2103 0 0 0 0 175 0 0 0 
1 13 0 0 259 0 65 0 0 0 0 13 0 0 0 
1 24 0 0 293 0 232 0 0 0 0 44 0 0 0 
1 13 0 0 119 0 68 0 0 0 0 10 0 0 0 
1 9 0 0 122 0 32 0 0 0 0 4 0 0 0 
4 56 5 1 658 125 338 2 1 15 2 155 0 13 0 
3 180 0 3 1665 0 5102 0 0 252 0 356 0 54 1 
1 4 0 0 37 0 4 0 0 0 0 2 0 0 0 
2 5 0 1 44 0 4 0 0 5 0 0 0 0 0 
3 132 0 3 1376 0 3209 0 0 182 0 257 0 41 1 
1 26 0 0 317 0 289 0 0 0 0 36 0 0 0 
4 13 6 0 275 37 15 4 1 0 0 6 0 0 0 
2 9 1 0 121 9 16 0 0 0 0 20 0 0 0 
2 6 0 1 29 0 4 0 0 6 0 2 0 0 0 
4 23 5 1 606 49 37 2 5 10 2 20 0 0 0 
1 48 0 0 482 0 1006 0 0 0 0 122 0 0 0 
6 199 11 4 2608 559 4168 8 21 270 9 442 2 62 1 
1 9 0 0 139 0 20 0 0 0 0 16 0 0 0 
6 211 6 9 3221 250 3130 2 43 537 4 1120 10 91 4 
1 2 0 0 38 0 0 0 0 0 0 1 0 0 0 
3 38 2 1 641 38 384 0 0 34 1 79 0 2 0 
1 40 0 0 753 0 459 0 0 0 0 321 0 0 0 
2 25 0 1 621 0 82 0 0 17 0 64 0 4 0 
3 47 2 1 512 49 268 0 2 15 1 149 0 13 0 
1 13 0 0 146 0 73 0 0 0 0 5 0 0 0 
1 28 0 0 219 0 354 0 0 0 0 24 0 0 0 
1 1 0 0 9 0 0 0 0 0 0 0 0 0 0 
1 1 0 0 2 0 0 0 0 0 0 0 0 0 0 
2 2 1 0 14 2 1 0 0 0 0 0 0 0 0 
1 16 0 0 252 0 96 0 0 0 0 24 0 0 0 
4 78 4 2 1554 123 517 1 8 59 2 287 1 18 0 
2 56 0 1 1138 0 600 0 0 42 0 181 0 7 0 
2 14 0 1 131 0 53 0 0 14 0 5 0 0 0 
1 7 0 0 159 0 10 0 0 0 0 11 0 0 0 
1 6 0 0 111 0 12 0 0 0 0 3 0 0 0 
2 15 0 1 184 0 53 0 0 15 0 8 0 0 0 
1 23 0 0 565 0 178 0 0 0 0 75 0 0 0 
1 7 0 0 177 0 16 0 0 0 0 5 0 0 0 
2 10 1 0 76 10 19 0 0 0 0 5 0 0 0 
1 8 0 0 154 0 21 0 0 0 0 7 0 0 0 
2 37 1 0 670 31 262 0 3 0 0 74 0 0 0 
2 25 1 0 344 25 158 0 0 0 0 118 0 0 0 
2 8 1 0 214 8 15 0 0 0 0 6 0 0 0 
4 61 5 1 1165 158 567 2 1 13 2 187 0 5 0 
3 74 3 0 771 144 2242 1 2 0 0 176 0 0 0 
3 128 3 0 1594 218 3543 1 19 0 0 360 0 0 0 
1 13 0 0 119 0 68 0 0 0 0 10 0 0 0 
1 1 0 0 55 0 0 0 0 0 0 0 0 0 0 
1 3 0 0 58 0 3 0 0 0 0 0 0 0 0 
1 4 0 0 11 0 4 0 0 0 0 2 0 0 0 
1 3 0 0 95 0 2 0 0 0 0 1 0 0 0 
1 70 0 0 755 0 2239 0 0 0 0 176 0 0 0 
3 15 3 0 160 30 43 1 0 0 0 8 0 0 0 
2 68 1 0 1054 66 1445 0 1 0 0 206 0 0 0 
2 116 0 1 1163 0 3173 0 0 74 0 254 0 21 0 
2 70 0 1 1016 0 1013 0 0 50 0 538 0 10 0 
1 2 0 0 7 0 0 0 0 0 0 1 0 0 0 
2 60 0 1 1377 0 557 0 0 34 0 322 0 13 0 
1 34 0 0 724 0 445 0 0 0 0 116 0 0 0 
1 6 0 0 63 0 12 0 0 0 0 3 0 0 0 
2 116 0 1 1163 0 3173 0 0 74 0 254 0 21 0 
2 8 1 0 146 2 9 0 3 0 0 4 0 0 0 
1 27 0 0 513 0 75 0 0 0 0 276 0 0 0 
1 11 0 0 96 0 44 0 0 0 0 11 0 0 0 
1 13 0 0 119 0 68 0 0 0 0 10 0 0 0 
2 4 0 1 42 0 1 0 0 4 0 1 0 0 0 
1 70 0 0 755 0 2239 0 0 0 0 176 0 0 0 
1 13 0 0 146 0 73 0 0 0 0 5 0 0 0 
1 12 0 0 103 0 60 0 0 0 0 6 0 0 0 
4 93 5 1 1001 208 2211 2 1 67 2 254 0 1 0 
5 95 7 3 1200 210 855 3 12 118 6 125 0 14 1 
1 26 0 0 511 0 262 0 0 0 0 63 0 0 0 
1 48 0 0 482 0 1006 0 0 0 0 122 0 0 0 
2 116 0 1 1163 0 3173 0 0 74 0 254 0 21 0 
2 116 0 1 1163 0 3173 0 0 74 0 254 0 21 0 
2 116 0 1 1163 0 3173 0 0 74 0 254 0 21 0 
2 116 0 1 1163 0 3173 0 0 74 0 254 0 21 0 
1 14 0 0 185 0 84 0 0 0 0 7 0 0 0 
1 16 0 0 182 0 30 0 0 0 0 90 0 0 0 
1 70 0 0 755 0 2239 0 0 0 0 176 0 0 0 
1 2 0 0 16 0 1 0 0 0 0 0 0 0 0 
1 16 0 0 252 0 96 0 0 0 0 24 0 0 0 
2 60 1 0 823 60 1543 0 0 0 0 168 0 0 0 
2 10 1 0 180 10 32 0 0 0 0 4 0 0 0 
1 48 0 0 482 0 1006 0 0 0 0 122 0 0 0 
1 6 0 0 48 0 14 0 0 0 0 1 0 0 0 
1 10 0 0 162 0 27 0 0 0 0 18 0 0 0 
1 53 0 0 596 0 808 0 0 0 0 570 0 0 0 
1 70 0 0 755 0 2239 0 0 0 0 176 0 0 0 
1 24 0 0 293 0 232 0 0 0 0 44 0 0 0 
1 20 0 0 372 0 162 0 0 0 0 28 0 0 0 
