0 1
2 3
4 5
4 6
7 2
8 9
10 11
12 11
12 13
4 12
14 15
7 16
9 13
6 17
13 18
10 19
6 13
20 3
21 18
22 23
24 25
11 19
12 26
21 26
12 19
7 27
4 13
9 28
4 9
29 30
21 9
4 19
12 18
21 13
20 31
10 12
32 13
5 13
8 4
33 5
8 11
31 27
33 26
34 35
9 6
8 6
6 11
21 28
36 37
19 28
32 18
10 13
26 18
9 10
13 19
11 26
7 20
26 13
16 27
6 19
10 5
5 26
6 5
20 16
5 18
26 28
38 34
8 5
9 19
6 26
8 12
31 3
4 26
11 5
18 19
6 10
11 13
8 26
4 11
26 19
20 27
32 28
39 16
2 27
26 32
8 19
10 17
7 31
9 12
3 27
33 19
40 38
17 19
13 28
4 10
9 11
18 28
6 12
6 18
4 18
5 19
12 5
24 41
4 33
21 12
42 19
23 26
43 40
44 45
21 19
5 28
9 23
4 28
17 11
23 11
12 28
9 32
8 23
4 23
9 17
25 41
46 30
23 19
47 48
22 19
21 5
8 17
4 21
43 38
10 18
43 34
4 17
7 39
8 13
6 33
11 18
8 10
17 13
23 13
23 10
17 26
23 5
21 33
8 18
49 50
9 22
17 5
15 51
6 28
21 6
0 52
42 10
42 5
53 54
55 56
4 42
33 28
23 17
21 32
57 15
8 42
12 33
8 21
8 22
11 33
58 59
43 13
21 11
42 17
8 28
33 13
22 5
12 17
11 28
23 12
60 61
62 63
64 41
65 66
10 33
67 68
8 33
69 19
61 70
71 72
73 46
9 33
22 17
47 74
25 64
22 6
25 75
76 77
78 79
42 12
80 60
75 41
81 30
23 32
82 83
84 65
42 11
42 18
53 38
10 32
29 85
4 22
21 42
86 87
42 26
88 89
22 10
22 26
32 19
43 35
90 72
42 28
91 92
22 13
11 32
22 12
93 94
24 95
17 32
42 13
21 10
8 32
68 96
78 97
42 32
80 98
99 61
21 17
76 100
69 5
5 34
22 11
101 54
17 28
91 102
103 30
4 32
104 100
98 60
9 42
23 33
5 32
54 92
85 30
21 23
24 64
29 103
105 38
98 61
43 5
17 18
74 48
9 43
26 34
106 107
39 108
10 28
23 28
92 30
42 33
109 110
111 112
113 81
33 32
114 38
115 15
103 85
12 32
116 117
0 117
55 12
52 118
119 120
121 122
26 38
88 19
109 123
124 63
125 126
125 81
29 92
43 26
127 128
129 130
34 19
9 88
100 131
43 19
132 133
129 134
53 135
88 5
0 100
136 137
138 30
6 42
108 16
88 6
88 26
71 90
113 30
68 139
140 41
113 29
141 142
101 135
113 126
25 140
143 144
145 100
89 5
6 69
146 54
147 85
113 85
53 146
113 103
148 115
15 79
80 149
147 30
150 151
152 21
113 92
152 9
152 13
125 153
147 103
24 140
147 29
43 6
23 154
86 155
68 118
23 42
0 156
43 10
152 6
157 57
9 40
153 126
157 15
53 12
158 159
80 160
9 38
53 35
12 34
4 43
0 57
33 69
161 162
163 164
81 103
90 165
10 34
43 11
53 19
117 166
24 13
53 5
101 34
84 167
29 138
12 35
101 40
9 35
101 43
5 40
43 12
5 38
81 126
46 103
168 169
21 22
17 170
11 35
113 153
14 51
171 85
6 34
9 34
125 51
121 172
53 43
173 122
5 35
78 115
53 26
125 92
174 175
22 32
158 103
81 46
22 28
10 35
176 84
64 13
53 34
53 9
84 66
81 92
177 79
8 35
77 52
29 171
178 84
179 180
181 85
158 30
25 13
6 32
21 69
126 51
147 92
11 40
53 6
92 159
33 182
8 43
8 34
53 10
101 5
183 184
185 186
187 188
29 158
108 27
69 13
147 125
26 35
60 149
41 13
4 182
189 79
190 191
43 22
53 4
192 193
35 19
147 171
0 118
99 194
195 196
54 34
197 198
5 182
199 200
78 177
53 11
6 35
189 115
34 13
201 202
0 203
204 205
17 179
43 28
196 206
24 179
207 208
35 13
76 52
22 35
189 177
4 35
17 35
209 177
195 136
61 194
11 38
0 39
153 51
69 181
182 19
46 85
0 128
15 177
81 164
43 23
52 181
78 15
210 211
53 13
115 79
101 26
212 213
214 215
101 216
113 73
11 34
164 217
216 5
126 30
43 17
147 153
0 131
183 218
66 111
12 69
126 92
168 189
168 78
147 158
68 156
164 103
81 217
109 219
54 135
73 81
0 76
22 34
12 38
164 85
122 170
168 177
0 3
81 153
200 198
101 12
220 200
147 51
41 179
216 19
217 103
221 222
163 217
4 69
43 18
125 158
69 30
223 212
125 46
113 122
8 53
147 113
84 198
23 35
224 225
126 103
153 92
4 34
81 171
153 30
6 216
78 222
115 222
226 227
104 228
0 16
22 33
6 182
229 209
230 186
4 216
121 231
232 118
17 38
125 73
52 233
53 17
101 10
113 217
158 126
147 163
44 133
222 15
46 92
47 2
12 182
88 69
29 126
115 234
24 235
181 30
196 200
0 59
58 175
53 22
73 153
236 237
113 163
125 217
216 26
8 38
113 46
49 238
219 110
4 38
29 51
163 126
29 181
4 54
189 222
164 92
17 34
222 79
158 5
53 82
0 31
125 164
6 54
54 5
179 13
239 109
240 179
209 79
168 241
92 171
22 38
22 18
101 9
0 7
9 216
22 158
122 41
68 242
6 158
0 243
244 245
4 40
60 194
246 247
10 158
158 164
64 179
11 179
78 186
77 248
163 103
11 158
163 153
170 19
179 170
158 19
249 213
250 251
238 131
29 164
200 51
29 153
252 213
54 26
46 164
253 254
38 19
158 85
164 30
246 100
153 103
75 28
8 158
52 232
179 19
5 92
153 164
255 242
52 51
158 92
113 164
47 39
52 246
164 126
126 171
6 170
100 112
15 237
219 123
92 19
31 111
82 54
246 92
126 85
115 177
22 179
256 213
73 126
73 217
46 126
10 179
257 54
150 258
9 158
5 179
147 164
163 46
47 3
101 83
168 15
135 83
189 186
259 223
92 103
163 92
260 261
0 247
7 47
54 13
186 79
163 30
122 238
195 198
53 23
126 217
8 54
136 198
92 85
47 27
23 40
22 216
50 92
246 262
23 38
168 185
187 263
264 177
46 153
5 170
54 158
0 20
0 27
259 213
121 246
11 54
52 248
208 265
266 267
268 150
189 209
168 264
192 269
217 85
257 5
238 100
20 111
17 216
168 115
12 92
6 92
10 216
139 198
3 111
238 92
22 170
195 139
110 123
163 85
9 95
29 75
196 270
51 217
139 196
271 272
26 92
189 230
158 273
12 170
11 92
47 16
23 54
29 217
168 274
49 246
230 79
241 15
259 212
29 163
76 248
158 51
4 92
46 51
23 92
47 111
264 274
275 188
276 131
277 275
246 131
49 92
238 262
68 232
226 246
92 13
22 92
48 3
8 92
17 92
48 27
9 54
241 177
257 26
164 171
257 12
252 249
278 279
4 170
78 185
199 280
5 159
281 30
241 79
139 51
248 228
17 159
78 229
229 79
241 209
99 160
12 159
169 229
238 50
11 170
98 160
47 20
257 23
7 111
185 15
8 170
9 257
169 177
255 282
207 265
158 217
149 160
186 15
257 6
281 92
98 194
54 159
22 159
115 186
16 111
241 115
48 20
8 257
186 229
270 198
230 209
115 230
78 230
217 30
282 242
257 10
10 159
88 13
0 122
59 283
4 55
88 57
284 41
76 285
68 59
187 275
286 275
287 87
204 288
29 69
250 111
289 57
59 290
213 291
68 258
292 293
288 200
6 89
294 122
25 284
295 296
156 211
141 296
68 297
275 261
257 161
298 275
299 300
0 111
9 75
89 18
301 59
5 235
154 63
302 70
55 42
55 5
94 303
11 69
47 304
122 227
75 19
305 306
88 10
41 235
274 196
178 307
146 38
308 191
259 68
37 51
214 191
69 89
309 191
68 211
260 57
75 46
89 26
310 311
44 37
141 191
36 51
290 118
26 100
39 262
93 37
57 312
141 313
40 28
314 87
108 20
286 293
250 315
204 275
193 269
267 316
53 158
44 57
250 243
44 15
89 63
144 128
63 92
88 11
43 114
0 77
122 172
92 102
62 122
22 42
88 154
68 87
300 202
267 251
142 191
317 14
109 251
88 18
318 79
26 319
320 13
320 18
321 309
54 114
53 69
68 202
322 323
220 291
189 318
324 210
152 69
247 118
97 318
32 325
326 327
80 302
260 15
88 20
267 87
46 69
52 328
260 88
59 118
321 308
276 118
88 33
78 318
101 69
76 59
329 57
329 15
116 79
267 330
140 235
331 63
189 292
319 13
8 56
39 35
0 121
301 290
110 251
6 94
53 114
242 87
122 52
52 251
66 258
78 292
121 100
37 15
60 302
9 55
292 79
161 48
100 37
117 112
286 332
92 181
69 28
161 74
333 227
59 244
254 104
334 133
123 251
257 87
251 335
106 189
65 251
315 275
75 17
336 337
338 15
116 213
88 37
68 339
161 87
93 100
55 26
115 57
181 103
36 15
44 5
142 303
304 340
67 96
9 56
68 15
32 319
76 290
86 66
12 89
36 57
128 111
115 205
117 213
88 12
341 250
69 44
67 66
59 77
75 32
41 28
55 11
49 227
174 58
342 137
0 343
55 10
4 88
302 61
9 25
178 66
25 28
344 179
42 69
4 89
11 56
324 290
56 18
12 235
156 210
39 34
59 153
59 231
260 93
5 37
0 51
221 345
44 235
42 56
55 18
59 122
59 128
346 347
68 89
82 2
348 349
4 75
9 41
345 222
186 350
82 16
75 30
100 111
10 56
52 250
88 28
351 291
352 30
94 19
89 19
59 247
353 354
75 42
355 233
356 87
153 357
75 284
0 306
209 165
254 100
98 302
152 306
9 89
57 319
100 15
67 155
251 112
44 94
22 55
183 0
69 358
53 113
7 108
4 56
113 181
154 69
359 181
248 227
25 18
360 0
361 192
362 236
148 116
147 181
100 319
143 128
302 215
280 200
276 363
0 212
182 13
148 15
69 180
235 19
36 93
364 100
246 112
25 30
301 76
89 32
246 251
100 251
101 181
15 319
20 319
53 359
57 37
305 235
42 57
68 189
17 56
216 181
40 41
88 23
139 297
89 51
49 57
126 306
55 19
49 15
365 130
0 227
68 78
68 84
68 222
57 251
69 51
89 57
23 56
0 127
104 145
0 208
366 303
24 305
39 38
341 283
290 283
26 227
41 30
311 367
100 290
33 89
343 330
114 28
115 250
38 18
278 133
9 154
0 305
214 309
166 155
368 202
0 184
305 25
369 66
369 84
187 59
278 175
146 216
21 56
92 370
116 339
0 303
147 81
303 243
284 235
371 63
68 162
142 215
37 215
68 79
21 55
52 112
68 100
309 233
227 28
359 30
301 283
372 28
372 32
257 234
227 18
372 18
372 9
117 15
310 367
43 39
287 242
175 63
75 33
125 15
332 151
77 207
77 290
296 303
359 81
294 59
127 243
0 373
75 69
306 38
53 374
253 125
68 210
40 95
117 57
256 66
57 79
297 258
375 376
377 95
88 319
244 100
319 290
21 319
235 94
53 228
92 358
359 102
294 100
154 13
181 228
378 213
379 34
24 284
380 303
122 165
84 155
41 18
113 57
0 68
0 244
114 26
375 261
351 233
359 125
152 32
128 213
223 291
173 100
192 381
53 25
68 290
342 382
304 319
57 155
37 19
146 114
8 88
78 36
53 44
57 290
89 13
21 227
182 18
44 228
337 66
132 215
34 37
383 112
122 283
44 26
36 18
384 135
44 13
113 15
80 215
257 117
89 79
154 18
348 117
6 37
260 235
369 330
154 26
15 66
197 288
84 190
385 330
359 29
6 44
41 38
322 386
58 244
387 210
113 54
26 180
338 388
189 57
128 389
2 319
53 125
390 391
141 214
68 329
190 321
38 358
392 348
393 185
359 54
375 57
233 291
0 126
269 190
89 28
361 191
93 51
40 358
21 89
278 354
0 341
0 394
116 51
359 85
68 244
100 57
395 346
52 396
68 128
304 172
397 102
398 15
78 316
127 213
53 154
77 327
114 227
96 84
101 57
141 215
294 170
141 37
399 251
88 91
127 223
158 102
63 400
182 28
183 380
178 237
44 19
128 112
401 99
253 244
314 349
141 303
100 128
93 296
260 18
88 180
235 18
153 306
127 402
403 213
404 405
11 89
38 374
91 54
189 89
36 215
115 111
304 333
406 57
193 190
5 407
114 13
406 15
408 57
97 89
215 243
21 182
115 251
115 37
44 317
59 285
53 89
341 309
6 95
96 297
104 93
64 377
210 290
59 100
97 339
77 100
152 89
409 410
88 51
379 38
214 321
260 5
400 243
306 41
193 411
115 63
6 154
115 283
305 374
68 243
32 227
22 56
91 95
141 44
125 352
4 154
412 290
4 235
413 339
359 37
359 103
221 196
216 69
253 291
101 29
52 247
58 118
326 414
359 15
415 128
146 35
81 216
406 251
66 205
44 215
84 128
78 89
88 40
100 243
69 92
154 104
94 243
53 147
285 247
25 11
68 319
11 41
53 92
364 59
101 15
92 228
113 91
235 28
301 118
59 332
260 141
155 213
43 33
301 15
91 228
91 63
303 215
416 196
36 317
41 15
125 69
6 235
401 18
375 417
305 118
93 366
400 319
0 363
8 154
418 302
8 94
116 251
292 283
398 261
221 31
57 191
419 339
128 339
0 402
141 94
162 419
419 15
189 290
286 59
15 290
54 358
290 79
53 102
420 200
115 293
216 15
161 15
148 250
58 68
84 287
421 7
422 423
359 63
47 172
169 391
124 92
244 118
147 15
141 36
142 313
244 415
128 417
424 44
147 54
425 426
427 194
152 5
68 428
148 63
8 55
32 56
361 404
429 72
62 102
104 117
0 368
12 41
375 430
379 306
152 68
360 213
68 127
46 41
25 37
11 154
253 379
359 25
88 366
84 258
22 88
94 215
115 413
431 38
293 227
407 19
121 208
63 171
127 279
432 422
44 243
64 325
141 295
359 41
78 290
433 323
55 32
180 18
235 13
43 75
150 66
359 69
77 335
44 214
349 251
25 306
55 33
431 434
409 349
435 254
101 91
25 46
62 340
436 339
43 306
0 413
305 126
26 235
371 400
106 78
437 30
25 325
43 358
14 410
361 214
52 306
42 322
438 63
254 232
175 400
44 28
329 242
439 54
59 156
15 243
65 258
33 34
305 253
77 283
154 5
77 412
68 69
440 296
56 13
221 441
292 15
72 442
56 19
443 213
359 91
21 105
150 128
26 228
140 284
324 301
302 28
375 128
57 19
233 213
53 41
154 14
260 40
43 88
10 89
125 38
104 363
84 15
214 444
12 56
152 33
445 77
52 156
62 359
446 319
0 447
43 32
75 181
55 17
305 41
317 37
52 448
128 118
6 233
10 319
260 69
409 206
316 330
449 196
286 330
403 224
55 28
450 243
451 233
127 374
360 68
25 15
319 19
55 13
88 35
250 118
219 422
452 246
4 407
257 314
219 423
452 100
253 306
59 254
190 94
68 51
12 51
88 42
313 303
84 242
63 283
148 292
0 453
454 148
55 23
76 104
343 315
375 399
147 69
47 156
41 325
77 455
409 415
69 37
316 213
439 306
58 52
53 88
154 114
348 234
428 161
309 94
78 51
375 117
59 127
69 235
42 89
369 456
36 100
21 154
253 175
162 297
67 84
457 233
458 277
59 459
260 55
49 319
147 41
430 460
91 36
259 96
227 13
261 399
322 461
75 235
44 363
75 325
53 91
105 91
59 462
286 161
55 6
286 93
59 111
204 261
269 411
253 37
12 95
463 52
78 162
122 171
409 261
250 112
33 154
0 330
121 370
464 337
62 30
465 16
22 75
466 391
319 339
467 337
89 179
29 37
173 0
97 162
40 37
105 54
59 468
332 93
361 444
62 331
430 332
260 317
359 306
306 213
62 100
330 94
100 227
25 12
32 180
0 332
375 469
260 91
470 186
343 77
43 31
125 412
409 399
271 66
117 319
409 406
366 15
69 34
382 137
24 325
13 358
122 3
12 37
413 100
189 117
228 374
260 471
63 306
443 224
260 253
328 100
53 32
210 283
341 118
116 291
62 253
190 444
324 327
0 213
90 442
21 88
224 117
88 215
96 154
424 94
4 63
148 162
253 63
84 251
154 94
88 235
93 215
125 37
260 100
154 89
26 95
15 376
57 376
472 473
25 69
63 100
88 115
100 366
25 91
326 131
69 102
105 124
38 28
154 19
152 28
57 205
260 6
69 14
21 25
327 290
59 413
415 15
336 275
125 41
339 79
302 182
89 474
95 475
115 87
0 358
81 458
17 319
324 285
385 213
100 232
302 149
59 341
113 25
25 125
190 355
81 349
81 104
349 103
141 243
446 370
458 103
148 251
399 103
25 38
81 406
398 103
476 103
115 358
441 45
286 0
476 81
75 44
77 127
267 128
197 347
133 94
421 44
0 280
88 79
316 79
95 13
330 249
65 151
77 212
260 89
76 412
308 133
415 57
148 87
428 151
12 154
0 115
231 327
57 303
122 118
369 267
75 114
25 44
12 44
62 25
267 426
254 145
10 154
366 400
305 59
55 37
243 291
89 37
406 206
76 145
197 317
398 204
260 75
339 66
197 477
69 319
54 374
478 66
243 389
113 41
187 413
125 63
465 479
253 100
154 38
51 312
26 37
480 481
113 63
260 105
11 358
69 339
3 227
29 25
146 439
408 261
226 57
127 52
302 482
101 352
377 325
113 306
119 126
285 232
126 483
9 235
52 111
286 430
231 283
17 89
111 118
484 319
328 37
485 291
114 19
24 6
59 412
147 25
190 291
4 302
77 231
359 158
141 69
486 439
34 31
356 242
324 156
487 398
140 38
77 104
450 366
59 210
41 37
380 400
53 62
192 351
385 128
46 248
44 374
53 306
8 25
33 51
488 291
294 58
399 206
100 306
398 206
175 37
53 126
394 57
53 140
296 243
286 128
141 93
93 57
68 130
489 101
67 77
105 180
302 26
2 57
271 178
116 134
490 343
96 155
117 283
36 94
12 284
93 15
380 366
311 491
69 41
104 57
37 94
154 37
394 155
267 323
91 19
96 492
77 254
399 66
84 399
260 94
104 131
17 227
493 251
57 177
162 100
243 28
81 158
91 37
162 319
96 316
187 364
55 100
494 495
21 104
102 358
104 79
428 390
37 471
173 358
343 433
122 437
15 111
6 56
43 357
424 397
93 388
51 243
369 316
147 91
31 496
68 413
92 38
105 89
497 464
68 197
498 57
362 464
68 295
221 66
148 413
317 319
297 464
11 227
31 15
21 41
369 499
289 500
104 15
341 189
91 38
197 79
243 18
231 290
208 340
125 91
52 330
260 19
253 25
68 498
3 496
304 111
424 93
15 19
501 335
26 57
502 391
89 36
224 378
498 166
380 51
115 196
91 317
260 63
359 374
462 118
184 66
0 288
260 26
165 27
424 122
503 295
68 88
88 55
131 30
6 361
68 504
359 38
20 165
404 269
68 234
193 404
4 68
190 351
91 41
369 428
250 117
375 413
93 243
298 196
68 204
29 154
451 361
91 33
313 94
33 35
505 481
260 34
113 37
305 95
231 104
8 319
75 154
121 15
12 57
339 243
301 319
483 358
257 392
162 243
428 404
116 506
359 44
69 94
375 251
69 104
424 76
33 235
78 84
12 114
26 36
59 379
49 31
59 507
208 159
154 36
343 332
55 89
78 66
44 32
101 154
385 66
24 248
254 117
279 66
305 508
78 279
125 87
400 303
282 509
115 100
260 510
278 93
326 401
187 100
6 355
147 38
369 315
319 511
467 258
53 28
267 213
294 121
175 31
25 17
497 68
29 41
114 5
29 284
29 91
253 75
97 319
189 319
156 290
25 81
319 79
235 510
72 342
62 121
505 155
37 358
6 57
76 156
512 165
53 18
44 200
286 375
108 99
88 408
360 51
286 68
254 290
375 398
46 131
513 59
514 355
115 316
260 68
53 100
371 111
285 210
75 319
55 515
214 516
329 197
15 128
169 466
505 430
375 349
306 358
517 369
77 443
483 317
493 303
446 518
290 51
380 296
68 519
361 291
197 520
68 459
197 205
37 303
68 343
119 306
94 111
394 51
0 94
53 235
305 125
260 25
521 291
146 105
156 118
57 111
0 522
116 97
310 100
116 189
149 191
89 290
17 69
446 442
53 37
73 102
300 66
0 223
127 523
88 97
149 215
306 19
360 319
187 211
133 243
12 91
25 5
101 25
91 5
372 213
54 102
72 137
443 323
141 380
380 232
458 87
28 358
204 234
42 114
6 377
44 366
46 284
75 37
439 38
254 284
42 227
100 94
0 112
375 408
104 284
301 100
473 63
234 206
54 69
360 15
43 27
44 41
524 227
68 330
165 31
428 137
441 232
140 248
324 52
63 437
69 93
158 227
147 63
91 57
67 57
6 351
88 17
260 14
67 15
25 374
59 525
84 150
59 526
125 228
59 527
528 59
413 83
264 202
372 267
287 155
59 529
19 79
75 63
231 156
220 148
438 175
305 119
253 68
302 243
62 41
324 412
235 51
530 87
420 203
81 522
260 33
59 143
260 154
76 210
53 439
0 141
44 104
84 523
43 55
286 369
33 63
63 37
439 358
156 208
158 248
379 290
359 36
215 51
469 206
469 57
164 531
244 311
127 100
20 227
518 442
4 95
188 237
301 412
6 100
20 179
40 57
260 175
176 204
175 444
76 231
27 227
0 143
127 417
532 68
68 251
42 319
216 92
533 451
46 227
140 306
469 15
336 467
100 471
214 269
187 383
359 5
10 36
65 100
336 68
296 400
31 227
4 37
308 215
38 37
40 36
5 41
108 182
286 416
193 214
461 323
187 66
372 495
473 400
59 92
302 534
366 215
375 204
15 535
59 91
91 397
302 19
296 94
67 115
359 126
412 283
77 118
305 140
62 437
216 37
80 108
342 15
536 535
154 57
137 57
137 15
336 261
44 171
342 57
154 235
63 20
332 52
254 367
196 66
153 38
153 37
0 148
88 14
341 79
216 374
101 63
89 339
115 117
305 29
67 148
310 244
59 112
53 358
113 36
190 93
44 496
497 245
59 428
59 537
113 374
301 68
57 128
101 358
359 235
78 523
84 272
412 415
68 462
202 258
469 100
201 267
336 286
9 302
341 19
329 428
22 154
330 170
410 66
25 26
78 339
393 197
326 30
332 337
68 303
141 57
244 84
336 523
10 358
469 87
11 37
5 100
154 28
130 448
369 399
439 441
286 197
332 369
221 491
506 100
7 227
345 66
349 83
4 36
161 242
76 379
195 298
17 154
364 104
43 154
309 411
36 45
359 92
260 38
53 305
125 483
538 83
514 351
476 83
0 283
235 38
54 284
401 131
113 102
93 236
162 51
93 166
539 210
330 335
399 181
0 459
17 41
220 485
141 309
84 100
388 496
36 38
424 118
125 358
6 325
17 108
540 19
100 30
494 126
359 153
68 6
424 440
36 3
63 471
176 197
7 248
214 133
360 467
0 6
484 290
54 44
207 227
100 303
187 6
197 339
326 77
53 59
206 66
488 223
53 508
95 19
220 275
359 228
380 57
359 120
523 66
114 51
216 228
11 328
372 81
260 257
262 57
0 337
221 262
317 94
528 68
513 68
88 189
359 253
339 51
5 471
68 541
68 507
428 391
68 526
68 527
68 529
91 358
24 91
542 77
253 91
379 33
21 92
415 340
53 24
5 319
140 28
336 155
88 38
264 413
88 34
117 543
113 89
366 471
117 251
162 89
536 233
253 235
127 111
409 84
369 275
249 128
113 120
113 5
132 93
152 75
36 13
84 97
264 117
62 284
373 32
522 184
175 306
196 312
436 522
193 132
24 475
