0 1
2 3
2 4
5 6
5 7
8 2
9 6
10 9
11 12
13 12
13 14
8 15
9 14
7 16
14 17
7 14
18 17
19 20
12 21
18 22
13 21
5 14
9 23
5 9
24 25
18 9
13 17
26 14
6 14
2 27
10 5
28 6
3 15
28 17
10 12
28 22
29 30
9 7
31 32
21 23
26 17
2 33
11 14
9 11
12 22
34 29
22 14
33 3
9 22
15 35
7 21
6 17
36 29
10 6
9 21
7 22
4 3
5 22
12 6
17 21
12 14
10 22
5 12
33 4
27 35
26 23
4 15
33 15
2 35
22 26
10 21
11 16
8 4
3 35
28 21
34 36
37 32
14 23
5 11
9 12
17 23
7 13
38 39
7 17
13 6
11 22
40 41
18 13
20 22
42 43
18 21
9 20
44 45
5 23
16 12
20 12
39 46
10 20
33 27
37 31
5 20
9 16
47 25
20 21
48 49
19 21
50 51
52 36
11 17
52 29
5 16
7 28
12 17
10 11
16 14
33 35
20 14
20 11
34 30
18 28
10 17
53 54
9 19
16 6
7 23
0 55
56 11
57 58
59 60
61 62
5 56
20 16
18 26
39 63
10 56
8 3
10 18
24 47
10 19
64 65
66 67
12 28
68 69
18 12
10 23
19 6
13 16
12 23
20 13
70 71
72 41
73 65
11 28
42 74
75 76
10 28
77 21
78 79
9 28
80 41
81 36
70 67
19 7
82 42
24 83
84 85
56 13
66 70
24 86
81 59
87 88
84 89
90 41
86 25
83 25
20 26
91 73
56 12
56 17
11 26
24 92
18 56
82 93
19 11
19 22
52 94
95 79
56 23
96 97
12 26
19 13
98 99
40 80
56 14
10 26
84 100
56 26
66 101
102 103
104 71
77 17
105 106
77 6
6 29
19 12
81 60
107 3
96 108
5 26
109 106
101 70
20 28
16 28
60 97
110 51
20 17
92 25
40 72
94 36
52 6
111 112
16 17
101 67
22 29
77 22
33 107
11 23
113 114
20 23
97 25
115 116
117 86
28 26
5 42
86 92
118 63
119 92
0 120
61 13
55 121
122 67
123 124
125 126
127 128
129 130
131 63
132 133
134 135
36 14
9 82
106 136
134 137
96 138
82 6
131 46
0 106
139 140
141 25
7 56
91 142
131 39
82 7
103 143
82 22
78 95
117 25
117 24
144 145
81 146
147 148
149 60
150 106
93 6
60 34
151 152
153 92
59 154
155 92
89 63
63 85
153 25
156 157
158 18
155 119
158 9
155 159
153 119
160 161
158 22
153 24
52 7
162 64
76 121
20 56
0 163
52 11
9 34
159 164
165 161
166 63
59 13
66 167
9 36
168 34
52 60
59 30
13 29
5 52
70 167
0 39
28 77
50 169
170 171
101 122
86 119
95 172
11 29
59 21
120 173
174 58
40 14
59 6
175 176
76 55
91 177
24 141
59 34
0 63
81 34
9 30
81 52
34 14
152 178
52 13
47 119
179 180
2 107
18 19
16 181
12 30
117 159
60 30
38 46
182 92
7 29
9 29
155 46
125 183
59 52
184 126
84 118
59 22
155 97
90 22
185 60
186 187
86 47
11 30
188 91
73 189
158 20
91 65
86 97
190 85
10 30
191 55
24 182
192 193
194 92
138 25
7 26
71 167
104 67
195 45
18 77
196 197
153 97
12 34
91 178
97 198
10 52
117 46
10 29
81 6
199 200
196 201
24 138
107 35
77 14
117 182
202 203
153 155
22 30
204 205
41 14
5 113
89 85
90 11
117 138
103 206
207 208
52 19
111 209
30 21
0 121
122 210
60 29
155 182
211 212
6 113
203 213
162 214
105 215
84 190
59 12
216 113
7 30
89 118
29 14
34 21
217 218
0 219
220 221
16 192
52 23
205 222
223 224
105 55
19 30
89 190
13 34
225 213
5 30
149 29
16 30
226 190
153 164
202 139
71 210
12 36
0 33
159 46
77 194
113 21
47 92
194 121
63 190
86 171
90 83
84 63
227 228
59 14
229 230
81 22
231 58
90 17
232 230
81 149
12 29
83 97
171 233
52 16
153 159
0 136
65 115
164 97
234 235
179 84
76 163
7 34
83 86
0 105
120 236
19 29
11 60
13 36
237 73
182 46
171 92
126 181
0 3
86 159
33 115
213 212
81 13
238 213
178 212
239 240
170 233
52 17
83 119
77 25
179 85
174 231
155 47
117 126
10 59
153 117
13 138
52 149
91 212
20 30
57 241
164 119
159 97
86 182
149 30
159 25
46 25
7 149
182 119
84 240
118 240
242 161
210 67
109 243
42 244
156 245
0 15
19 28
7 113
246 200
5 149
160 15
55 112
59 16
12 149
117 233
138 164
153 170
42 229
2 49
240 63
47 97
48 2
82 77
24 164
87 247
40 248
0 2
194 25
47 182
68 187
49 4
59 19
83 159
236 249
117 170
149 22
81 7
173 249
10 34
10 36
117 47
53 87
199 240
5 36
24 46
170 164
24 194
5 60
89 240
139 46
171 97
240 85
81 21
250 200
153 233
138 6
59 251
0 4
10 149
81 19
31 195
60 6
141 97
182 233
83 46
138 14
120 249
0 8
9 149
19 138
246 199
126 41
138 22
60 252
7 138
0 253
254 255
125 87
5 34
205 212
70 210
88 256
11 138
257 258
11 77
5 138
72 192
7 36
84 200
97 233
191 247
170 119
12 138
170 159
16 138
7 192
259 161
260 213
261 58
262 97
236 173
87 136
24 171
263 58
60 22
47 171
46 212
264 265
86 170
138 92
102 266
267 45
145 268
171 25
88 106
159 119
90 23
10 138
55 269
139 205
6 97
159 171
270 214
271 143
55 46
138 97
35 115
5 192
39 249
55 88
171 164
272 273
7 181
106 116
135 137
20 149
63 249
274 128
46 92
4 115
251 60
88 97
164 92
275 58
83 164
81 20
83 233
276 97
203 212
11 192
159 138
276 60
126 88
156 277
9 138
16 34
6 192
47 233
170 47
48 3
49 15
11 97
278 174
97 119
37 195
0 256
8 48
170 25
126 87
20 138
202 212
59 20
279 46
10 60
83 170
139 212
97 92
48 35
250 240
20 34
19 149
88 160
196 280
257 190
47 159
6 181
60 138
76 160
84 226
0 35
278 58
149 14
125 88
159 233
234 156
211 279
2 115
97 46
179 257
83 92
233 92
281 229
87 106
27 115
53 259
16 60
13 97
7 97
20 198
11 149
260 212
87 97
202 260
282 128
171 46
46 119
9 80
24 90
205 279
46 233
283 284
22 97
285 63
89 246
138 286
104 210
13 181
203 46
156 235
12 97
81 16
20 60
24 233
53 88
246 85
250 63
24 170
159 92
105 247
138 46
5 97
47 46
287 55
170 138
20 97
9 97
288 136
33 49
260 139
20 192
276 138
289 190
197 178
88 136
53 97
76 269
242 88
97 14
19 97
20 181
10 97
240 190
49 35
259 49
251 146
9 60
250 190
170 46
203 205
276 22
19 60
246 240
199 226
276 13
246 258
12 198
5 276
94 23
263 261
290 281
199 190
5 181
6 198
199 258
291 128
7 198
258 63
8 49
292 25
260 46
247 243
89 258
250 226
10 198
122 167
179 246
14 198
13 198
276 16
180 258
87 256
280 178
87 54
12 181
55 87
8 115
199 63
9 276
202 46
270 293
276 198
223 294
250 89
138 233
226 240
104 167
118 226
24 292
276 7
292 97
60 198
19 198
15 115
250 118
179 226
203 260
9 198
22 198
110 169
5 198
226 63
295 296
279 212
246 226
199 85
255 58
118 246
84 246
67 167
242 87
89 199
293 214
118 199
276 11
11 198
66 210
297 298
82 14
0 126
69 215
37 46
299 297
82 39
300 41
76 69
196 178
301 178
64 277
302 63
220 142
80 23
24 77
303 39
69 304
58 245
142 213
7 93
305 268
82 63
158 56
158 12
306 190
120 115
302 39
307 121
50 308
276 50
309 178
18 90
310 311
9 90
93 17
312 69
6 248
313 314
9 77
315 130
316 67
317 120
158 13
61 56
99 318
90 12
90 21
82 11
307 256
37 42
41 248
289 205
319 320
143 206
278 76
232 206
77 93
271 206
90 13
76 314
90 47
93 22
145 271
289 139
144 206
31 46
304 121
22 106
33 160
98 32
40 321
34 23
322 323
107 27
209 324
59 138
102 209
42 39
42 63
93 130
148 133
82 12
192 243
325 211
52 168
94 17
111 206
126 183
97 108
326 126
19 56
82 315
76 323
311 218
272 45
145 206
215 121
131 38
82 31
82 17
152 327
306 85
22 328
329 17
60 168
76 330
331 332
76 218
333 334
238 245
89 306
335 45
336 227
256 121
100 306
26 337
338 339
66 316
37 63
82 27
272 323
57 45
309 308
37 82
69 121
340 143
288 121
0 341
82 28
342 304
274 45
84 306
81 77
343 85
107 160
272 327
76 39
344 130
89 345
328 14
10 62
33 30
338 85
0 125
312 304
308 323
248 32
158 11
7 99
59 168
65 277
84 345
125 106
32 63
70 316
9 61
345 85
50 49
102 324
81 154
0 346
120 116
97 194
77 23
22 62
265 109
347 229
45 348
73 45
330 178
338 100
90 16
72 80
313 349
350 238
160 35
182 194
126 351
276 308
343 58
82 32
86 77
98 106
146 36
61 22
118 39
31 63
145 318
86 194
259 351
352 231
162 353
9 62
76 63
27 160
354 14
26 328
162 65
13 93
31 39
355 15
118 221
82 13
356 297
90 14
357 137
160 3
90 26
90 6
41 23
186 68
204 140
0 358
328 23
316 71
244 4
83 41
319 65
359 23
360 192
361 362
12 62
336 304
276 353
163 227
33 29
62 23
69 159
69 363
37 98
6 32
42 248
69 126
225 364
69 133
76 93
251 2
308 353
158 21
365 255
5 90
9 41
366 240
72 300
251 15
90 25
106 115
11 62
18 36
55 297
82 23
367 245
368 25
69 256
90 7
90 56
142 65
159 369
359 34
90 300
0 302
226 172
101 316
158 302
9 93
106 63
289 140
327 65
211 213
45 116
42 99
370 0
336 69
80 17
77 371
69 55
372 253
117 194
315 77
259 373
247 88
374 194
76 255
276 162
91 221
359 17
375 236
153 194
34 248
316 122
147 133
316 230
0 231
113 14
55 133
77 193
345 121
248 21
31 98
376 106
359 25
312 105
93 26
88 45
106 45
81 194
377 136
63 328
27 328
39 32
299 248
56 63
76 89
16 62
149 194
82 20
53 39
9 328
53 63
357 135
0 161
93 328
204 289
76 84
63 74
76 91
42 46
91 327
39 45
63 45
93 39
20 62
378 364
0 57
0 224
372 318
40 299
33 36
259 294
304 215
379 380
118 297
36 17
300 337
10 90
102 271
0 299
173 64
381 218
0 207
299 359
382 65
196 69
290 187
18 62
311 345
93 63
343 51
0 318
153 86
318 253
76 169
356 143
145 230
32 230
76 85
77 39
76 106
271 112
374 25
345 133
312 215
383 23
383 26
276 384
383 17
137 328
383 9
57 245
52 33
187 130
90 28
155 63
152 157
222 221
42 17
268 318
179 306
300 80
385 69
362 65
132 253
361 365
386 221
0 387
90 77
76 227
34 80
120 39
39 85
75 365
365 277
82 328
254 106
328 304
18 328
248 99
374 108
385 106
194 243
388 29
40 300
126 172
9 42
28 42
91 64
351 328
125 259
117 39
389 361
0 76
168 22
390 195
367 112
391 45
90 20
158 26
133 58
174 245
184 106
111 392
59 359
76 304
204 393
259 328
394 192
39 64
63 64
32 21
10 82
144 395
39 304
93 14
131 396
18 161
69 120
42 243
349 65
42 34
395 230
22 113
29 32
126 215
265 323
31 17
397 146
398 328
42 14
117 63
66 230
93 85
315 17
7 32
37 248
232 399
315 22
395 400
63 65
211 142
91 103
343 118
374 24
7 42
41 36
42 354
290 232
68 254
117 60
22 193
126 240
89 39
133 401
2 328
152 63
144 232
36 371
111 267
402 308
374 60
390 39
52 2
112 245
0 164
93 23
102 206
98 46
34 371
18 93
290 403
0 356
18 168
211 65
211 73
404 334
343 46
353 39
75 73
76 254
55 405
76 133
33 34
318 206
259 183
406 108
155 60
391 63
84 407
132 58
91 349
408 45
144 230
390 63
398 161
385 181
144 32
409 45
82 96
132 174
138 108
370 410
42 21
73 222
411 351
322 353
144 318
106 133
98 268
37 17
82 193
18 248
159 302
412 58
413 35
414 364
102 143
12 93
36 415
353 63
410 253
12 248
96 60
89 93
118 115
416 39
6 114
408 63
408 39
100 93
18 113
118 45
132 417
309 15
285 390
59 93
356 271
7 80
362 365
32 17
316 418
227 304
149 92
69 106
191 106
82 46
419 420
388 36
232 340
37 6
18 42
42 318
421 36
176 253
209 266
118 215
19 62
422 65
96 80
336 215
69 307
144 42
423 424
38 32
73 64
155 368
425 304
426 51
76 390
374 32
374 119
239 205
264 245
232 103
81 24
68 121
427 428
16 42
374 63
298 133
154 30
31 248
360 193
426 63
301 39
86 149
100 39
42 230
102 318
7 46
91 133
84 93
106 253
77 97
315 109
99 253
76 328
12 41
376 69
81 63
117 96
285 384
312 121
106 172
134 429
69 152
37 144
64 58
52 28
312 39
312 63
430 205
232 145
31 131
431 331
41 63
390 432
299 121
98 372
176 328
433 316
10 99
343 45
345 215
7 31
290 340
391 195
39 206
434 51
133 51
435 63
435 39
89 304
301 69
63 304
60 371
304 85
100 304
59 108
436 213
118 331
149 63
153 39
91 422
149 25
374 130
48 183
180 437
296 316
254 121
153 63
144 31
145 400
94 191
434 39
133 432
158 6
76 225
26 62
117 77
398 79
326 108
109 120
305 438
149 39
386 285
390 439
388 302
158 76
440 58
99 46
76 132
47 41
359 32
149 119
9 161
37 230
12 315
77 36
264 388
82 372
19 82
99 230
118 426
386 276
441 36
44 442
331 161
81 25
117 36
28 32
130 182
398 125
77 243
211 195
42 253
72 337
374 41
84 304
413 27
443 334
61 26
24 368
46 21
374 77
421 59
42 232
382 444
79 445
353 45
359 302
61 28
285 353
446 265
6 193
81 96
77 63
107 67
447 51
0 426
413 39
448 140
299 164
63 318
22 248
449 25
52 371
102 232
69 450
410 98
440 423
56 333
265 269
187 176
42 23
451 214
220 45
452 60
69 163
63 253
242 29
28 29
299 264
191 215
115 348
315 6
453 437
191 425
399 268
239 244
345 63
63 206
39 253
454 58
28 62
360 17
374 96
18 94
22 243
102 145
316 23
390 133
39 21
315 38
37 34
73 220
32 4
52 82
11 93
155 36
232 455
6 46
13 62
456 191
165 328
0 457
90 194
61 16
299 41
131 32
55 341
133 121
285 220
11 328
37 77
317 115
407 327
412 57
61 23
458 112
345 115
0 342
359 63
328 21
61 14
82 30
89 51
413 15
335 88
419 274
459 259
276 322
274 420
460 328
322 308
264 302
254 55
69 265
103 99
103 266
13 46
82 56
400 318
91 214
84 328
461 462
93 36
111 245
0 463
464 386
43 99
41 39
358 330
48 163
41 337
79 135
44 353
222 45
285 298
77 32
407 58
2 31
398 460
59 82
44 391
308 384
408 44
225 50
44 416
143 99
271 99
84 46
390 120
69 132
285 408
353 222
56 93
382 465
31 106
66 32
84 244
111 121
42 29
53 328
153 41
439 235
153 368
96 31
278 362
195 409
333 466
90 248
42 467
90 337
100 407
59 96
94 96
69 468
301 50
91 281
301 98
220 195
324 266
106 65
264 32
13 80
89 169
84 169
126 182
285 195
297 116
28 315
326 25
65 177
469 15
19 90
343 84
470 437
328 51
93 192
24 32
100 169
34 32
0 65
268 230
94 60
69 471
102 455
326 344
0 221
37 131
165 189
374 302
3 328
302 58
326 106
327 99
175 410
96 149
359 13
26 193
0 152
390 44
472 200
52 4
2 21
155 425
285 391
285 416
77 29
157 65
40 337
126 328
14 371
126 3
89 120
473 474
243 415
211 289
37 74
130 302
454 57
4 328
37 264
330 475
476 106
227 215
356 121
398 331
326 264
152 133
336 474
0 58
413 63
416 220
95 460
18 82
144 55
57 120
362 315
336 121
477 99
5 130
356 253
158 16
386 169
260 255
264 130
91 45
37 106
478 277
313 91
63 479
480 481
359 77
130 106
82 118
106 372
359 96
427 136
77 108
94 129
11 161
361 255
36 23
309 298
63 221
315 21
158 23
451 65
39 221
37 7
237 65
42 400
18 359
474 304
69 426
76 32
112 457
398 165
169 85
51 85
117 58
91 51
98 243
244 106
118 323
390 349
421 243
98 206
86 482
483 58
106 269
69 356
117 359
103 267
86 353
86 408
416 119
86 484
353 119
144 253
86 409
165 411
86 391
482 119
409 119
10 158
359 36
86 416
391 119
151 119
484 119
244 43
272 133
211 355
0 485
477 450
82 85
407 85
327 261
73 157
191 231
76 31
324 486
37 93
5 46
138 414
209 486
143 229
298 39
386 323
254 65
336 0
50 487
225 157
333 272
363 474
39 318
126 121
51 45
382 272
82 62
488 65
359 42
52 3
272 489
265 150
79 4
372 176
299 69
93 32
490 362
311 327
254 112
416 222
211 131
160 29
391 220
477 395
37 90
51 65
211 491
77 328
60 415
325 65
117 41
196 426
155 130
469 492
144 290
285 65
264 106
159 371
46 396
22 32
12 328
493 187
117 130
77 51
3 161
398 219
24 359
154 452
408 195
76 137
242 39
132 55
316 448
81 368
13 321
169 63
106 46
342 269
9 248
55 115
301 439
363 215
16 93
115 121
307 328
476 32
417 245
314 39
168 21
40 7
69 425
174 112
153 359
18 32
7 111
5 316
191 363
374 138
144 46
144 77
494 452
0 495
7 354
29 4
496 214
376 163
336 163
343 240
497 391
354 36
191 109
69 227
41 32
42 268
125 498
77 34
111 367
247 25
499 314
297 111
86 243
47 247
356 100
59 302
10 359
497 408
28 46
408 222
423 245
385 68
409 222
408 220
106 302
84 356
391 222
187 32
351 161
297 63
500 39
59 354
268 253
301 133
76 135
75 191
211 139
2 39
283 319
343 137
501 358
155 502
362 64
120 215
13 300
379 503
77 41
109 39
32 99
297 39
315 32
500 64
272 334
96 21
354 34
362 504
362 222
191 265
91 409
37 99
109 136
16 161
442 45
169 106
86 138
50 45
169 328
482 298
362 407
196 376
383 219
118 46
505 506
500 63
18 109
108 371
109 85
225 507
32 74
358 443
126 449
63 115
52 369
98 508
7 74
46 253
382 407
153 96
4 509
76 426
285 118
94 93
76 211
510 65
511 39
375 314
440 424
76 305
239 65
417 133
386 426
131 328
384 65
365 314
512 176
18 41
362 169
303 513
109 63
290 99
356 89
514 290
497 409
211 85
224 351
319 220
155 96
316 17
37 21
264 359
125 223
76 511
75 478
259 115
477 98
2 509
280 197
436 142
22 39
515 437
93 31
268 372
511 173
410 46
96 131
240 65
471 182
477 126
516 305
385 351
84 120
95 226
90 161
136 25
7 102
76 517
374 36
414 324
290 455
518 224
76 384
209 414
5 76
103 367
297 120
390 426
98 253
309 205
24 315
458 102
96 28
28 30
37 29
179 519
350 65
117 32
299 80
356 55
363 109
10 328
90 315
125 63
32 3
13 39
312 328
520 371
276 402
225 414
243 119
374 42
77 99
390 45
77 109
477 105
107 216
84 91
22 31
69 388
53 4
37 2
315 31
76 152
451 407
312 120
117 42
358 152
9 168
61 93
84 65
42 26
81 315
483 65
40 247
281 65
73 195
187 160
301 157
0 245
155 323
293 521
120 133
398 2
37 522
523 224
398 518
427 216
196 106
7 267
382 330
328 524
488 277
59 23
272 58
385 125
187 4
359 16
525 76
51 487
24 41
168 6
24 300
264 90
153 42
89 328
163 304
248 522
386 205
326 125
237 64
2 161
73 142
209 392
32 371
7 39
79 331
105 163
82 391
59 17
46 14
82 353
82 416
301 390
82 408
301 76
390 391
82 409
47 136
69 526
527 69
528 267
118 407
59 106
448 122
342 227
61 461
232 529
63 133
530 355
180 470
12 80
237 439
390 353
244 371
191 454
520 131
309 91
52 83
442 318
165 518
304 46
59 232
102 245
211 530
39 51
96 232
29 3
211 221
32 318
76 358
131 4
123 302
244 32
500 46
299 155
37 359
98 417
528 245
531 245
154 94
268 206
163 121
400 98
0 532
497 29
343 100
533 106
343 89
31 74
451 365
93 304
16 77
165 460
83 108
0 174
132 534
82 100
104 230
302 21
440 328
196 228
229 253
13 96
535 219
359 6
271 230
96 6
174 133
383 58
81 119
60 108
454 334
482 323
18 371
23 371
512 478
7 321
42 372
47 300
452 36
69 98
265 300
99 206
536 211
106 99
0 116
390 408
45 221
284 65
2 63
109 300
312 106
481 130
299 105
384 222
0 432
359 149
152 115
149 41
440 63
187 42
52 35
105 121
42 41
537 161
172 4
225 140
211 89
290 253
130 449
77 98
138 161
153 130
96 39
75 39
328 215
7 367
276 221
82 16
538 372
37 38
75 63
539 76
19 328
102 267
69 540
69 541
155 243
69 542
543 69
426 252
96 129
257 218
193 328
422 64
69 544
21 85
90 130
363 163
238 386
512 187
299 123
264 76
144 372
326 41
248 46
301 205
545 323
436 219
86 532
37 28
44 372
69 147
37 315
94 4
105 227
0 144
224 161
42 109
91 534
362 51
52 61
301 382
163 224
138 247
388 304
374 31
230 46
231 532
28 31
44 39
435 69
27 161
180 515
497 416
152 432
244 160
125 39
201 249
213 177
7 106
27 192
34 39
37 187
91 384
188 220
187 455
55 304
105 363
546 76
56 328
149 97
6 80
354 302
44 63
313 488
452 160
106 74
196 317
374 6
11 31
4 453
73 106
313 76
268 176
4 161
82 51
13 328
298 4
36 32
6 41
107 113
301 430
466 334
196 65
82 169
383 506
481 176
69 97
390 220
69 96
96 406
283 91
382 345
75 118
154 155
313 152
374 164
425 215
191 121
299 354
326 449
149 32
66 107
204 63
547 548
392 112
132 65
140 39
140 63
42 182
130 27
265 380
159 32
0 386
82 38
356 85
154 164
46 85
149 415
81 130
93 51
118 120
299 24
533 254
69 116
118 169
505 371
59 371
224 189
375 255
103 98
42 509
69 225
499 255
69 378
312 76
39 133
331 39
374 248
84 534
436 176
315 74
178 65
76 468
218 277
76 215
44 106
217 272
9 316
356 21
308 221
451 225
19 315
327 181
189 65
339 211
427 25
10 32
152 349
76 318
301 349
144 39
13 63
36 63
458 316
12 32
90 74
6 106
135 341
18 31
143 266
452 244
301 211
152 382
239 503
126 549
366 65
353 252
90 550
309 221
441 371
50 214
50 426
105 388
202 309
16 315
376 109
410 63
271 266
239 79
31 43
551 240
391 252
482 252
129 93
169 39
151 252
248 36
60 300
216 136
98 236
91 249
98 173
552 227
327 348
409 194
133 231
238 417
91 106
53 435
0 435
508 509
31 36
477 121
155 371
16 107
473 21
505 164
477 399
28 80
421 149
130 74
149 42
188 211
553 554
8 247
232 229
188 222
0 7
307 304
223 161
42 206
106 318
192 35
196 7
211 51
427 191
52 321
59 69
276 317
423 174
80 21
374 243
308 317
211 554
152 45
483 57
267 367
39 548
168 46
297 133
12 476
383 86
160 39
0 349
555 76
76 471
543 76
527 76
155 31
346 297
82 89
51 46
6 74
305 51
76 526
76 556
76 542
155 118
76 544
413 52
96 371
40 96
557 191
264 96
331 63
388 28
18 97
298 351
24 506
6 328
82 36
176 222
257 426
461 447
82 29
117 93
390 51
372 74
169 93
547 112
211 140
29 46
264 248
132 115
285 91
382 178
261 133
117 124
77 253
395 98
158 90
91 100
257 120
326 300
387 26
390 434
187 302
205 396
447 532
209 395
40 558
