1 3 0.51166 4
1 6 0.76055 4
1 8 0.72595 10
1 12 0.81839 4
1 30 0.74618 9
1 46 0.78026 9
2 9 0.63328 6
2 55 0.72143 3
2 56 0.87999 4
3 18 0.53422 3
3 43 0.70435 4
4 5 0.74909 5
4 8 0.82243 11
4 11 0.7339 7
4 16 0.8577 5
4 46 0.91016 10
4 51 0.84655 8
4 57 0.6981 12
4 58 0.62626 7
5 57 0.54654 9
6 7 0.77897 5
7 17 0.53146 6
7 21 0.54889 6
7 27 0.7127 5
7 30 0.66987 10
7 45 0.73729 7
7 46 0.673 10
7 53 0.54544 6
7 57 0.77876 12
8 13 0.69487 8
8 19 0.672 8
8 20 0.687 9
8 23 0.93656 8
8 25 0.53128 8
8 28 0.97644 11
8 30 0.75295 13
8 32 0.79198 8
8 37 0.53119 8
8 44 0.92457 14
8 57 0.82938 15
8 60 0.60448 12
9 11 0.8964 7
9 28 0.72442 8
9 29 0.8366 6
9 35 0.86329 6
9 37 0.67851 6
9 41 0.73042 8
9 52 0.98269 7
9 57 0.89658 12
10 30 0.71947 8
10 34 0.89442 3
10 46 0.51751 8
10 59 0.91239 6
11 26 0.81754 4
11 33 0.76693 4
11 46 0.72182 9
11 59 0.91172 7
12 28 0.66098 5
12 50 0.74232 8
13 24 0.94068 4
13 28 0.88522 5
14 16 0.76649 3
14 29 0.66323 4
14 47 0.73458 7
14 60 0.73017 7
15 38 0.65115 5
15 54 0.58483 4
17 40 0.83762 3
17 50 0.72473 8
18 46 0.59762 8
18 49 0.61088 8
18 59 0.72245 6
19 22 0.5388 3
20 21 0.90761 4
20 29 0.50113 4
20 30 0.81462 8
20 50 0.93927 9
21 24 0.98579 4
22 29 0.8726 4
22 46 0.78115 8
22 51 0.70173 6
23 30 0.52195 7
24 31 0.94871 3
24 45 0.70093 5
24 48 0.80742 10
25 57 0.67695 9
26 35 0.5838 3
27 52 0.74596 3
28 34 0.96187 5
28 39 0.55537 5
28 44 0.92605 11
28 59 0.56772 8
30 38 0.53559 10
30 39 0.85017 7
30 44 0.85764 13
30 45 0.99797 9
30 49 0.5602 12
30 51 0.71629 10
31 50 0.99859 7
32 50 0.85712 7
33 44 0.87863 8
35 38 0.83654 6
35 39 0.67892 3
36 40 0.67566 3
36 44 0.9505 9
36 57 0.53062 9
37 43 0.92163 4
38 47 0.86108 9
38 54 0.87601 7
38 56 0.54978 6
38 57 0.93996 12
38 59 0.51815 8
40 46 0.6768 7
41 43 0.93918 6
41 46 0.69633 9
41 48 0.99335 11
41 52 0.63566 6
41 57 0.59109 11
41 70 0.58815 9
42 49 0.78351 9
42 57 0.7712 10
42 60 0.69001 7
42 95 0.53247 3
42 96 0.56562 4
43 58 0.55197 5
43 83 0.94432 3
44 45 0.70587 10
44 48 0.98279 15
44 51 0.71206 11
44 56 0.73581 10
44 59 0.83461 12
44 86 0.87704 8
44 88 0.77254 11
44 91 0.90842 9
44 97 0.84947 13
44 98 0.59045 10
45 97 0.52849 9
45 98 0.67814 6
46 47 0.71096 11
46 60 0.87698 11
46 65 0.5888 8
47 57 0.52771 13
47 59 0.93194 10
47 61 0.62268 7
47 67 0.92464 6
47 70 0.81168 11
47 85 0.70044 7
47 93 0.93762 6
47 97 0.92754 11
48 53 0.85071 9
48 59 0.90541 12
48 60 0.6061 12
48 63 0.8039 8
48 65 0.60795 9
48 68 0.58704 9
48 70 0.75481 13
48 72 0.91735 8
48 77 0.93466 9
48 84 0.97603 10
48 97 0.51371 13
48 100 0.95067 9
49 51 0.76848 10
49 53 0.94906 8
49 57 0.74458 14
49 68 0.58487 8
49 69 0.87652 8
49 75 0.78449 8
49 77 0.97732 8
49 81 0.72656 7
49 92 0.86906 8
49 97 0.84016 12
50 52 0.54027 9
50 54 0.82674 10
50 55 0.89767 8
50 57 0.57734 14
50 70 0.92261 12
50 74 0.78908 7
50 88 0.87426 10
50 99 0.97464 10
51 66 0.94584 5
51 73 0.5801 5
51 99 0.86918 7
52 90 0.89925 7
53 64 0.65556 5
54 56 0.61904 6
54 69 0.57658 5
54 87 0.76763 5
54 100 0.77727 5
55 78 0.78316 6
55 94 0.55828 3
56 58 0.82404 5
57 80 0.79747 9
57 90 0.60616 12
57 98 0.64105 11
58 86 0.7082 4
58 89 0.59597 5
58 99 0.52002 6
59 62 0.89844 6
60 61 0.58834 6
60 69 0.89599 7
60 70 0.9581 11
60 88 0.75534 9
60 90 0.69826 9
61 64 0.96168 4
62 69 0.81375 3
62 91 0.9226 3
63 70 0.5089 7
64 71 0.87515 4
64 85 0.78315 4
64 88 0.73218 7
64 98 0.99679 6
65 97 0.66699 8
65 98 0.93609 5
66 75 0.87974 3
67 92 0.65322 3
68 74 0.67715 3
68 88 0.65512 6
70 78 0.84459 10
70 79 0.80818 7
70 84 0.96733 9
70 85 0.85357 7
70 89 0.7415 8
70 91 0.58562 7
71 90 0.65448 5
72 90 0.71553 5
73 84 0.76202 4
75 78 0.73433 6
75 79 0.99813 3
76 80 0.93387 2
76 84 0.84729 4
76 97 0.67685 7
77 83 0.95959 2
78 87 0.55912 5
78 94 0.88914 5
78 96 0.68683 6
78 97 0.63605 10
78 99 0.53068 7
81 97 0.86199 7
82 97 0.56853 7
82 100 0.67082 3
84 96 0.79323 5
84 99 0.91509 6
87 99 0.60218 5
88 92 0.84691 6
88 99 0.56646 7
88 100 0.5942 6
89 93 0.68697 3
89 97 0.85026 8
90 92 0.81159 6
90 94 0.59097 6
90 95 0.60332 5
90 97 0.59789 10
96 98 0.62591 5
