1 3 0.51166 4
1 6 0.76055 3
1 8 0.72595 10
1 12 0.81839 3
1 30 0.74618 8
2 9 0.63328 9
2 55 0.72143 3
2 56 0.87999 4
3 18 0.53422 3
3 43 0.70435 4
4 5 0.74909 6
4 8 0.82243 12
4 9 0.87575 12
4 11 0.7339 7
4 16 0.8577 5
4 46 0.91016 7
4 51 0.84655 9
4 57 0.6981 12
4 58 0.62626 8
5 9 0.90851 9
5 57 0.54654 9
6 7 0.77897 5
7 17 0.53146 5
7 21 0.54889 5
7 27 0.7127 5
7 30 0.66987 10
7 45 0.73729 7
7 53 0.54544 11
7 57 0.77876 11
8 13 0.69487 8
8 19 0.672 8
8 20 0.687 10
8 23 0.93656 8
8 25 0.53128 9
8 28 0.51217 9
8 30 0.75295 13
8 32 0.79198 8
8 37 0.53119 9
8 44 0.92457 19
8 53 0.59995 15
8 57 0.82938 15
8 60 0.60448 11
9 11 0.8964 10
9 25 0.90916 9
9 28 0.72442 9
9 29 0.96367 10
9 35 0.86329 9
9 37 0.67851 9
9 40 0.9235 9
9 41 0.73042 11
9 45 0.50943 10
9 52 0.98269 10
9 53 0.69359 15
9 57 0.74465 15
10 30 0.71947 8
10 34 0.89442 3
10 44 0.8444 14
10 59 0.91239 7
11 26 0.81754 3
11 33 0.76693 3
11 59 0.91172 7
12 50 0.74232 7
13 24 0.94068 3
14 16 0.76649 3
14 29 0.66323 4
14 47 0.73458 7
14 60 0.73017 6
15 38 0.65115 5
15 54 0.58483 4
17 40 0.83762 3
17 50 0.72473 7
18 46 0.87342 4
18 49 0.61088 8
18 59 0.72245 7
19 22 0.5388 3
20 21 0.90761 4
20 29 0.50113 5
20 30 0.81462 8
20 50 0.93927 8
21 24 0.98579 4
22 29 0.8726 4
22 44 0.97 14
22 51 0.70173 6
23 30 0.52195 7
24 31 0.94871 4
24 45 0.70093 5
24 48 0.80742 10
25 53 0.72824 9
25 57 0.67695 9
26 35 0.5838 3
27 52 0.74596 3
28 34 0.96187 3
28 44 0.65606 14
29 53 0.81808 10
30 38 0.53559 10
30 39 0.85017 7
30 44 0.85764 18
30 45 0.99797 9
30 49 0.5602 12
30 51 0.71629 10
31 50 0.99859 7
31 53 0.94552 9
32 50 0.85712 7
33 44 0.87863 13
35 38 0.83654 6
35 39 0.67892 3
36 40 0.67566 3
36 44 0.9505 13
36 57 0.53062 9
37 43 0.92163 4
37 53 0.52438 9
38 47 0.86108 9
38 54 0.87601 7
38 56 0.54978 6
38 57 0.93996 11
38 59 0.51815 9
40 44 0.95288 14
41 43 0.93918 6
41 46 0.69633 6
41 48 0.99335 11
41 52 0.63566 6
41 57 0.59109 11
41 70 0.58815 9
42 49 0.78351 9
42 57 0.7712 10
42 60 0.69001 6
42 95 0.53247 3
42 96 0.56562 5
43 58 0.55197 6
43 83 0.94432 8
44 45 0.70587 15
44 48 0.98279 19
44 51 0.71206 16
44 56 0.73581 14
44 59 0.83461 17
44 61 0.68814 14
44 65 0.77428 13
44 67 0.66724 14
44 68 0.62109 16
44 78 0.5897 16
44 84 0.73362 15
44 86 0.87704 13
44 91 0.90842 14
44 96 0.55184 14
44 97 0.84947 18
44 98 0.59045 13
45 97 0.52849 9
46 47 0.62331 8
46 83 0.56119 8
47 57 0.52771 13
47 59 0.93194 10
47 61 0.62268 8
47 67 0.92464 7
47 70 0.81168 11
47 85 0.70044 10
47 93 0.93762 7
47 97 0.92754 11
48 53 0.85071 15
48 59 0.90541 12
48 60 0.6061 11
48 63 0.8039 9
48 65 0.60795 9
48 68 0.58704 12
48 70 0.75481 13
48 72 0.91735 9
48 77 0.93466 10
48 84 0.97603 11
48 97 0.51371 13
48 100 0.95067 9
49 51 0.76848 11
49 53 0.94906 14
49 57 0.74458 14
49 68 0.58487 11
49 69 0.87652 9
49 75 0.78449 8
49 77 0.97732 9
49 81 0.72656 7
49 92 0.86906 8
49 97 0.84016 12
50 52 0.54027 8
50 54 0.82674 9
50 55 0.89767 8
50 57 0.57734 13
50 70 0.92261 12
50 74 0.78908 7
50 99 0.97464 9
51 66 0.94584 6
51 73 0.5801 5
51 83 0.65746 10
51 99 0.86918 8
52 90 0.89925 7
53 61 0.54379 10
53 64 0.65556 10
53 67 0.53907 9
53 77 0.50682 10
53 83 0.58852 13
53 91 0.72878 9
54 56 0.61904 6
54 69 0.57658 6
54 87 0.76763 5
54 100 0.77727 5
55 78 0.78316 6
55 94 0.55828 3
56 58 0.82404 6
57 80 0.79747 8
57 90 0.60616 12
58 85 0.84809 8
58 86 0.7082 4
58 89 0.59597 5
58 99 0.52002 7
59 62 0.89844 7
59 68 0.86028 9
59 83 0.92985 11
60 61 0.58834 6
60 69 0.89599 6
60 70 0.9581 10
60 90 0.69826 8
61 64 0.96168 5
62 68 0.63135 6
62 69 0.81375 4
62 91 0.9226 4
63 70 0.5089 7
63 83 0.57772 7
64 71 0.87515 3
64 85 0.78315 7
64 88 0.73218 4
65 97 0.66699 7
66 68 0.53807 6
66 75 0.87974 4
66 85 0.5327 7
67 92 0.65322 4
68 74 0.67715 5
68 77 0.78258 7
68 82 0.88815 6
69 85 0.88061 7
70 78 0.84459 10
70 79 0.80818 7
70 84 0.96733 9
70 85 0.85357 11
70 89 0.7415 8
70 91 0.58562 8
71 90 0.65448 5
72 83 0.96509 7
72 90 0.71553 6
73 84 0.76202 4
75 78 0.73433 6
75 79 0.99813 3
76 80 0.93387 2
76 84 0.84729 5
76 97 0.67685 7
77 83 0.95959 9
77 85 0.57333 8
78 87 0.55912 6
78 94 0.88914 6
78 96 0.68683 7
78 97 0.63605 10
78 99 0.53068 8
79 83 0.76213 7
81 97 0.86199 7
82 97 0.56853 7
82 100 0.67082 3
83 87 0.67843 8
83 92 0.9571 8
83 93 0.52428 7
84 96 0.79323 6
84 99 0.91509 7
85 88 0.59232 6
85 98 0.79998 6
85 100 0.76319 7
87 99 0.60218 5
88 99 0.56646 5
89 93 0.68697 3
89 97 0.85026 8
90 92 0.81159 6
90 94 0.59097 6
90 95 0.60332 5
90 97 0.59789 10
96 98 0.76775 4
