1 11 5 0 29 69 45 9 7 -1 1 -1 0 0 0 
0 -6 0 0 -25 -12 -55 0 0 0 0 -8 0 0 0 
0 1 0 0 3 0 4 0 1 0 0 0 0 0 0 
-1 -5 -6 -2 -41 -60 -9 -16 -1 -26 -8 -5 -3 -2 -1 
-1 -10 0 -2 -27 0 -39 0 0 -34 0 -2 0 -3 -1 
0 2 0 0 10 0 11 0 1 0 0 0 0 0 0 
1 1 8 0 -22 52 -8 27 2 0 1 -11 0 0 0 
-1 -16 -13 -1 -42 -225 -159 -71 -14 -27 -19 -18 -1 -4 0 
-6 -15 -61 -8 -125 -356 -5 -268 -14 -76 -91 -2 -11 -4 -1 
0 -9 2 -2 -11 21 -136 3 6 -50 -2 -9 -1 -5 0 
1 3 5 0 -2 38 -11 9 6 0 1 -8 0 -2 0 
1 9 2 0 55 31 32 1 1 0 0 4 0 0 0 
1 4 1 1 10 8 -8 0 0 16 1 -2 0 1 0 
0 1 0 0 -12 1 13 0 1 0 0 -1 0 0 0 
0 0 0 0 -1 0 0 0 0 0 0 0 0 0 0 
0 -1 0 0 -4 -1 -5 0 0 0 0 -2 0 0 0 
0 1 0 0 -19 0 16 0 1 0 0 0 0 0 0 
0 6 0 0 -8 16 45 0 1 0 0 -4 0 0 0 
0 -1 0 0 -26 1 -11 0 -1 0 0 -2 0 0 0 
0 -1 0 0 -30 -1 -2 0 -1 -1 0 -2 0 0 0 
0 1 0 0 0 2 7 0 0 0 0 0 0 0 0 
0 -12 1 -1 -45 -7 -162 2 0 -27 -2 -17 0 -1 0 
0 -1 0 0 -21 0 -10 0 0 -1 0 -2 0 0 0 
0 0 0 0 -42 2 4 0 -1 0 0 -4 0 0 0 
-2 -22 -2 -3 -77 -38 -102 0 -5 -58 0 -5 -4 -6 0 
0 1 0 0 -2 1 4 0 0 0 0 0 0 0 0 
0 1 0 0 -4 1 7 0 0 0 0 0 0 0 0 
4 -6 20 2 26 139 -206 38 0 17 12 -22 2 1 0 
-1 -18 -3 -1 -82 -62 -116 -3 -1 -22 -3 -12 0 -2 0 
0 -6 1 -1 -31 -23 -106 7 3 -47 -4 -12 -3 -1 0 
-1 -13 -2 0 -73 -40 -72 -1 -1 0 0 -8 0 0 0 
0 0 0 0 -10 0 -2 0 0 0 0 0 0 0 0 
0 -8 0 0 -9 -8 -147 0 0 0 0 -11 0 0 0 
0 4 0 0 -15 4 18 0 0 0 0 0 0 0 0 
0 -5 0 0 -9 -17 -54 0 1 0 0 -8 0 0 0 
0 -7 1 -1 -12 10 -113 1 0 -24 -1 -13 0 0 0 
-1 -17 -1 -2 -74 -20 -108 0 -3 -44 -2 -8 -1 -3 0 
0 0 0 0 -40 0 13 0 0 0 0 -7 0 0 0 
1 7 2 0 23 22 19 1 3 0 0 2 0 0 0 
-1 -24 -2 -1 -63 -60 -238 -1 -2 -23 -2 -28 0 0 0 
0 2 0 0 -31 19 21 0 2 -5 0 -10 0 -3 0 
0 2 0 0 -19 5 33 0 1 1 0 -8 0 0 0 
0 -12 0 0 -70 -44 -59 0 -2 0 0 -3 0 0 0 
-9 -12 -160 -11 -86 -864 32 -1269 -26 -78 -279 -5 -19 -1 -2 
0 -19 -1 1 -38 -87 -215 -2 -2 2 0 -19 2 -3 0 
7 24 55 1 82 478 22 200 21 10 10 0 0 0 0 
0 -5 0 0 -94 -39 27 0 -2 -7 0 -9 0 0 0 
0 -17 6 -6 -47 -104 -148 64 -13 -96 -52 -10 -10 -6 -2 
0 -16 2 -2 -94 -134 -74 21 -16 -20 -20 -17 -1 -3 0 
1 6 11 1 -8 110 27 55 3 11 11 -3 0 0 0 
-1 -21 -7 -1 -63 -168 -182 -20 -10 -29 -7 -13 -1 -1 0 
0 -5 0 0 2 -14 -39 0 0 -6 0 -7 0 0 0 
-11 -46 -90 -9 -226 -887 -125 -343 -38 -102 -99 -17 -9 -4 0 
0 -1 0 0 -27 -6 5 0 0 0 0 1 0 0 0 
0 0 0 0 -21 1 6 0 0 -1 0 -1 0 0 0 
0 -10 0 0 -29 -40 -156 0 0 0 0 -11 0 0 0 
1 2 18 -3 -23 165 -5 129 -1 -36 -16 -2 -7 -3 -1 
-1 -10 -6 0 -70 -81 -40 -15 -2 0 0 -3 0 0 0 
-1 -15 -6 -3 -35 -126 -147 -14 -4 -54 -18 -9 -3 -3 -1 
2 14 17 0 -14 228 61 62 9 0 2 -6 0 0 0 
-2 -32 -6 -1 -126 -140 -280 -6 -10 -16 -3 -29 0 0 0 
-1 -9 -2 -1 -88 -21 -23 -1 -2 -11 -2 -3 0 -2 0 
-1 -11 -2 0 -68 -35 -48 0 -5 0 -1 -7 0 0 0 
1 -6 7 -2 -11 19 -67 16 1 -25 -6 -6 0 0 0 
1 -3 5 -2 21 82 -113 2 6 -53 2 -11 0 -4 -1 
-2 -18 -5 0 -113 -66 -62 -4 -4 0 0 -9 0 0 0 
-2 -37 -5 0 -158 -117 -315 -4 -10 0 0 -29 0 0 0 
-5 -26 -24 -6 -104 -248 -153 -45 -9 -100 -29 -12 -5 -6 -1 
-1 -8 -4 0 -42 -53 -18 -6 -4 0 0 -5 0 0 0 
0 -9 0 0 -92 -78 -10 0 -7 -5 0 -8 0 -1 0 
0 1 0 0 -4 1 6 0 0 0 0 -2 0 0 0 
-1 -11 -2 0 -57 -34 -48 -1 -5 0 0 -7 0 0 0 
0 -2 0 0 -39 0 -9 0 -1 0 0 -3 0 0 0 
0 -4 0 0 -22 -6 -9 0 1 0 0 -5 0 0 0 
0 -4 0 0 -64 -10 -7 0 -1 0 0 -4 0 0 0 
0 -1 0 0 -23 0 -1 0 -1 0 0 -4 0 0 0 
-3 -31 -7 -5 -135 -119 -93 -5 -9 -95 -8 -12 -6 -2 0 
-1 -21 -6 -2 -71 -139 -191 -13 -5 -46 -14 -10 -1 -5 0 
-1 -11 -2 0 -63 -34 -54 -1 -1 0 0 -1 0 0 0 
0 1 0 0 1 1 17 0 0 0 0 -3 0 0 0 
0 0 0 0 -22 0 4 0 0 0 0 -4 0 0 0 
-1 -8 -2 0 -57 -22 -20 -1 -4 0 0 -8 0 0 0 
-10 -50 -64 -1 -296 -539 -144 -210 -27 -13 -10 -19 0 -2 0 
-1 -20 -4 -2 -70 -87 -186 -6 -6 -44 -7 -12 -2 -6 0 
-7 -22 -41 -1 -154 -342 -24 -104 -10 -4 -15 -7 0 0 0 
0 -10 0 0 -22 -10 -156 0 0 0 0 -11 0 0 0 
-1 -12 -3 0 -70 -50 -59 -2 -1 -1 -1 -2 0 0 0 
5 36 25 0 169 304 157 50 14 5 5 8 0 0 0 
0 -2 0 0 -34 -4 -4 0 -1 0 0 -2 0 0 0 
0 2 0 0 -12 16 33 0 0 0 0 -5 0 0 0 
-1 -24 -3 0 -93 -83 -234 -3 -8 0 0 -21 0 0 0 
0 -6 0 0 -46 -10 -35 0 -4 0 0 -2 0 0 0 
-1 -11 -2 0 -55 -31 -54 -1 -2 0 0 -1 0 0 0 
0 -1 0 0 -18 -1 -4 0 0 -1 0 -2 0 0 0 
0 0 0 0 4 0 0 0 0 0 0 0 0 0 0 
-1 -16 -1 -3 -47 -14 -166 0 1 -69 -3 -14 -3 -2 0 
0 -6 2 -2 -39 -1 -94 15 -4 -53 -11 -11 -3 -2 -1 
3 9 12 0 91 139 -60 16 8 -8 3 -5 0 0 0 
0 -1 -1 1 -47 -13 -4 -5 -4 15 5 -6 0 0 0 
0 -3 0 0 -19 -9 -9 0 0 0 0 -7 0 0 0 
