0 2
0 5
0 7
0 11
0 29
0 45
1 8
1 54
1 55
2 17
2 42
3 4
3 7
3 10
3 15
3 45
3 50
3 56
3 57
4 56
5 6
6 16
6 20
6 26
6 29
6 44
6 45
6 52
6 56
7 12
7 18
7 19
7 22
7 24
7 27
7 29
7 31
7 36
7 43
7 56
7 59
8 10
8 27
8 28
8 34
8 36
8 40
8 51
8 56
9 29
9 33
9 45
9 58
10 25
10 32
10 45
10 58
11 27
11 49
12 23
12 27
13 15
13 28
13 46
13 59
14 37
14 53
16 39
16 49
17 45
17 48
17 58
18 21
19 20
19 28
19 29
19 49
20 23
21 28
21 45
21 50
22 29
23 30
23 44
23 47
24 56
25 34
26 51
27 33
27 38
27 43
27 58
29 37
29 38
29 43
29 44
29 48
29 50
30 49
31 49
32 43
34 37
34 38
35 39
35 43
35 56
36 42
37 46
37 53
37 55
37 56
37 58
39 45
40 42
40 45
40 47
40 51
40 56
40 69
41 48
41 56
41 59
41 94
41 95
42 57
42 82
43 44
43 47
43 50
43 55
43 58
43 85
43 87
43 90
43 96
43 97
44 96
44 97
45 46
45 59
45 64
46 56
46 58
46 60
46 66
46 69
46 84
46 92
46 96
47 52
47 58
47 59
47 62
47 64
47 67
47 69
47 71
47 76
47 83
47 96
47 99
48 50
48 52
48 56
48 67
48 68
48 74
48 76
48 80
48 91
48 96
49 51
49 53
49 54
49 56
49 69
49 73
49 87
49 98
50 65
50 72
50 98
51 89
52 63
53 55
53 68
53 86
53 99
54 77
54 93
55 57
56 79
56 89
56 97
57 85
57 88
57 98
58 61
59 60
59 68
59 69
59 87
59 89
60 63
61 68
61 90
62 69
63 70
63 84
63 87
63 97
64 96
64 97
65 74
66 91
67 73
67 87
69 77
69 78
69 83
69 84
69 88
69 90
70 89
71 89
72 83
74 77
74 78
75 79
75 83
75 96
76 82
77 86
77 93
77 95
77 96
77 98
80 96
81 96
81 99
83 95
83 98
86 98
87 91
87 98
87 99
88 92
88 96
89 91
89 93
89 94
89 96
95 97
