6 38 14 1 180 152 159 16 8 16 4 9 0 3 0 
3 15 3 0 90 30 33 1 0 0 0 4 0 0 0 
3 12 3 0 79 22 18 1 1 0 0 1 0 0 0 
8 52 25 3 235 290 215 39 11 50 16 11 1 1 0 
2 20 0 1 127 0 101 0 0 18 0 5 0 1 0 
2 13 1 0 81 9 36 0 2 0 0 2 0 0 0 
9 49 35 1 251 344 201 77 17 12 7 15 0 1 0 
14 64 83 8 299 686 225 277 22 94 78 11 9 4 0 
9 43 34 2 222 295 129 71 12 25 12 10 1 0 0 
4 31 6 0 168 77 126 4 8 0 0 12 0 0 0 
6 34 14 1 183 138 109 16 8 16 4 7 0 0 0 
3 24 3 0 135 46 92 1 1 0 0 5 0 0 0 
3 22 2 1 112 26 80 0 0 16 1 7 0 1 0 
4 23 6 0 150 63 80 4 3 0 0 4 0 0 0 
2 11 0 1 69 0 23 0 0 9 0 2 0 1 0 
2 10 1 0 73 10 21 0 0 0 0 3 0 0 0 
3 22 3 0 115 40 93 1 2 0 0 2 0 0 0 
4 33 6 0 176 91 143 4 4 0 0 7 0 0 0 
2 16 1 0 84 16 73 0 0 0 0 8 0 0 0 
5 39 9 1 184 128 172 7 3 16 3 9 0 3 0 
3 16 3 0 102 28 38 1 2 0 0 2 0 0 0 
4 22 6 0 133 64 76 4 1 0 0 3 0 0 0 
2 22 0 1 113 0 103 0 0 16 0 8 0 3 0 
5 24 10 0 143 90 91 10 3 0 0 12 0 0 0 
2 26 0 1 133 0 147 0 0 24 0 10 0 1 0 
2 8 1 0 48 6 12 0 1 0 0 1 0 0 0 
2 12 1 0 80 12 32 0 0 0 0 2 0 0 0 
8 44 25 3 203 238 159 40 8 50 14 13 2 2 0 
4 18 6 0 115 54 37 4 0 0 0 3 0 0 0 
12 65 58 8 267 561 202 151 22 104 58 12 11 3 0 
2 16 1 0 83 16 71 0 0 0 0 1 0 0 0 
2 25 1 0 119 21 135 0 2 0 0 9 0 0 0 
2 19 1 0 110 17 91 0 1 0 0 10 0 0 0 
2 10 1 0 71 8 21 0 1 0 0 3 0 0 0 
4 18 6 0 102 46 44 4 4 0 0 6 0 0 0 
3 31 3 0 178 58 182 1 2 0 0 15 0 0 0 
3 25 3 0 111 44 102 1 3 0 0 10 0 0 0 
8 50 24 4 252 282 191 34 10 48 20 16 2 0 0 
3 21 3 0 113 34 68 1 4 0 0 11 0 0 0 
3 15 3 0 107 28 56 1 1 0 0 1 0 0 0 
7 61 18 3 267 286 283 21 14 46 13 10 1 3 0 
5 38 9 1 208 115 177 7 6 25 3 8 0 0 0 
5 16 10 0 107 62 24 10 1 0 0 3 0 0 0 
15 80 96 9 316 942 251 349 26 112 95 10 11 7 0 
6 45 11 4 225 141 160 8 6 66 8 9 4 3 0 
12 62 65 1 310 608 156 210 32 10 10 12 0 0 0 
11 66 52 3 293 564 263 139 27 42 25 18 1 0 0 
15 70 98 7 315 824 195 372 30 92 75 10 8 2 0 
13 63 75 3 314 667 204 253 23 41 33 14 0 1 0 
13 61 77 1 269 683 200 275 19 11 11 17 0 0 0 
8 51 26 2 235 297 191 45 9 38 10 17 1 2 0 
5 33 9 1 184 108 123 7 6 10 3 2 0 1 0 
4 39 6 0 180 107 184 4 5 0 0 11 0 0 0 
7 28 19 2 169 149 82 26 3 13 8 4 1 0 0 
4 21 5 1 108 52 80 2 2 7 2 2 0 0 0 
5 32 9 1 165 111 116 7 3 9 3 11 0 1 0 
16 93 114 6 344 1236 322 478 43 69 80 16 2 2 0 
6 25 15 0 154 121 45 20 2 0 0 6 0 0 0 
9 59 33 3 267 380 212 64 17 52 19 15 1 3 0 
10 74 44 1 315 591 303 112 26 17 8 15 0 3 0 
3 24 3 0 144 38 87 1 5 0 0 4 0 0 0 
3 13 3 0 107 24 29 1 1 0 0 3 0 0 0 
2 23 0 1 115 0 119 0 0 17 0 4 0 3 0 
6 20 15 0 160 94 33 20 3 0 0 3 0 0 0 
4 39 5 1 204 82 179 2 6 21 2 9 0 1 0 
2 10 1 0 68 8 22 0 1 0 0 2 0 0 0 
2 13 1 0 92 13 45 0 0 0 0 3 0 0 0 
4 34 6 0 173 86 167 4 8 0 0 11 0 0 0 
4 29 6 0 164 85 112 4 1 0 0 6 0 0 0 
12 62 61 5 269 565 206 176 25 67 38 10 6 0 0 
2 13 1 0 65 13 38 0 0 0 0 0 0 0 0 
2 22 1 0 111 18 112 0 2 0 0 7 0 0 0 
2 12 1 0 82 10 28 0 1 0 0 3 0 0 0 
2 15 1 0 91 13 68 0 1 0 0 1 0 0 0 
4 21 6 0 106 57 82 4 3 0 0 5 0 0 0 
3 17 3 0 116 32 60 1 1 0 0 5 0 0 0 
3 27 3 0 127 48 147 1 3 0 0 10 0 0 0 
8 37 26 2 186 226 117 44 12 9 12 10 0 0 0 
2 14 1 0 79 12 53 0 1 0 0 5 0 0 0 
2 17 1 0 108 17 100 0 0 0 0 6 0 0 0 
2 21 0 1 114 0 95 0 0 21 0 5 0 0 0 
2 14 1 0 96 12 54 0 1 0 0 4 0 0 0 
2 6 1 0 41 6 7 0 0 0 0 0 0 0 0 
6 35 14 1 166 140 136 16 6 17 4 6 0 3 0 
3 24 2 1 123 27 85 0 1 19 1 6 0 0 0 
2 19 1 0 101 17 92 0 1 0 0 9 0 0 0 
3 17 2 1 89 21 36 0 1 11 1 4 0 0 0 
8 53 27 1 266 325 200 50 15 16 6 11 0 0 0 
4 28 6 0 150 74 111 4 5 0 0 9 0 0 0 
9 47 36 0 259 344 193 84 16 0 0 13 0 0 0 
3 27 3 0 145 50 133 1 2 0 0 14 0 0 0 
4 28 6 0 156 76 111 4 4 0 0 4 0 0 0 
2 13 1 0 88 9 45 0 2 0 0 3 0 0 0 
3 16 2 1 91 22 43 0 1 8 1 1 0 0 0 
2 12 1 0 79 8 33 0 2 0 0 1 0 0 0 
4 21 6 0 135 57 42 4 3 0 0 5 0 0 0 
12 72 62 4 282 669 276 182 29 59 36 16 2 3 0 
6 43 14 1 241 182 191 16 8 13 4 14 0 2 0 
7 41 19 2 199 204 122 25 9 24 10 4 0 0 0 
4 28 6 0 143 74 117 4 5 0 0 10 0 0 0 
