5 27 9 1 151 83 114 7 1 17 3 10 0 3 0 
3 21 3 0 115 42 88 1 0 0 0 12 0 0 0 
3 11 3 0 76 22 14 1 0 0 0 1 0 0 0 
9 57 31 5 276 350 224 55 12 76 24 16 4 3 1 
3 30 0 3 154 0 140 0 0 52 0 7 0 4 1 
2 11 1 0 71 9 25 0 1 0 0 2 0 0 0 
8 48 27 1 273 292 209 50 15 12 6 26 0 1 0 
15 80 96 9 341 911 384 348 36 121 97 29 10 8 0 
15 58 95 10 347 651 134 339 26 101 103 12 12 4 1 
4 40 4 2 179 56 262 1 2 50 2 21 1 5 0 
5 31 9 1 185 100 120 7 2 16 3 15 0 2 0 
2 15 1 0 80 15 60 0 0 0 0 1 0 0 0 
2 18 1 0 102 18 88 0 0 0 0 9 0 0 0 
4 22 6 0 162 62 67 4 2 0 0 5 0 0 0 
2 11 0 1 70 0 23 0 0 9 0 2 0 1 0 
2 11 1 0 77 11 26 0 0 0 0 5 0 0 0 
3 21 3 0 134 40 77 1 1 0 0 2 0 0 0 
4 27 6 0 184 75 98 4 3 0 0 11 0 0 0 
2 17 1 0 110 15 84 0 1 0 0 10 0 0 0 
5 40 9 1 214 129 174 7 4 17 3 11 0 3 0 
3 15 3 0 102 26 31 1 2 0 0 2 0 0 0 
4 34 5 1 178 71 238 2 1 27 2 20 0 1 0 
2 23 0 1 134 0 113 0 0 17 0 10 0 3 0 
5 24 10 0 185 88 87 10 4 0 0 16 0 0 0 
4 48 2 4 210 38 249 0 5 82 0 15 4 7 0 
2 7 1 0 50 5 8 0 1 0 0 1 0 0 0 
2 11 1 0 84 11 25 0 0 0 0 2 0 0 0 
4 50 5 1 177 99 365 2 8 33 2 35 0 1 0 
5 36 9 1 197 116 153 7 1 22 3 15 0 2 0 
12 71 57 9 298 584 308 144 19 151 62 24 14 4 0 
3 29 3 0 156 56 143 1 1 0 0 9 0 0 0 
2 25 1 0 129 21 137 0 2 0 0 9 0 0 0 
2 27 1 0 119 25 238 0 1 0 0 21 0 0 0 
2 6 1 0 86 4 3 0 1 0 0 3 0 0 0 
4 23 6 0 111 63 98 4 3 0 0 14 0 0 0 
3 38 2 1 190 48 295 0 2 24 1 28 0 0 0 
4 42 4 2 185 64 210 1 6 44 2 18 1 3 0 
8 50 24 4 292 282 178 34 10 48 20 23 2 0 0 
2 14 1 0 90 12 49 0 1 0 0 9 0 0 0 
4 39 5 1 170 88 294 2 3 23 2 29 0 0 0 
7 59 18 3 298 267 262 21 12 51 13 20 1 6 0 
5 36 9 1 227 110 144 7 5 24 3 16 0 0 0 
5 28 10 0 177 106 83 10 3 0 0 6 0 0 0 
24 92 256 20 402 1806 219 1618 52 190 374 15 30 8 2 
6 64 12 3 263 228 375 10 8 64 8 28 2 6 0 
5 38 10 0 228 130 134 10 11 0 0 12 0 0 0 
11 71 52 3 387 603 236 139 29 49 25 27 1 0 0 
15 87 92 13 362 928 343 308 43 188 127 20 18 8 2 
13 79 73 5 408 801 278 232 39 61 53 31 1 4 0 
12 55 66 0 277 573 173 220 16 0 0 20 0 0 0 
9 72 33 3 298 465 373 65 19 67 17 30 2 3 0 
5 38 9 1 182 122 162 7 6 16 3 9 0 1 0 
15 85 96 9 406 994 309 347 43 102 99 28 9 4 0 
7 29 19 2 196 155 77 26 3 13 8 3 1 0 0 
4 21 5 1 129 51 74 2 2 8 2 3 0 0 0 
5 42 9 1 194 151 272 7 3 9 3 22 0 1 0 
15 91 96 9 367 1071 327 349 44 105 96 18 9 5 1 
7 35 21 0 224 202 85 35 4 0 0 9 0 0 0 
10 74 39 6 302 506 359 78 21 106 37 24 4 6 1 
8 60 27 1 329 363 242 50 17 17 6 21 0 3 0 
5 56 9 1 270 178 367 7 15 16 3 33 0 0 0 
4 22 5 1 195 45 52 2 3 11 2 6 0 2 0 
3 34 2 1 183 35 167 0 5 17 1 11 0 3 0 
5 26 8 2 171 75 100 4 2 25 6 9 0 0 0 
3 42 0 3 183 0 292 0 0 74 0 20 0 5 1 
4 28 6 0 181 74 84 4 5 0 0 11 0 0 0 
4 50 6 0 250 130 360 4 10 0 0 32 0 0 0 
9 60 30 6 277 334 320 49 17 100 29 23 5 6 1 
5 37 10 0 206 138 130 10 5 0 0 11 0 0 0 
12 71 61 5 361 643 216 176 32 72 38 18 6 1 0 
2 12 1 0 69 12 32 0 0 0 0 2 0 0 0 
3 33 3 0 168 52 160 1 7 0 0 14 0 0 0 
2 14 1 0 121 10 37 0 2 0 0 6 0 0 0 
2 19 1 0 113 19 77 0 0 0 0 6 0 0 0 
4 25 6 0 170 67 89 4 4 0 0 9 0 0 0 
3 18 3 0 139 32 61 1 2 0 0 9 0 0 0 
6 58 10 5 262 167 240 6 12 95 8 22 6 2 0 
9 58 32 4 257 365 308 57 17 55 26 20 1 5 0 
3 25 3 0 142 46 107 1 2 0 0 6 0 0 0 
2 16 1 0 107 16 83 0 0 0 0 9 0 0 0 
2 21 0 1 136 0 91 0 0 21 0 9 0 0 0 
3 22 3 0 153 34 74 1 5 0 0 12 0 0 0 
12 56 65 1 337 545 151 210 27 13 10 19 0 2 0 
7 55 18 3 236 227 322 22 12 61 11 18 2 9 0 
10 46 43 2 277 369 109 104 11 23 16 13 0 0 0 
2 29 1 0 123 27 248 0 1 0 0 20 0 0 0 
4 29 5 1 159 71 95 2 2 12 2 6 0 0 0 
3 17 2 1 97 21 43 0 1 11 1 3 0 0 0 
4 30 6 0 184 78 115 4 6 0 0 11 0 0 0 
9 45 36 0 271 328 160 84 16 0 0 18 0 0 0 
4 51 6 0 238 133 367 4 10 0 0 35 0 0 0 
4 34 6 0 202 86 146 4 8 0 0 6 0 0 0 
3 24 3 0 143 40 99 1 4 0 0 4 0 0 0 
3 17 2 1 109 23 47 0 1 9 1 3 0 0 0 
2 12 1 0 75 8 33 0 2 0 0 1 0 0 0 
5 37 7 3 182 71 208 4 2 69 3 19 3 2 0 
12 78 60 6 321 670 370 167 33 112 47 27 5 5 1 
3 34 2 1 150 43 251 0 0 21 1 19 0 2 0 
7 42 20 1 246 217 126 30 13 9 5 10 0 0 0 
4 31 6 0 162 83 126 4 5 0 0 17 0 0 0 
