0 2 0.51166
0 5 0.76055
0 7 0.72595
0 11 0.81839
0 29 0.74618
1 8 0.63328
1 54 0.72143
1 55 0.87999
2 17 0.53422
2 42 0.70435
3 4 0.74909
3 7 0.82243
3 8 0.87575
3 10 0.7339
3 15 0.8577
3 45 0.91016
3 50 0.84655
3 56 0.6981
3 57 0.62626
4 8 0.90851
4 56 0.54654
5 6 0.77897
6 16 0.53146
6 20 0.54889
6 26 0.7127
6 29 0.66987
6 44 0.73729
6 52 0.54544
6 56 0.77876
7 12 0.69487
7 18 0.672
7 19 0.687
7 22 0.93656
7 24 0.53128
7 27 0.51217
7 29 0.75295
7 31 0.79198
7 36 0.53119
7 43 0.92457
7 52 0.59995
7 56 0.82938
7 59 0.60448
8 10 0.8964
8 24 0.90916
8 27 0.72442
8 28 0.96367
8 34 0.86329
8 36 0.67851
8 39 0.9235
8 40 0.73042
8 44 0.50943
8 51 0.98269
8 52 0.69359
8 56 0.74465
9 29 0.71947
9 33 0.89442
9 43 0.8444
9 58 0.91239
10 25 0.81754
10 32 0.76693
10 58 0.91172
11 49 0.74232
12 23 0.94068
13 15 0.76649
13 28 0.66323
13 46 0.73458
13 59 0.73017
14 37 0.65115
14 53 0.58483
16 39 0.83762
16 49 0.72473
17 45 0.87342
17 48 0.61088
17 58 0.72245
18 21 0.5388
19 20 0.90761
19 28 0.50113
19 29 0.81462
19 49 0.93927
20 23 0.98579
21 28 0.8726
21 43 0.97
21 50 0.70173
22 29 0.52195
23 30 0.94871
23 44 0.70093
23 47 0.80742
24 52 0.72824
24 56 0.67695
25 34 0.5838
26 51 0.74596
27 33 0.96187
27 43 0.65606
28 52 0.81808
29 37 0.53559
29 38 0.85017
29 43 0.85764
29 44 0.99797
29 48 0.5602
29 50 0.71629
30 49 0.99859
30 52 0.94552
31 49 0.85712
32 43 0.87863
34 37 0.83654
34 38 0.67892
35 39 0.67566
35 43 0.9505
35 56 0.53062
36 42 0.92163
36 52 0.52438
37 46 0.86108
37 53 0.87601
37 55 0.54978
37 56 0.93996
37 58 0.51815
39 43 0.95288
40 42 0.93918
40 45 0.69633
40 47 0.99335
40 51 0.63566
40 56 0.59109
40 69 0.58815
41 48 0.78351
41 56 0.7712
41 59 0.69001
41 94 0.53247
41 95 0.56562
42 57 0.55197
42 82 0.94432
43 44 0.70587
43 47 0.98279
43 50 0.71206
43 55 0.73581
43 58 0.83461
43 60 0.68814
43 64 0.77428
43 66 0.66724
43 67 0.62109
43 77 0.5897
43 83 0.73362
43 85 0.87704
43 90 0.90842
43 95 0.55184
43 96 0.84947
43 97 0.59045
44 96 0.52849
45 46 0.62331
45 82 0.56119
46 56 0.52771
46 58 0.93194
46 60 0.62268
46 66 0.92464
46 69 0.81168
46 84 0.70044
46 92 0.93762
46 96 0.92754
47 52 0.85071
47 58 0.90541
47 59 0.6061
47 62 0.8039
47 64 0.60795
47 67 0.58704
47 69 0.75481
47 71 0.91735
47 76 0.93466
47 83 0.97603
47 96 0.51371
47 99 0.95067
48 50 0.76848
48 52 0.94906
48 56 0.74458
48 67 0.58487
48 68 0.87652
48 74 0.78449
48 76 0.97732
48 80 0.72656
48 91 0.86906
48 96 0.84016
49 51 0.54027
49 53 0.82674
49 54 0.89767
49 56 0.57734
49 69 0.92261
49 73 0.78908
49 98 0.97464
50 65 0.94584
50 72 0.5801
50 82 0.65746
50 98 0.86918
51 89 0.89925
52 60 0.54379
52 63 0.65556
52 66 0.53907
52 76 0.50682
52 82 0.58852
52 90 0.72878
53 55 0.61904
53 68 0.57658
53 86 0.76763
53 99 0.77727
54 77 0.78316
54 93 0.55828
55 57 0.82404
56 79 0.79747
56 89 0.60616
57 84 0.84809
57 85 0.7082
57 88 0.59597
57 98 0.52002
58 61 0.89844
58 67 0.86028
58 82 0.92985
59 60 0.58834
59 68 0.89599
59 69 0.9581
59 89 0.69826
60 63 0.96168
61 67 0.63135
61 68 0.81375
61 90 0.9226
62 69 0.5089
62 82 0.57772
63 70 0.87515
63 84 0.78315
63 87 0.73218
64 96 0.66699
65 67 0.53807
65 74 0.87974
65 84 0.5327
66 91 0.65322
67 73 0.67715
67 76 0.78258
67 81 0.88815
68 84 0.88061
69 77 0.84459
69 78 0.80818
69 83 0.96733
69 84 0.85357
69 88 0.7415
69 90 0.58562
70 89 0.65448
71 82 0.96509
71 89 0.71553
72 83 0.76202
74 77 0.73433
74 78 0.99813
75 79 0.93387
75 83 0.84729
75 96 0.67685
76 82 0.95959
76 84 0.57333
77 86 0.55912
77 93 0.88914
77 95 0.68683
77 96 0.63605
77 98 0.53068
78 82 0.76213
80 96 0.86199
81 96 0.56853
81 99 0.67082
82 86 0.67843
82 91 0.9571
82 92 0.52428
83 95 0.79323
83 98 0.91509
84 87 0.59232
84 97 0.79998
84 99 0.76319
86 98 0.60218
87 98 0.56646
88 92 0.68697
88 96 0.85026
89 91 0.81159
89 93 0.59097
89 94 0.60332
89 96 0.59789
95 97 0.76775
