1 28 0.74733 6
1 33 0.84956 4
1 39 0.98089 8
1 43 0.98398 6
1 53 0.56974 8
2 39 0.87137 7
2 53 0.83922 6
3 6 0.8441 6
3 13 0.86044 3
3 23 0.88915 7
3 27 0.67853 7
3 36 0.58336 4
4 8 0.85978 11
4 10 0.81523 9
4 18 0.51045 11
4 20 0.72732 18
4 23 0.64165 11
4 24 0.65082 8
4 26 0.51981 10
4 27 0.56535 11
4 37 0.94356 9
4 42 0.69439 11
4 55 0.78983 14
4 57 0.84167 12
4 59 0.67908 10
5 6 0.87751 5
5 46 0.88881 8
6 16 0.78652 6
6 17 0.84379 5
6 34 0.60826 10
6 46 0.9767 11
6 55 0.6663 11
6 60 0.50723 10
7 12 0.88884 4
7 18 0.59506 7
7 20 0.6808 15
7 27 0.95841 8
7 39 0.96992 9
7 52 0.59028 5
8 10 0.9732 7
8 18 0.53743 9
8 19 0.6868 7
8 39 0.92028 11
8 40 0.9797 6
8 41 0.72793 8
8 45 0.98355 8
8 46 0.76611 12
8 59 0.54249 8
9 20 0.73812 13
9 39 0.78002 7
10 13 0.90415 3
10 31 0.76285 3
10 46 0.56104 9
11 18 0.75073 5
11 23 0.9689 5
12 16 0.51843 3
14 15 0.55343 3
14 42 0.53045 6
15 23 0.6477 7
15 34 0.8085 8
15 39 0.79471 8
15 44 0.95796 6
16 20 0.95508 14
16 30 0.57136 4
17 24 0.98553 3
17 44 0.53245 5
18 25 0.59511 5
18 34 0.87168 10
18 35 0.53579 6
18 55 0.9355 12
18 60 0.96822 10
19 20 0.50338 14
19 38 0.54753 3
19 55 0.62207 9
20 23 0.6514 16
20 26 0.8426 15
20 27 0.8622 17
20 28 0.64859 16
20 31 0.92066 13
20 35 0.50535 14
20 36 0.78651 13
20 37 0.70948 14
20 38 0.59783 13
20 39 0.66919 18
20 42 0.71097 17
20 44 0.80321 16
20 45 0.67631 15
20 48 0.86531 14
20 49 0.95269 14
20 51 0.54853 15
20 58 0.71183 15
20 59 0.72622 15
20 60 0.83913 18
21 39 0.85189 7
21 53 0.63534 6
22 28 0.81712 5
22 37 0.62517 4
22 54 0.91981 4
23 30 0.68995 6
23 37 0.88159 7
23 39 0.93357 10
23 57 0.56888 10
24 34 0.86097 8
24 50 0.61699 6
25 53 0.75387 6
26 28 0.72482 7
26 43 0.79336 7
26 55 0.89868 11
26 57 0.94797 9
26 58 0.72931 7
27 30 0.53586 7
27 32 0.70155 6
27 34 0.53729 11
27 35 0.69548 7
27 45 0.57094 8
27 53 0.72275 10
28 39 0.9213 10
28 41 0.78911 7
28 48 0.83719 6
28 52 0.58893 6
29 39 0.74597 7
29 46 0.58752 8
29 54 0.56635 4
30 56 0.55041 10
32 34 0.81875 7
32 51 0.82417 5
33 45 0.97094 5
33 55 0.7503 9
33 58 0.77442 5
34 37 0.76909 8
34 39 0.84412 12
34 41 0.78622 9
34 43 0.69939 9
34 46 0.87079 13
34 54 0.70168 9
35 47 0.61719 5
36 47 0.9302 4
38 44 0.69576 5
40 46 0.63703 8
41 51 0.64123 7
41 53 0.65468 9
41 62 0.51749 9
41 71 0.87456 5
42 52 0.64363 7
42 55 0.62743 12
42 57 0.60949 11
42 82 0.67525 6
42 85 0.77974 6
42 95 0.67611 10
42 97 0.98994 13
43 44 0.71143 7
43 45 0.85755 6
43 76 0.95086 6
43 80 0.83734 5
44 55 0.68415 11
44 56 0.91218 12
44 97 0.93345 12
45 61 0.88132 6
46 50 0.86381 11
46 51 0.79383 10
46 58 0.6107 10
46 67 0.66136 8
46 90 0.6161 9
46 94 0.77029 15
46 97 0.79683 15
47 50 0.74178 7
47 53 0.96817 8
47 62 0.59861 8
47 75 0.68678 4
48 61 0.56641 5
48 66 0.8094 4
49 51 0.62642 6
49 58 0.65794 6
49 60 0.9231 8
49 94 0.53432 11
50 76 0.79026 7
50 77 0.90713 5
50 78 0.60339 6
50 91 0.62296 6
50 94 0.55502 13
50 97 0.56977 13
51 53 0.67243 9
51 65 0.60938 5
52 83 0.56034 4
52 94 0.65724 11
53 89 0.8987 8
53 92 0.72624 7
53 94 0.79687 14
54 89 0.94498 6
54 92 0.561 5
54 95 0.60849 8
55 60 0.85126 13
55 62 0.61845 13
55 64 0.95509 10
55 79 0.5587 9
55 93 0.59025 10
55 95 0.87861 12
55 97 0.75112 16
56 59 0.51383 11
56 60 0.96556 14
56 63 0.71157 10
56 64 0.77175 10
56 67 0.87789 9
56 71 0.94536 9
56 79 0.54163 9
56 84 0.69356 9
56 88 0.82369 9
56 90 0.96579 10
56 92 0.70588 10
56 95 0.58023 13
56 96 0.52019 9
56 97 0.96224 16
57 62 0.72948 11
57 64 0.54014 8
57 66 0.65482 8
57 74 0.69918 7
57 75 0.70267 7
57 79 0.85629 7
57 87 0.81333 8
57 97 0.94579 14
58 62 0.72938 9
58 86 0.99057 4
59 61 0.91743 6
59 94 0.53789 12
59 99 0.6001 4
60 61 0.80716 9
60 70 0.89419 7
60 74 0.81908 7
60 76 0.54435 8
60 88 0.97077 7
60 94 0.71162 14
61 94 0.51859 11
61 98 0.52689 4
62 64 0.84844 8
62 68 0.50028 7
62 72 0.95945 7
62 93 0.85042 8
62 97 0.51558 14
62 100 0.86257 7
63 82 0.84619 3
63 84 0.99208 3
63 87 0.76045 4
64 72 0.55497 4
65 68 0.92593 3
65 95 0.58488 6
66 81 0.83046 3
66 97 0.85384 10
68 69 0.55445 6
68 76 0.92801 4
69 71 0.55071 5
69 81 0.98933 5
69 87 0.71206 6
69 89 0.87747 7
69 94 0.69993 12
69 97 0.69388 12
69 99 0.77922 5
70 78 0.76548 3
72 97 0.927 10
73 87 0.76664 3
73 97 0.61448 9
76 94 0.89579 11
77 89 0.79925 4
78 94 0.59232 10
78 100 0.77749 3
80 91 0.7285 3
80 95 0.76658 6
83 89 0.56516 5
83 95 0.73852 7
83 97 0.964 10
85 94 0.82976 9
86 97 0.87779 9
89 95 0.82104 8
90 91 0.97802 4
90 94 0.93429 11
90 100 0.75697 4
92 97 0.93236 10
93 94 0.6589 11
93 95 0.6212 7
93 97 0.62434 11
94 96 0.90798 9
94 97 0.96554 17
94 98 0.67938 10
95 98 0.61361 6
