1 8 0.64652 11
1 28 0.74733 7
1 33 0.84956 5
1 39 0.98089 9
1 43 0.98398 6
1 53 0.56974 8
2 8 0.75616 10
2 39 0.87137 7
2 53 0.83922 6
3 6 0.8441 4
3 13 0.86044 3
3 23 0.88915 6
3 27 0.67853 4
3 36 0.58336 4
4 8 0.85978 10
4 20 0.72732 12
4 24 0.65082 4
4 59 0.67908 5
5 6 0.87751 2
5 46 0.88881 7
6 16 0.78652 3
7 12 0.88884 4
7 18 0.59506 5
7 20 0.6808 13
7 39 0.96992 8
7 52 0.59028 5
8 10 0.9732 10
8 12 0.57099 10
8 18 0.53743 11
8 19 0.6868 10
8 28 0.76877 13
8 33 0.67437 10
8 39 0.92028 14
8 40 0.9797 9
8 41 0.72793 11
8 45 0.98355 10
8 46 0.76611 15
8 48 0.70266 11
8 58 0.65515 12
8 59 0.54249 11
9 20 0.73812 11
9 39 0.78002 7
10 13 0.90415 3
10 31 0.76285 3
10 46 0.56104 8
11 18 0.75073 4
11 23 0.9689 5
12 16 0.51843 3
14 15 0.55343 3
14 42 0.53045 5
15 23 0.6477 6
15 39 0.79471 8
15 44 0.95796 5
16 20 0.95508 12
16 30 0.57136 4
17 24 0.98553 3
17 44 0.53245 4
18 25 0.59511 4
18 35 0.53579 4
18 60 0.96822 8
19 20 0.50338 12
19 38 0.54753 2
20 23 0.6514 14
20 26 0.8426 13
20 27 0.8622 12
20 28 0.64859 15
20 31 0.92066 11
20 35 0.85455 12
20 36 0.78651 12
20 37 0.70948 12
20 39 0.66919 16
20 42 0.71097 14
20 44 0.80321 14
20 48 0.86531 13
20 49 0.95269 13
20 51 0.54853 14
20 58 0.96897 14
20 60 0.83913 15
21 39 0.85189 7
21 53 0.63534 6
22 28 0.81712 6
22 37 0.62517 3
22 54 0.91981 3
23 30 0.68995 6
23 37 0.88159 5
23 39 0.93357 10
23 57 0.56888 9
24 34 0.86097 3
24 50 0.61699 6
25 53 0.75387 6
26 28 0.72482 7
26 43 0.79336 6
26 55 0.89868 5
26 57 0.94797 8
26 58 0.72931 7
27 30 0.53586 4
27 32 0.70155 3
28 39 0.9213 10
28 41 0.78911 7
28 48 0.83719 7
28 52 0.58893 7
29 39 0.74597 7
29 46 0.58752 8
29 54 0.56635 3
30 56 0.55041 9
32 51 0.82417 4
33 45 0.97094 4
33 58 0.77442 6
34 39 0.84412 7
34 46 0.87079 8
35 47 0.61719 4
36 47 0.9302 4
38 44 0.69576 4
40 46 0.63703 7
41 51 0.64123 6
41 53 0.65468 7
41 71 0.87456 4
42 52 0.64363 6
42 55 0.62743 6
42 57 0.60949 9
42 82 0.67525 5
42 85 0.77974 5
42 97 0.98994 12
43 44 0.71143 6
43 45 0.85755 5
43 76 0.95086 5
43 80 0.83734 4
44 56 0.91218 11
44 97 0.93345 12
45 61 0.88132 5
46 50 0.86381 11
46 51 0.79383 10
46 58 0.6107 10
46 67 0.66136 7
46 90 0.6161 7
46 94 0.77029 15
46 97 0.79683 15
47 50 0.74178 7
47 53 0.96817 8
47 62 0.59861 5
47 75 0.68678 4
48 61 0.56641 5
48 66 0.8094 4
49 51 0.62642 6
49 58 0.65794 6
49 60 0.9231 7
49 94 0.53432 11
50 76 0.79026 7
50 77 0.90713 5
50 78 0.60339 6
50 91 0.62296 5
50 94 0.55502 13
50 97 0.56977 13
51 53 0.67243 8
51 65 0.60938 4
52 83 0.56034 4
52 94 0.65724 11
53 89 0.8987 7
53 92 0.72624 7
53 94 0.79687 13
54 89 0.94498 4
54 92 0.561 4
55 79 0.5587 3
55 97 0.75112 10
56 59 0.51383 10
56 60 0.96556 12
56 63 0.71157 9
56 64 0.77175 9
56 67 0.87789 8
56 71 0.94536 9
56 79 0.54163 9
56 84 0.69356 8
56 88 0.82369 8
56 92 0.70588 9
56 95 0.58023 9
56 96 0.52019 8
56 97 0.96224 16
57 64 0.54014 6
57 66 0.65482 7
57 74 0.69918 6
57 75 0.70267 6
57 79 0.85629 6
57 87 0.81333 7
57 97 0.94579 13
58 62 0.72938 6
58 86 0.99057 5
59 61 0.91743 6
59 94 0.53789 11
59 99 0.6001 4
60 61 0.80716 8
60 70 0.89419 6
60 74 0.81908 6
60 76 0.54435 7
60 88 0.97077 6
60 94 0.71162 13
61 94 0.51859 11
61 98 0.52689 4
62 97 0.51558 10
62 100 0.86257 3
63 82 0.84619 3
63 84 0.99208 3
63 87 0.76045 4
64 72 0.55497 2
65 68 0.92593 2
66 81 0.83046 3
66 97 0.85384 10
68 69 0.55445 5
68 76 0.92801 4
69 71 0.55071 5
69 81 0.98933 5
69 87 0.71206 6
69 89 0.87747 6
69 94 0.69993 12
69 97 0.69388 12
69 99 0.77922 5
70 78 0.76548 3
72 97 0.927 9
73 87 0.76664 3
73 97 0.61448 9
76 94 0.89579 11
77 89 0.79925 3
78 94 0.59232 10
78 100 0.77749 3
80 91 0.7285 2
80 95 0.76658 3
83 89 0.56516 4
83 97 0.964 10
85 94 0.82976 9
86 97 0.87779 9
90 94 0.93429 9
92 97 0.93236 10
93 94 0.6589 9
93 97 0.62434 9
94 96 0.90798 9
94 97 0.96554 17
94 98 0.67938 10
95 98 0.61361 3
