1 9 2 3 -36 21 50 1 2 45 6 3 2 5 1 
1 13 1 1 8 18 77 0 2 21 1 9 0 2 0 
0 -12 0 0 -99 -44 -49 0 -2 0 0 -11 0 0 0 
-9 -40 -57 -15 -191 -577 -15 -143 -23 -213 -105 1 -33 -11 -1 
0 -4 1 -1 -41 14 -14 0 0 -16 0 0 0 -1 0 
-5 -45 -22 -3 -243 -284 -200 -38 -8 -53 -16 -24 -1 -1 0 
-1 -12 -4 -1 -65 -61 -75 -6 -4 -25 -3 -9 -1 -3 0 
7 -5 83 8 -104 292 -82 418 3 35 130 -16 11 0 1 
0 -3 0 0 -21 0 -51 0 0 -3 0 -9 0 0 0 
-1 -4 -3 -1 -83 -31 23 -3 -1 -9 -2 -5 -1 -1 0 
0 -4 0 0 -40 -2 -19 0 -1 0 0 -6 0 0 0 
1 15 2 0 27 34 104 1 2 0 0 12 0 0 0 
0 -1 0 0 -16 -1 -2 0 0 0 0 -1 0 0 0 
0 -3 0 0 -40 -3 -13 0 0 0 0 -5 0 0 0 
-1 -11 -3 -1 -85 -44 -44 -3 -2 -19 -2 -4 -1 0 0 
0 -7 0 0 -51 -19 -68 0 -1 0 0 -14 0 0 0 
-1 -8 -2 0 -82 -21 -22 -1 -2 0 0 -5 0 0 0 
-3 -28 -18 -3 -173 -225 -77 -45 -18 -52 -17 -12 -2 -5 0 
-1 -9 -2 -1 -89 -29 -34 -1 -6 -21 -2 -14 0 -1 0 
-3 -15 -55 -11 -122 -421 -47 -446 -28 -85 -222 -3 -25 -4 -1 
0 -1 0 0 -19 -1 -11 0 0 0 0 2 0 0 0 
0 -3 0 0 -36 -4 -6 0 -1 0 0 1 0 0 0 
-1 -14 -5 -3 -103 -82 -75 -9 -6 -51 -15 -10 -3 -7 -1 
0 -19 0 0 -88 -49 -100 0 -4 0 0 -18 0 0 0 
0 -4 0 0 -38 -4 -24 0 0 0 0 -3 0 0 0 
-1 -21 -3 -3 -94 -84 -137 -3 -9 -54 -7 -14 -5 -9 0 
-6 -40 -34 -5 -191 -380 -125 -82 -20 -96 -28 -14 -6 -6 0 
1 4 4 4 -68 27 -5 5 2 50 15 -7 7 1 1 
0 -3 0 0 -34 -2 -19 0 -2 0 0 0 0 0 0 
0 -8 0 0 -76 -22 -46 0 -1 0 0 -8 0 0 0 
0 -4 0 0 -17 -2 -54 0 -1 0 0 -12 0 0 0 
-1 -15 -1 -1 -95 -15 -64 0 -3 -18 -1 -6 0 0 0 
0 -4 -3 3 -87 -57 -15 -3 -3 45 0 -7 3 3 0 
-9 -46 -60 -3 -224 -630 -102 -189 -35 -36 -30 -8 0 -2 0 
-1 -13 -2 -1 -82 -29 -76 -1 -5 -24 -2 -11 0 -3 0 
0 -3 0 0 -36 -6 -52 0 0 0 0 -11 0 0 0 
-2 -23 -5 -2 -121 -81 -123 -3 -8 -39 -5 -16 0 -5 -1 
-1 -21 0 -2 -65 0 -189 0 0 -50 0 -21 -1 0 0 
0 -9 -2 2 -81 -98 -49 -16 -11 19 13 -12 2 1 1 
0 6 0 0 -19 0 61 0 0 4 0 5 0 1 0 
-2 -16 -12 1 -129 -177 -32 -26 -7 15 1 -7 0 3 0 
-2 -29 -13 -4 -125 -247 -149 -35 -9 -70 -22 -18 -7 -14 0 
-1 -14 -6 0 -119 -99 -64 -15 -5 0 0 -5 0 0 0 
-1 -18 -5 -2 -107 -106 -106 -9 -14 -42 -11 -21 -1 -4 0 
-2 -26 -9 0 -136 -151 -183 -14 -10 -11 -2 -14 0 -1 0 
-1 -10 -12 -1 -136 -183 0 -58 -10 7 -21 -2 1 0 0 
0 -9 0 0 -52 -39 -44 0 -3 0 0 -9 0 0 0 
1 12 3 1 10 58 47 3 4 12 2 -2 1 3 0 
0 -4 0 0 -45 -2 -53 0 -1 -12 0 -11 0 0 0 
0 -2 0 0 -71 -10 -4 0 -2 -2 0 -7 0 0 0 
0 -9 0 0 -64 -38 -77 0 -5 -6 0 -12 0 0 0 
0 -3 0 0 -54 -10 -12 0 -1 0 0 -2 0 0 0 
-1 -10 -10 0 -83 -139 -40 -44 -2 -2 -1 -2 0 0 0 
-2 -19 -8 -1 -110 -97 -78 -12 -4 -10 -4 -5 0 -1 0 
-11 -57 -87 -12 -277 -846 -112 -304 -50 -138 -128 -17 -18 -11 -1 
-1 -17 -15 0 -141 -249 -56 -101 -26 -1 -4 -17 0 -1 0 
-2 -18 -16 -5 -139 -181 -48 -53 -13 -55 -40 -11 -7 -11 0 
1 0 5 2 -69 20 -20 8 1 28 12 -17 1 3 0 
-1 -24 -5 -1 -117 -142 -199 -9 -10 -19 -5 -13 -1 -7 0 
-2 -24 -19 -2 -109 -303 -141 -71 -21 -39 -28 -24 -1 -1 0 
0 -4 0 0 -71 -11 -23 0 -3 -3 0 -2 0 0 0 
-7 -28 -41 -8 -165 -355 -47 -103 -11 -94 -45 -4 -12 -6 -1 
0 -1 0 0 -21 -2 -13 0 0 -1 0 0 0 0 0 
-2 -22 -4 -3 -110 -67 -108 -3 -12 -37 -3 -14 -3 -4 0 
-1 -10 -2 0 -69 -28 -34 -1 0 0 0 -4 0 0 0 
0 -1 0 0 -24 -1 -6 0 0 0 0 -8 0 -1 0 
0 -2 0 0 -25 0 -25 0 -1 0 0 -1 0 0 0 
-1 -11 -3 0 -65 -43 -38 -3 -1 0 0 -8 0 0 0 
0 -2 0 0 -53 -12 2 0 -1 0 0 -8 0 0 0 
0 -2 0 0 -25 -2 -17 0 0 0 0 -2 0 0 0 
0 -3 0 0 -35 -6 -24 0 0 0 0 1 0 0 0 
-1 -8 0 -2 -69 2 -12 0 -1 -24 0 -3 -1 -5 0 
0 0 0 0 -20 0 6 0 0 0 0 -6 0 0 0 
0 -4 0 0 -42 -4 -31 0 0 0 0 -7 0 0 0 
0 -2 0 0 -25 0 -14 0 -1 0 0 -5 0 0 0 
0 -4 0 0 -60 -14 -22 0 0 -2 0 -2 0 0 0 
0 -1 0 0 -11 -1 -2 0 0 0 0 -2 0 0 0 
0 -1 0 0 -24 -1 -1 0 -1 0 0 0 0 0 0 
0 -14 0 0 -78 -14 -104 0 -7 0 0 -17 0 0 0 
0 -9 0 0 -53 -18 -37 0 0 0 0 -4 0 0 0 
0 0 0 0 -3 0 0 0 0 0 0 0 0 0 0 
0 -2 0 0 -30 -2 -11 0 0 0 0 -4 0 0 0 
-1 -8 -2 -1 -59 -26 -20 -1 -5 -10 -2 -8 0 -1 0 
0 -1 0 0 -17 0 -13 0 0 -1 0 0 0 0 0 
0 -2 0 0 -40 -2 -11 0 0 0 0 -4 0 0 0 
0 1 0 0 -18 1 10 0 0 0 0 -4 0 0 0 
0 -2 0 0 -21 -6 -14 0 0 0 0 -5 0 0 0 
0 -3 0 0 -38 0 -28 0 0 -3 0 -2 0 0 0 
-1 -9 -3 -2 -65 -47 -31 -3 0 -20 -6 -2 -1 0 0 
-3 -20 -9 0 -81 -139 -113 -7 -9 -1 -3 -5 0 0 0 
-1 -4 -2 0 -49 -14 -5 -1 -2 0 0 -1 0 0 0 
0 -4 0 0 -61 -9 -22 0 -1 -1 0 -7 0 0 0 
-3 -25 -5 -4 -127 -99 -76 -1 -5 -69 -4 -8 -4 -6 -1 
0 -11 0 0 -125 -136 -31 0 -12 -12 0 -10 0 -2 0 
-7 -35 -38 -4 -215 -364 -110 -89 -15 -39 -28 -12 -2 -4 0 
0 -1 0 0 -26 1 -14 0 -1 0 0 0 0 0 0 
0 -18 6 -6 -106 -161 -88 73 -19 -75 -57 -10 -15 -7 -1 
0 -7 0 0 -48 -12 -31 0 -1 0 0 -4 0 0 0 
0 -1 0 0 -26 -1 -4 0 0 0 0 -1 0 0 0 
-1 -11 -2 0 -69 -26 -39 -1 -1 0 0 -9 0 0 0 
