5 35 9 1 192 112 115 7 6 14 3 8 0 1 0 
2 21 1 0 111 17 92 0 2 0 0 8 0 0 0 
5 27 10 0 190 96 72 10 6 0 0 14 0 0 0 
13 82 62 16 346 674 295 145 28 232 107 23 33 11 1 
2 18 0 1 113 0 74 0 0 16 0 7 0 1 0 
8 53 25 3 293 300 209 39 8 53 16 24 1 1 0 
6 52 13 2 227 174 296 13 13 48 6 21 1 6 0 
10 59 40 5 359 416 177 85 25 61 30 29 5 2 0 
2 32 0 1 126 0 255 0 0 26 0 21 0 3 0 
5 32 8 2 201 89 123 5 1 31 4 19 1 3 0 
2 16 1 0 118 14 47 0 1 0 0 9 0 0 0 
2 8 1 0 82 6 11 0 1 0 0 2 0 0 0 
2 8 1 0 57 8 10 0 0 0 0 2 0 0 0 
2 13 1 0 112 13 34 0 0 0 0 8 0 0 0 
5 34 8 2 225 93 110 5 4 33 4 13 1 1 0 
4 34 6 0 166 94 252 4 4 0 0 25 0 0 0 
3 17 3 0 152 30 39 1 2 0 0 6 0 0 0 
9 61 33 3 344 380 221 65 23 52 17 31 2 5 0 
4 46 5 1 208 91 320 2 12 21 2 38 0 1 0 
24 90 254 22 414 1745 179 1582 70 167 401 17 40 9 1 
2 21 1 0 111 17 92 0 2 0 0 8 0 0 0 
3 16 3 0 121 28 29 1 2 0 0 8 0 0 0 
9 61 30 6 257 338 298 49 14 102 29 22 5 10 1 
4 33 6 0 202 89 126 4 5 0 0 24 0 0 0 
2 18 1 0 114 18 69 0 0 0 0 4 0 0 0 
7 69 16 5 287 257 359 16 18 97 13 30 6 12 0 
10 68 40 5 293 452 313 86 26 96 28 25 6 6 0 
8 51 24 4 249 251 243 36 9 78 16 19 4 5 0 
3 29 3 0 154 50 127 1 4 0 0 16 0 0 0 
4 35 6 0 207 95 157 4 5 0 0 15 0 0 0 
2 27 1 0 118 25 235 0 1 0 0 24 0 0 0 
3 24 2 1 166 22 80 0 4 18 1 8 0 0 0 
4 29 6 0 209 79 105 4 4 0 0 17 0 0 0 
12 72 63 3 345 676 210 190 38 36 30 24 0 2 0 
4 43 5 1 203 83 275 2 8 24 2 22 0 3 0 
3 32 3 0 139 58 247 1 3 0 0 22 0 0 0 
5 50 7 3 227 108 300 3 9 62 6 26 0 6 1 
3 29 1 2 156 6 204 0 1 50 0 22 1 0 0 
12 62 59 7 262 513 266 159 25 109 52 22 9 5 0 
2 20 0 1 117 0 85 0 0 18 0 9 0 1 0 
7 53 20 1 300 280 183 30 12 14 5 21 0 0 0 
10 80 39 6 314 542 447 80 21 106 32 36 8 15 0 
7 39 21 0 302 216 99 35 9 0 0 15 0 0 0 
8 76 25 3 295 414 470 39 20 68 16 43 1 5 0 
6 53 14 1 242 207 296 16 14 24 4 27 0 3 0 
14 76 83 8 363 821 272 274 24 109 85 25 4 5 1 
6 34 15 0 214 158 107 20 6 0 0 15 0 0 0 
4 36 5 1 167 74 235 2 3 24 2 24 0 2 0 
5 54 6 4 237 103 319 2 5 97 4 32 4 3 0 
9 53 31 5 230 311 211 56 5 95 22 19 5 4 1 
7 56 19 2 271 271 331 25 13 35 10 29 0 2 0 
5 40 10 0 254 142 164 10 9 0 0 26 0 0 0 
11 55 54 1 310 510 182 156 15 10 9 23 0 0 0 
6 30 14 1 197 128 88 16 5 10 4 6 0 1 0 
15 85 92 13 436 895 233 306 57 157 130 27 18 12 1 
16 66 116 4 378 860 190 505 41 46 54 31 1 1 0 
12 61 59 7 342 504 179 158 27 89 54 23 8 12 0 
7 56 19 2 293 264 314 26 11 42 8 35 1 4 0 
7 75 18 3 299 345 481 21 18 51 13 39 1 9 0 
12 85 59 7 324 752 470 155 30 111 60 42 5 6 0 
6 37 12 3 257 114 130 11 8 51 6 16 3 2 0 
11 57 47 8 311 436 184 107 14 94 45 18 12 6 1 
4 18 5 1 92 40 91 2 0 14 2 3 0 0 0 
5 46 7 3 206 107 229 4 16 37 3 20 3 4 0 
3 18 3 0 126 36 48 1 0 0 0 6 0 0 0 
4 29 5 1 169 60 135 2 1 21 2 18 0 2 0 
2 28 1 0 136 24 171 0 2 0 0 12 0 0 0 
4 23 6 0 144 65 62 4 2 0 0 11 0 0 0 
8 45 27 1 203 267 204 50 9 24 6 23 0 3 0 
2 14 1 0 106 12 50 0 1 0 0 8 0 0 0 
3 28 3 0 156 54 135 1 1 0 0 6 0 0 0 
3 26 1 2 164 12 123 0 3 24 0 13 1 5 0 
2 19 1 0 111 15 107 0 2 0 0 16 0 0 0 
2 22 1 0 144 22 96 0 0 0 0 14 0 0 0 
2 16 1 0 91 14 58 0 1 0 0 7 0 0 0 
5 40 8 2 222 113 164 5 1 35 4 11 1 5 0 
2 13 1 0 82 13 31 0 0 0 0 7 0 0 0 
4 25 5 1 131 49 117 2 2 16 2 10 0 3 0 
3 40 3 0 180 54 227 1 13 0 0 24 0 0 0 
3 17 3 0 100 34 48 1 0 0 0 4 0 0 0 
2 10 1 0 70 8 22 0 1 0 0 2 0 0 0 
2 12 1 0 96 12 32 0 0 0 0 7 0 0 0 
4 32 5 1 183 68 142 2 8 10 2 18 0 1 0 
2 16 0 1 68 0 89 0 0 16 0 3 0 0 0 
2 25 1 0 151 21 137 0 2 0 0 19 0 0 0 
2 22 1 0 145 18 117 0 2 0 0 18 0 0 0 
4 22 6 0 125 60 70 4 3 0 0 9 0 0 0 
2 24 0 1 127 0 127 0 0 24 0 9 0 0 0 
6 31 13 2 174 129 90 13 3 20 6 4 1 0 0 
5 46 9 1 191 139 259 7 9 23 3 19 0 2 0 
3 14 3 0 106 24 29 1 2 0 0 6 0 0 0 
4 44 5 1 203 97 233 2 3 27 2 18 0 1 0 
5 55 5 5 246 99 271 1 5 93 4 23 4 9 1 
17 77 123 13 370 1015 210 506 33 145 154 23 19 3 1 
10 53 41 4 287 400 198 90 15 39 28 17 2 4 0 
2 31 1 0 133 23 208 0 4 0 0 17 0 0 0 
17 95 120 16 311 1194 333 467 46 214 188 20 23 10 2 
3 28 2 1 146 35 133 0 1 15 1 14 0 2 0 
2 13 1 0 116 11 32 0 1 0 0 4 0 0 0 
3 17 3 0 120 32 44 1 1 0 0 10 0 0 0 
