0 27
0 32
0 38
0 42
0 52
1 38
1 52
2 5
2 12
2 22
2 26
2 35
3 7
3 9
3 17
3 19
3 22
3 23
3 25
3 26
3 36
3 41
3 54
3 56
3 58
4 5
4 45
5 15
5 16
5 33
5 45
5 54
5 59
6 11
6 17
6 19
6 26
6 38
6 51
7 9
7 17
7 18
7 38
7 39
7 40
7 44
7 45
7 58
8 19
8 38
9 12
9 30
9 45
10 17
10 22
11 15
13 14
13 41
14 22
14 33
14 38
14 43
15 19
15 29
16 23
16 43
17 24
17 33
17 34
17 54
17 59
18 19
18 37
18 54
19 22
19 25
19 26
19 27
19 30
19 34
19 35
19 36
19 37
19 38
19 41
19 43
19 44
19 47
19 48
19 50
19 57
19 58
19 59
20 38
20 52
21 27
21 36
21 53
22 29
22 36
22 38
22 56
23 33
23 49
24 52
25 27
25 42
25 54
25 56
25 57
26 29
26 31
26 33
26 34
26 44
26 52
27 38
27 40
27 47
27 51
28 38
28 45
28 53
29 55
31 33
31 50
32 44
32 54
32 57
33 36
33 38
33 40
33 42
33 45
33 53
34 46
35 46
37 43
39 45
40 50
40 52
40 61
40 70
41 51
41 54
41 56
41 81
41 84
41 94
41 96
42 43
42 44
42 75
42 79
43 54
43 55
43 96
44 60
45 49
45 50
45 57
45 66
45 89
45 93
45 96
46 49
46 52
46 61
46 74
47 60
47 65
48 50
48 57
48 59
48 93
49 75
49 76
49 77
49 90
49 93
49 96
50 52
50 64
51 82
51 93
52 88
52 91
52 93
53 88
53 91
53 94
54 59
54 61
54 63
54 78
54 92
54 94
54 96
55 58
55 59
55 62
55 63
55 66
55 70
55 78
55 83
55 87
55 89
55 91
55 94
55 95
55 96
56 61
56 63
56 65
56 73
56 74
56 78
56 86
56 96
57 61
57 85
58 60
58 93
58 98
59 60
59 69
59 73
59 75
59 87
59 93
60 93
60 97
61 63
61 67
61 71
61 92
61 96
61 99
62 81
62 83
62 86
63 71
64 67
64 94
65 80
65 96
67 68
67 75
68 70
68 80
68 86
68 88
68 93
68 96
68 98
69 77
71 96
72 86
72 96
75 93
76 88
77 93
77 99
79 90
79 94
82 88
82 94
82 96
84 93
85 96
88 94
89 90
89 93
89 99
91 96
92 93
92 94
92 96
93 95
93 96
93 97
94 97
