6 44 11 4 156 133 165 8 8 59 9 11 2 6 1 
3 34 2 1 119 35 169 0 4 21 1 17 0 2 0 
5 15 10 0 91 52 23 10 4 0 0 3 0 0 0 
4 42 5 1 155 97 280 2 5 19 2 24 0 0 0 
2 14 1 0 72 14 60 0 0 0 0 7 0 0 0 
3 8 3 0 50 16 9 1 0 0 0 0 0 0 0 
5 40 9 1 162 113 221 7 9 23 3 12 0 3 0 
17 54 123 13 255 708 95 503 28 96 160 13 16 2 1 
2 29 0 1 105 0 204 0 0 23 0 12 0 3 0 
4 28 5 1 118 58 146 2 0 22 2 14 0 2 0 
2 12 1 0 78 12 28 0 0 0 0 3 0 0 0 
3 23 3 0 109 40 115 1 3 0 0 14 0 0 0 
2 7 1 0 41 7 8 0 0 0 0 1 0 0 0 
2 10 1 0 72 10 21 0 0 0 0 3 0 0 0 
4 23 5 1 140 49 66 2 2 14 2 9 0 1 0 
4 27 6 0 115 75 184 4 3 0 0 11 0 0 0 
2 9 1 0 70 9 17 0 0 0 0 1 0 0 0 
6 33 15 0 171 155 144 20 5 0 0 19 0 0 0 
3 37 3 0 119 62 286 1 6 0 0 24 0 0 0 
21 75 199 11 292 1324 132 1136 42 82 179 14 15 5 0 
2 20 1 0 92 16 81 0 2 0 0 10 0 0 0 
3 13 3 0 85 24 23 1 1 0 0 9 0 0 0 
8 47 25 3 154 256 223 40 8 51 14 12 2 3 0 
4 14 6 0 114 40 26 4 1 0 0 6 0 0 0 
2 14 1 0 76 14 45 0 0 0 0 1 0 0 0 
6 48 13 2 193 173 222 13 9 43 6 16 1 3 0 
4 28 6 0 102 72 188 4 6 0 0 11 0 0 0 
9 55 28 8 181 278 238 41 11 128 31 12 11 6 1 
3 26 3 0 120 48 108 1 2 0 0 16 0 0 0 
4 27 6 0 131 73 111 4 4 0 0 7 0 0 0 
2 23 1 0 101 23 181 0 0 0 0 12 0 0 0 
2 9 1 0 71 7 16 0 1 0 0 2 0 0 0 
4 25 3 3 122 22 90 1 1 45 0 10 3 3 0 
3 26 3 0 121 46 108 1 3 0 0 16 0 0 0 
3 30 3 0 121 54 199 1 3 0 0 11 0 0 0 
3 29 3 0 103 52 195 1 3 0 0 11 0 0 0 
3 27 2 1 106 27 177 0 1 23 1 10 0 1 0 
2 8 1 0 91 6 15 0 1 0 0 1 0 0 0 
12 53 57 9 181 415 217 143 14 128 65 10 11 6 1 
2 26 0 1 98 0 146 0 0 22 0 14 0 2 0 
5 37 8 2 171 103 151 4 5 29 6 14 0 3 0 
8 51 26 2 189 295 298 45 12 36 10 18 1 1 0 
6 25 15 0 183 117 35 20 4 0 0 10 0 0 0 
7 58 20 1 188 308 364 30 6 26 5 22 0 1 0 
4 27 5 1 106 56 113 2 4 13 2 13 0 2 0 
13 66 71 7 227 638 272 216 14 116 64 23 5 5 1 
6 25 15 0 162 119 63 20 3 0 0 6 0 0 0 
5 48 8 2 177 132 282 5 7 36 4 22 1 5 0 
5 50 6 4 192 101 266 2 4 85 4 21 4 3 0 
9 51 31 5 159 301 207 56 3 93 22 12 5 4 1 
7 47 19 2 207 233 254 25 8 29 10 17 0 2 0 
5 37 10 0 200 132 152 10 8 0 0 24 0 0 0 
10 45 44 1 227 371 142 112 13 8 8 21 0 0 0 
4 11 6 0 87 31 10 4 1 0 0 1 0 0 0 
4 28 5 1 159 49 121 2 7 19 2 10 0 1 0 
15 49 101 4 237 611 134 404 15 45 50 14 1 0 0 
10 43 43 2 203 323 131 105 14 34 14 12 1 1 0 
8 56 24 4 224 284 294 34 12 70 20 18 2 7 0 
6 51 13 2 182 203 282 12 8 32 8 26 0 2 0 
10 61 40 5 215 449 329 84 9 72 32 18 4 5 0 
6 33 12 3 186 103 107 11 5 48 6 14 3 2 0 
4 29 6 0 146 81 137 4 3 0 0 14 0 0 0 
4 17 5 1 71 38 78 2 0 13 2 3 0 0 0 
3 24 3 0 96 40 121 1 4 0 0 6 0 0 0 
2 8 1 0 57 8 14 0 0 0 0 2 0 0 0 
4 28 5 1 145 59 129 2 1 21 2 10 0 1 0 
2 26 1 0 111 24 146 0 1 0 0 11 0 0 0 
3 12 3 0 79 22 24 1 1 0 0 3 0 0 0 
8 43 27 1 150 255 206 50 8 24 6 15 0 3 0 
2 12 1 0 81 10 33 0 1 0 0 6 0 0 0 
3 25 3 0 121 48 111 1 1 0 0 7 0 0 0 
2 18 1 0 95 14 111 0 2 0 0 10 0 0 0 
2 19 1 0 91 15 113 0 2 0 0 10 0 0 0 
2 18 1 0 102 18 65 0 0 0 0 7 0 0 0 
2 14 1 0 66 14 44 0 0 0 0 2 0 0 0 
5 36 8 2 162 99 142 5 1 33 4 9 1 5 0 
2 12 1 0 71 12 29 0 0 0 0 5 0 0 0 
4 24 5 1 107 48 116 2 1 16 2 10 0 3 0 
3 26 3 0 102 40 123 1 6 0 0 7 0 0 0 
3 8 3 0 47 16 11 1 0 0 0 0 0 0 0 
2 10 1 0 67 8 22 0 1 0 0 2 0 0 0 
2 10 1 0 66 10 21 0 0 0 0 3 0 0 0 
3 24 3 0 124 42 122 1 3 0 0 10 0 0 0 
2 15 0 1 51 0 76 0 0 15 0 3 0 0 0 
2 23 1 0 111 19 126 0 2 0 0 15 0 0 0 
2 23 1 0 127 19 127 0 2 0 0 14 0 0 0 
4 20 6 0 104 54 56 4 3 0 0 4 0 0 0 
2 21 0 1 89 0 99 0 0 21 0 7 0 0 0 
5 22 10 0 109 82 59 10 3 0 0 2 0 0 0 
2 26 0 1 110 0 146 0 0 22 0 14 0 2 0 
2 10 1 0 57 10 24 0 0 0 0 5 0 0 0 
4 40 5 1 142 88 211 2 2 26 2 11 0 1 0 
2 30 0 1 119 0 195 0 0 24 0 15 0 3 0 
17 66 123 13 245 879 179 506 21 133 154 13 19 1 1 
3 18 3 0 72 36 88 1 0 0 0 5 0 0 0 
2 30 1 0 107 24 194 0 3 0 0 17 0 0 0 
17 77 126 10 205 1033 245 540 27 139 131 10 8 3 1 
3 21 2 1 98 23 102 0 0 15 1 10 0 2 0 
2 12 1 0 90 10 28 0 1 0 0 3 0 0 0 
2 6 1 0 51 6 5 0 0 0 0 1 0 0 0 
