0 400 1345 1620 1114 2195 345 685 612 875 326 440 612 1524 1450 1496 1314 2025 2036 1555 448 1119 595 1672 1438 1430 635 675 1026 1952 840 1407 796 1165 1964 1662 1395 2139 135 330 2020 1475 110 1745 800 2030 2285 1396 1885 1795 3350 2585 2060 2523 2120 1670 1785 2320 2170 1910 1600 2195 2732 2435 879 1900 996 764 2965 1052 1230 1146 1424 1234 1428 455 972 2720 1644 708 1216 1354 1324 1388 912 892 2396 846 2750 1620 1065 1500 3145 1165 2645 718 1405 1833 1746 1866 
400 0 830 940 1406 1170 430 566 904 642 618 732 904 1816 872 1040 1168 1102 1310 914 740 1038 530 1128 1038 972 546 562 976 1268 1132 1230 694 758 1274 708 850 1718 346 622 1100 990 444 990 612 1104 514 990 1046 1118 1192 1326 424 854 1248 1068 1114 1264 1160 1164 932 1278 1766 1374 986 1350 1396 782 1030 1452 1220 1164 1824 1634 1258 582 1216 1760 1496 872 1060 1754 1062 1788 1312 1290 1598 1246 700 1048 1110 1094 1658 866 1166 1118 962 1622 1590 1644 
1345 830 0 1945 742 1030 1420 1760 1042 1731 388 870 372 1954 2525 1912 1236 2520 2896 2630 878 1764 750 1893 1804 2775 1710 1750 1671 2076 1228 1944 1664 2060 2824 1359 1550 2784 1210 760 3095 2570 1455 2820 1875 1195 2872 2256 2960 2105 2515 3660 3007 3562 2965 2765 2880 3365 3245 2745 2675 3290 3608 3280 1686 2776 1266 1840 4310 1386 1887 1803 1862 1568 1844 1800 1096 3440 2301 1515 1754 1792 2200 1826 1450 1330 3272 1180 3697 2965 1872 2376 4280 2510 3785 1256 2500 2640 2182 2523 
1620 940 1945 0 1264 4112 2034 1870 1152 1125 566 980 712 1568 2180 1588 1269 3213 2236 4342 988 1506 2451 1612 1604 1974 4106 3240 1836 2432 886 1818 1004 4972 3044 1818 395 2223 3598 430 3640 2990 2476 3016 1260 6377 3834 2056 2000 5967 5215 3540 6534 3904 3484 4488 2508 3460 2653 4632 2220 5229 2748 1655 1851 1916 1004 2060 5200 1060 1242 1158 1432 1138 1132 2075 1580 3120 1200 1680 1330 1362 1340 1396 1112 900 1804 854 3990 1930 1251 1516 3205 4423 4320 918 3799 2133 1642 1878 
1114 1406 742 1264 0 330 1144 890 1618 966 1130 1446 1114 1822 1126 874 742 992 1634 1000 1454 1584 1042 782 1882 1122 1260 1276 1202 1780 1218 1120 1018 648 1956 1498 1230 1736 1060 946 1192 852 1158 1008 936 302 1304 1360 1132 666 830 1670 1394 1364 1110 930 976 1170 1484 1026 1256 1140 1628 1236 1570 1212 1090 1366 1554 1314 1082 1026 1686 1496 1690 1166 920 1544 1358 1586 1584 1616 924 1650 1328 1154 1460 1108 1436 1026 1088 1012 1536 882 1438 1134 824 1638 2114 1506 
2195 1170 1030 4112 330 0 2724 2616 1316 1825 800 1210 784 1586 2225 1088 618 3024 2796 3144 1218 2022 3144 1069 1646 3101 4096 4160 1449 2900 888 1326 1564 1648 3328 1821 2485 2250 3296 710 3346 2464 3300 3088 2100 264 3204 2060 2005 1720 2079 3585 4637 3384 3120 2776 2960 3269 4414 3160 3060 3818 2784 2265 2001 1952 854 2260 5272 1078 1269 1185 1450 1260 1454 2325 684 2616 1683 2025 1348 1380 1376 1414 1092 918 2448 872 3682 1975 1278 1552 3250 2584 4432 898 2352 2103 1878 1905 
345 430 1420 2034 1144 2724 0 912 642 950 356 302 642 1554 1525 1220 1359 2520 2096 1452 478 1164 804 1732 1406 2130 348 900 1071 2012 702 1248 864 1488 1688 1542 1470 2055 252 360 2514 2184 546 2184 1050 2526 2646 1456 1540 2568 3910 2240 2376 3204 2958 2418 2556 3033 2694 2484 2010 3048 3008 2780 1086 2176 1134 1040 3972 1116 1437 1353 1562 1298 1566 800 1110 2996 1851 915 1354 1492 1600 1526 1050 1028 2672 910 3204 1965 1272 1776 3490 1812 3647 856 2100 2040 1782 2073 
685 566 1760 1870 890 2616 912 0 778 190 492 606 338 1690 1865 1828 1563 4227 1488 3960 614 1368 1818 2004 1604 3007 2648 1744 1275 2284 670 1656 256 3160 2296 1911 1330 2388 1100 56 2331 4536 1167 3608 138 2940 3240 1728 2300 4284 3906 3000 5162 3612 4145 4746 3960 2937 2260 4646 1098 6000 3280 2185 1290 2448 1270 1312 5976 1152 1506 1557 1698 1334 1506 1140 1206 3268 1761 1119 1490 1628 1872 1662 1186 724 2552 946 3798 2305 1476 2048 3830 4300 5785 992 4396 2010 1478 2277 
612 904 1042 1152 1618 1316 642 778 0 854 830 944 1116 2028 1084 772 1380 1080 1522 646 952 1250 742 1340 1942 1062 758 774 1188 1480 864 1442 906 970 1486 1190 1062 1532 558 834 1312 1202 656 1152 824 1316 1384 1006 778 1330 1596 1538 1328 1470 1258 1086 1208 1344 1316 990 1144 1490 1784 1384 1198 1498 1414 994 1798 1278 1238 1376 2036 1460 1922 794 1584 1868 1590 1084 1828 1966 1274 1806 1524 1370 1692 1072 1604 1182 1244 1362 1870 1078 1586 1330 1174 1834 2200 1790 
875 642 1731 1125 966 1825 950 190 854 0 568 682 262 1766 2055 1902 1677 2505 1640 2082 690 1482 1200 2156 1680 2305 1240 1280 1389 2436 594 1770 408 1770 2448 2025 1520 2502 740 132 1855 2350 985 2350 305 1660 2890 1880 2412 2570 2980 3190 2665 3128 2060 2545 2170 1935 1675 2350 1105 3070 3432 2375 1404 2600 1346 1464 3840 1228 1620 1671 1774 1410 1582 1330 1282 3420 1875 1233 1566 1704 2024 1738 1262 800 2704 1022 3355 2495 1590 2200 4020 2040 2880 1068 2280 2124 1554 2391 
326 618 388 566 1130 800 356 492 830 568 0 658 760 1742 798 966 1094 620 1236 840 666 964 88 1054 1510 898 472 488 902 826 1058 1156 620 684 1200 1294 408 1644 272 548 1026 916 370 916 538 866 1132 916 922 1044 1394 1252 1042 1184 798 806 984 1190 1086 710 858 1204 1504 924 912 1276 1134 708 1512 998 958 1090 1750 1180 1698 508 1298 1588 1366 798 1542 1680 988 1526 1238 1216 1468 792 1318 902 964 1076 1584 792 1126 1044 888 1548 1970 1510 
440 732 870 980 1446 1210 302 606 944 682 658 0 944 1856 912 912 1208 1142 1350 786 780 1078 570 1168 1708 1012 418 602 1016 1308 1004 1134 734 798 1146 1330 890 1672 386 662 1140 1030 484 1030 652 1144 1184 1030 918 1158 1592 1198 1094 1298 1288 1108 1154 1304 1200 1130 972 1318 1806 1414 1026 1390 1436 822 1626 1418 1260 1204 1864 1600 1868 622 1412 1800 1536 912 1656 1794 1102 1828 1352 1330 1638 1212 1370 1088 1150 1190 1698 906 1498 1158 1002 1662 2084 1684 
612 904 372 712 1114 784 642 338 1116 262 760 944 0 2028 1084 1200 1196 1264 1082 1074 952 1250 672 1236 1942 1184 758 774 1188 1410 856 1442 466 970 1486 1278 870 1930 558 394 1004 1202 656 1202 384 850 1418 1202 1206 1214 1378 1538 1328 1470 1086 1280 1130 1036 932 1202 704 1490 1978 1212 1198 1562 1608 994 1798 1490 1342 1376 2036 1672 1844 794 1468 1972 1512 1084 1828 1966 1274 2000 1524 1062 1614 1284 1604 1260 1322 1362 1870 1078 1414 1330 1174 1678 1816 1856 
1524 1816 1954 1568 1822 1586 1554 1690 2028 1766 1742 1856 2028 0 944 1670 1848 1290 2320 1544 1864 2162 1654 1808 2180 1296 1670 1686 2100 2052 1762 1910 1818 1438 2254 1900 1726 1790 1470 1746 1594 970 1516 1062 1736 1520 1706 1878 1412 1884 2048 1788 1616 2046 1468 1104 1150 1354 1926 1200 1698 1314 1802 1594 1782 1386 1432 1578 1728 1488 1256 1200 1860 1670 1864 1378 2138 1988 1532 1926 1758 1734 1098 1824 1528 1328 1634 1282 1892 1200 1262 1186 1710 1094 1732 1346 998 1850 2288 1680 
1450 872 2525 2180 1126 2225 1525 1865 1084 2055 798 912 1084 944 0 1500 1356 1360 2980 1560 920 1827 1775 1728 1434 1500 1815 1855 1734 2612 842 1449 1748 1235 2908 1752 2575 1269 1315 802 2120 825 1560 295 1980 2060 2525 1968 1665 2970 3380 2870 2300 3025 1805 895 1135 1948 2950 1135 2380 1545 2112 2120 1629 1380 686 1764 2580 742 765 756 1164 924 1168 1705 1442 2584 1254 1578 1062 1094 804 1078 844 632 1876 536 2990 1135 774 980 2535 995 2615 650 755 1731 1592 1476 
1496 1040 1912 1588 874 1088 1220 1828 772 1902 966 912 1200 1670 1500 0 1434 1120 2244 252 1088 2079 1756 2131 1450 1084 988 1820 1986 1844 344 1815 1940 1808 2240 1005 1656 1518 1388 970 2112 1400 1584 1264 1776 1220 1728 972 516 1948 2152 3012 1908 2768 1476 1132 1376 1648 1592 940 1936 1976 2528 1728 2001 1956 894 2260 2804 758 1077 1311 1534 940 1402 1860 1228 2853 1605 1830 1422 1464 1544 1286 1214 850 2344 552 2460 1324 1086 1720 2768 1536 2132 1020 1344 2286 1680 1905 
1314 1168 1236 1269 742 618 1359 1563 1380 1677 1094 1208 1196 1848 1356 1434 0 1131 2676 1623 1216 2019 1509 60 1644 1812 1533 1557 2067 2616 1300 1323 1755 615 2577 2439 1488 2544 1233 1098 1431 1542 1380 1452 1632 717 2220 2163 1584 1263 1509 2703 2334 1689 1398 1410 1728 2019 2355 1266 2013 1974 2457 1587 2193 2082 1266 1887 2415 1132 1638 1803 1862 1314 1866 1587 1096 2580 2301 2022 1640 1792 1650 1660 1504 1330 2454 926 1920 1554 1647 1782 2568 1587 1890 1310 1500 2721 2170 2466 
2025 1102 2520 3213 992 3024 2520 4227 1080 2505 620 1142 1264 1290 1360 1120 1131 0 2060 1993 1150 1920 3650 1428 890 1589 3649 3888 2079 2268 652 1224 1596 1548 1928 1467 2180 1731 3402 982 2578 1440 2857 1704 2654 3105 3000 1588 755 4743 4047 2845 4095 3180 801 837 1998 2940 3000 405 1764 2834 1768 760 1614 1360 514 1744 4088 378 507 741 1154 560 1158 1680 1308 2093 1239 1512 1052 1084 784 906 834 622 1856 172 2916 705 516 960 2510 1746 2277 640 1314 1716 1582 1335 
2036 1310 2896 2236 1634 2796 2096 1488 1522 1640 1236 1350 1082 2320 2980 2244 2676 2060 0 1992 1358 2484 2296 3488 1920 2256 2328 2360 2391 3772 1214 2769 1744 2748 3784 2310 2552 1425 1928 800 2820 2700 2124 2912 1580 2664 3468 2712 2256 3392 3720 3888 3468 3600 1704 2432 2548 2884 2676 2240 2220 2760 3828 1956 2406 3420 1544 2800 3952 1408 2052 2241 2184 1590 1988 2400 1950 4152 2484 2235 2006 2114 2844 1936 1864 1468 3516 1202 3292 2624 2061 3020 3496 2836 2360 1670 2644 3066 2222 2619 
1555 914 2630 4342 1000 3144 1452 3960 646 2082 840 786 1074 1544 1560 252 1623 1993 1992 0 962 1890 3410 2257 1324 1456 1840 3136 1797 2096 218 1626 1688 4950 1988 816 1755 1329 3820 844 3647 2950 2470 2024 2286 6480 2610 720 330 5310 3325 3450 5310 3990 4870 4066 3576 2443 2345 2224 2526 5417 2276 1845 1812 1704 768 2008 5104 632 888 1122 1408 814 1276 2010 1354 2601 1416 1641 1296 1338 1292 1160 1088 724 2092 426 3528 1340 897 1468 3145 5913 4780 894 5097 2097 1554 1716 
448 740 878 988 1454 1218 478 614 952 690 666 780 952 1864 920 1088 1216 1150 1358 962 0 1086 578 1176 1444 1020 594 610 1024 1316 1180 1278 742 806 1322 1114 898 1766 394 670 1148 1038 492 1038 660 1152 920 1038 1094 1166 1598 1374 830 1260 1296 1116 1162 1312 1208 1212 980 1326 1814 1422 1034 1398 1444 830 1436 1500 1268 1212 1872 1682 1664 630 1420 1808 1544 920 1466 1802 1110 1836 1360 1338 1646 1294 1106 1096 1158 1198 1706 914 1506 1166 1010 1670 1996 1692 
1119 1038 1764 1506 1584 2022 1164 1368 1250 1482 964 1078 1250 2162 1827 2079 2019 1920 2484 1890 1086 0 1314 1959 1264 1722 1338 714 1722 2421 1478 2112 1560 1404 2397 1401 1269 3096 1038 968 1521 1944 1185 2004 1437 1923 1110 1356 2088 1716 2127 2061 975 330 1752 2061 1941 2415 2259 2055 1917 2376 3000 1941 1998 1767 1702 1692 1056 1658 2028 2205 1986 1840 1484 1392 890 3033 2514 1827 734 2060 1956 2022 1618 1598 2100 1452 561 2031 2124 1731 2538 1758 1260 1424 1902 2556 1264 2925 
595 530 750 2451 1042 3144 804 1818 742 1200 88 570 672 1654 1775 1756 1509 3650 2296 3410 578 1314 0 1932 1568 2951 2065 1600 1221 1476 970 1602 1064 2682 2224 1809 800 2334 828 460 3283 4026 1261 3464 1350 3747 3132 1656 2210 4581 4653 2910 4452 3504 4243 4047 4060 3911 3612 3999 2310 5420 3184 2530 1236 2376 1222 1240 5832 1086 1569 1503 1662 1268 1610 1050 1210 3196 1917 1065 1454 1592 1800 1614 1150 1128 2760 880 3690 2215 1422 1976 3740 3756 5627 956 3900 2190 1882 2223 
1672 1128 1893 1612 782 1069 1732 2004 1340 2156 1054 1168 1236 1808 1728 2131 60 1428 3488 2257 1176 1959 1932 0 1604 2336 1964 1996 2118 3408 1340 1263 2260 740 3356 2499 1904 2565 1564 1058 1828 2068 1760 1964 2096 1135 2992 2852 2032 1716 2191 3524 3032 2172 1784 1800 2316 2724 3060 1608 2604 2644 3196 2036 2133 2788 1228 2436 3140 1092 1578 1812 1868 1274 1872 2036 1112 3391 2310 1962 1600 1798 2212 1620 1544 1336 3284 886 2480 1992 1587 2388 3436 2198 2440 1350 2012 2781 2130 2406 
1438 1038 1804 1604 1882 1646 1406 1604 1942 1680 1510 1708 1942 2180 1434 1450 1644 890 1920 1324 1444 1264 1568 1604 0 1344 1290 1600 1972 2024 1542 1706 1688 1234 1562 898 1762 2044 1384 1660 1414 1210 1482 1316 1650 1580 704 1684 1192 1342 1382 1930 614 1044 1068 1076 1334 1538 1706 980 1478 1498 1774 1194 1824 1570 1404 1620 1220 1268 1228 1384 2044 1450 1448 1420 1406 1858 1716 1898 1250 1974 1282 1796 1582 1512 1818 1062 890 1172 1234 1284 1894 1136 1356 1388 1182 1892 1780 1780 
1430 972 2775 1974 1122 3101 2130 3007 1062 2305 898 1012 1184 1296 1500 1084 1812 1589 2256 1456 1020 1722 2951 2336 1344 0 2744 2352 1884 2704 634 1905 1792 2793 2820 1440 1805 1815 2322 902 3445 1141 1848 1687 2676 2870 3018 1552 1370 4144 4718 2860 3206 3672 966 1414 511 2304 3801 1750 2994 2149 2204 1005 1605 1372 732 1732 3598 788 834 750 1160 866 860 1665 1438 2576 792 1434 1058 1090 796 1124 840 628 1260 582 3210 1250 843 972 2525 1379 2114 646 1043 1725 1588 1470 
635 546 1710 4106 1260 4096 348 2648 758 1240 472 418 758 1670 1815 988 1533 3649 2328 1840 594 1338 2065 1964 1290 2744 0 1664 1245 1928 586 1074 1096 3410 1456 1368 1760 1881 1942 476 3339 4416 1317 3406 1398 4936 2298 1456 1250 4940 4253 2530 3380 3318 4980 4120 4669 3731 3561 3640 2358 6273 3012 2765 1260 2408 1136 1272 5207 1000 1440 1527 1678 1182 1510 1090 1226 3192 1968 1089 1312 1608 1832 1528 1166 1092 2828 794 2856 2255 1446 2008 3780 4180 6544 972 4276 2214 1842 2247 
675 562 1750 3240 1276 4160 900 1744 774 1280 488 602 774 1686 1855 1820 1557 3888 2360 3136 610 714 1600 1996 1600 2352 1664 0 1269 2276 1002 1650 1128 2512 2288 1905 1800 2382 864 492 1883 3578 1373 3592 1446 3896 3228 856 2290 4302 4760 2245 4050 2736 3877 3842 3355 4023 3786 4164 2406 4825 3272 2685 1284 1840 1266 1304 5179 1322 1314 1551 1694 1504 1532 1130 1242 3260 1800 1113 1210 1624 1864 1658 1182 1160 2604 1116 2962 2295 1470 2040 3820 3274 5124 988 3466 2238 1740 2271 
1026 976 1671 1836 1202 1449 1071 1275 1188 1389 902 1016 1188 2100 1734 1986 2067 2079 2391 1797 1024 1722 1221 2118 1972 1884 1245 1269 0 2328 1416 2271 1467 1563 2337 2463 1701 3003 945 906 2076 1911 1092 1911 1344 1350 2172 1911 1995 1896 2142 2415 2037 1392 2298 2028 2097 2322 2166 2172 1824 2343 3075 2487 1905 2451 1680 1599 2118 1736 2256 2172 2108 1918 2112 1299 1518 3066 2670 1734 1442 2038 2019 2072 1596 1574 2823 1530 1623 1998 2091 2151 2913 1725 2322 1402 1869 2859 1972 2892 
1952 1268 2076 2432 1780 2900 2012 2284 1480 2436 826 1308 1410 2052 2612 1844 2616 2268 3772 2096 1316 2421 1476 3408 2024 2704 1928 2276 2328 0 1266 2520 2540 2668 3384 2388 2116 2874 1844 1198 2876 2164 2040 2376 2376 3032 3460 2816 2360 3388 3996 3800 3280 3668 2624 1896 2412 2820 3436 2088 3016 2740 3292 2876 2343 2884 1276 2716 3568 1332 1650 1884 1916 1514 1920 2316 1948 3905 2382 2172 1814 1846 2308 1668 1596 1384 3380 1126 3832 2088 1659 2484 3532 2300 3280 1402 2108 2859 2344 2478 
840 1132 1228 886 1218 888 702 670 864 594 1058 1004 856 1762 842 344 1300 652 1214 218 1180 1478 970 1340 1542 634 586 1002 1416 1266 0 1302 798 996 1212 762 920 1104 786 726 1148 792 884 724 716 954 956 578 350 1318 1168 1598 1046 1476 830 658 780 916 888 562 1036 1080 1356 956 1426 1070 986 1222 1494 850 810 966 1626 1032 1494 1022 1572 1440 1162 1312 1514 1556 864 1378 1306 942 1264 644 1322 754 816 952 1476 860 1158 1112 764 1616 1772 1362 
1407 1230 1944 1818 1120 1326 1248 1656 1442 1770 1156 1134 1442 1910 1449 1815 1323 1224 2769 1626 1278 2112 1602 1263 1706 1905 1074 1650 2271 2520 1302 0 1848 708 2166 2265 1581 2718 1326 1160 1524 1704 1473 1626 1725 1227 1974 2166 1677 1773 687 2592 1839 1782 1491 1503 1890 2196 2448 1359 2106 2136 2550 1680 1992 2244 1330 1980 2508 1194 1731 1965 1970 1376 1974 1680 1436 2676 2463 2115 1702 1900 1812 1722 1650 1438 2616 988 2013 1647 1740 1944 2730 1806 1983 1456 1662 2940 2232 2559 
796 694 1664 1004 1018 1564 864 256 906 408 620 734 466 1818 1748 1940 1755 1596 1744 1688 742 1560 1064 2260 1688 1792 1096 1128 1467 2540 798 1848 0 1520 2552 2082 1320 2580 696 184 1588 1908 884 1984 164 1432 2416 1984 1952 2160 2488 2656 2236 2520 1240 1968 1840 1140 1260 1776 804 2296 3364 1492 1476 2628 1312 1560 3168 1176 1698 1692 1788 1358 1634 1160 1334 3516 1953 1305 1614 1718 2052 1704 1310 596 2808 970 2788 2092 1662 2228 3032 1728 1896 1116 1852 2064 1514 2271 
1165 758 2060 4972 648 1648 1488 3160 970 1770 684 798 970 1438 1235 1808 615 1548 2748 4950 806 1404 2682 740 1234 2793 3410 2512 1563 2668 996 708 1520 0 2616 1983 1455 2010 2472 688 1904 3320 1890 2606 2034 2076 3708 2112 1615 3195 3059 3480 6393 2148 3802 3502 4888 3805 4204 3118 2796 5512 2456 1620 1578 2048 858 1696 4966 722 1023 1257 1498 904 1502 1620 964 2762 1755 1407 1230 1428 1472 1250 1178 966 2544 516 2610 1565 1032 1648 3370 4552 4250 984 3976 2232 1760 1851 
1964 1274 2824 3044 1956 3328 1688 2296 1486 2448 1200 1146 1486 2254 2908 2240 2577 1928 3784 1988 1322 2397 2224 3356 1562 2820 1456 2288 2337 3384 1212 2166 2552 2616 0 1578 2864 2820 1856 1204 3280 2568 2052 2780 2388 3308 1716 2708 2252 2992 3432 3480 1896 2756 2284 2300 2816 3224 3328 2108 3028 3144 3696 2536 2352 3288 1478 2728 3108 1342 1953 2187 2118 1524 1602 2328 1740 4021 2685 2181 1584 2048 2712 1870 1798 1586 3784 1136 2448 2492 1962 2888 3936 2704 2940 1604 2512 3162 2114 2781 
1662 708 1359 1818 1498 1821 1542 1911 1190 2025 1294 1330 1278 1900 1752 1005 2439 1467 2310 816 1114 1401 1809 2499 898 1440 1368 1905 2463 2388 762 2265 2082 1983 1578 0 1869 2145 1581 1330 1626 1395 1728 1575 1959 1794 291 1356 1014 1248 1578 2400 426 1071 1734 1476 1581 1863 1821 1332 2079 1620 2523 1923 2241 1935 1312 1935 1335 1176 1704 1656 1764 1358 938 1635 1076 2550 2154 2370 920 1694 1503 1704 1252 1232 2307 970 840 1482 1575 1431 2214 1209 1539 1058 1353 2343 1450 2169 
1395 850 1550 395 1230 2485 1470 1330 1062 1520 408 890 870 1726 2575 1656 1488 2180 2552 1755 898 1269 800 1904 1762 1805 1760 1800 1701 2116 920 1581 1320 1455 2864 1869 0 2382 1260 588 2815 1890 1505 2280 1445 2320 3410 2124 2085 3190 3640 3710 3185 2781 1735 2085 1440 2783 2290 2325 2245 2610 3064 2050 1716 2232 1162 1880 3645 1218 1479 1395 1590 1296 1290 1850 1530 3436 1437 1545 1488 1520 1656 1554 1270 1058 2120 1012 3166 2325 1488 1832 3600 2060 2555 1076 1820 2370 1800 2115 
2139 1718 2784 2223 1736 2250 2055 2388 1532 2502 1644 1672 1930 1790 1269 1518 2544 1731 1425 1329 1766 3096 2334 2565 2044 1815 1881 2382 3003 2874 1104 2718 2580 2010 2820 2145 2382 0 2058 1648 2187 1410 2139 1092 2457 2151 2430 1869 1527 2697 2754 2637 2295 2940 1998 1452 1596 1902 2334 1596 2343 1842 2499 2187 2544 1950 1296 2238 2463 1352 1680 1671 1774 1534 1778 1938 2052 2853 2169 2685 1672 1704 1518 1688 1454 1242 2322 1146 2709 1596 1689 1650 2436 1512 2484 1260 1368 2646 2202 2391 
135 346 1210 3598 1060 3296 252 1100 558 740 272 386 558 1470 1315 1388 1233 3402 1928 3820 394 1038 828 1564 1384 2322 1942 864 945 1844 786 1326 696 2472 1856 1581 1260 2058 0 276 2639 3644 617 2728 798 4548 2580 1288 1750 3999 4501 2450 4500 2952 5508 4818 5244 3267 3030 4992 1758 6292 2840 2570 960 2008 1050 872 5096 1106 1311 1227 1478 1288 1482 590 1026 2828 1725 789 1270 1408 1432 1442 966 944 2504 900 3138 1755 1146 1608 3280 4332 5919 772 4332 1914 1698 1947 
330 622 760 430 946 710 360 56 834 132 548 662 394 1746 802 970 1098 982 800 844 670 968 460 1058 1660 902 476 492 906 1198 726 1160 184 688 1204 1330 588 1648 276 0 722 920 374 920 102 644 1136 920 976 1008 1172 1256 1046 1188 804 998 848 754 650 920 422 1208 1696 930 916 1280 1326 712 1516 1208 1060 1094 1754 1390 1562 512 1262 1690 1230 802 1546 1684 992 1718 1242 780 1332 1002 1322 978 1040 1080 1588 796 1132 1048 892 1396 1534 1574 
2020 1100 3095 3640 1192 3346 2514 2331 1312 1855 1026 1140 1004 1594 2120 2112 1431 2578 2820 3647 1148 1521 3283 1828 1414 3445 3339 1883 2076 2876 1148 1524 1588 1904 3280 1626 2815 2187 2639 722 0 2768 3102 2981 2136 3115 2670 1932 1995 4389 2877 3590 2800 3690 3201 2299 3202 3950 4518 2443 3096 3262 2376 2450 2070 1968 818 2352 4616 874 507 1197 1458 1056 1462 2440 1508 2989 1695 1920 1314 1388 1392 1210 1138 926 2464 668 3228 1465 972 1568 3270 3004 4349 944 2670 2172 1844 1791 
1475 990 2570 2990 852 2464 2184 4536 1202 2350 916 1030 1202 970 825 1400 1542 1440 2700 2950 1038 1944 4026 2068 1210 1141 4416 3578 1911 2164 792 1704 1908 3320 2568 1395 1890 1410 3644 920 2768 0 2065 848 2730 2750 2208 1816 1105 4113 3773 2045 3230 3228 2490 670 900 2253 3411 1150 2184 2467 1664 1560 1218 832 462 1216 3032 518 429 345 890 700 894 1020 1168 2036 843 1434 788 764 256 854 558 358 1328 312 2766 575 438 432 1850 620 3810 376 140 1320 1318 1065 
110 444 1455 2476 1158 3300 546 1167 656 985 370 484 656 1516 1560 1584 1380 2857 2124 2470 492 1185 1261 1760 1482 1848 1317 1373 1092 2040 884 1473 884 1890 2052 1728 1505 2139 617 374 3102 2065 0 2443 1092 3069 2874 1484 1995 2632 4858 2695 3076 3246 2814 2338 2347 3266 3381 2632 2052 3073 2644 2325 813 1812 952 676 4163 1008 1164 1080 1380 1190 1384 345 928 2632 1578 642 1172 1310 1236 1344 868 848 2308 802 3432 1510 999 1412 3035 1727 3667 674 1967 1767 1702 1800 
1745 990 2820 3016 1008 3088 2184 3608 1152 2350 916 1030 1202 1062 295 1264 1452 1704 2912 2024 1038 2004 3464 1964 1316 1687 3406 3592 1911 2376 724 1626 1984 2606 2780 1575 2280 1092 2728 920 2981 848 2443 0 2730 2824 2676 1732 1370 4280 4319 2575 3208 3696 2416 960 1344 2799 3774 1344 2502 2249 1876 1825 1452 1144 568 1528 3656 624 588 579 1046 806 1050 1410 1324 2348 1077 1593 944 976 568 960 726 514 1640 418 3234 840 597 744 2240 1120 3714 532 736 1554 1474 1299 
800 612 1875 1260 936 2100 1050 138 824 305 538 652 384 1736 1980 1776 1632 2654 1580 2286 660 1437 1350 2096 1650 2676 1398 1446 1344 2376 716 1725 164 2034 2388 1959 1445 2457 798 102 2136 2730 1092 2730 0 1902 3378 1820 2235 2994 3486 3115 3108 3750 2233 2742 2514 2249 1644 2454 960 3594 3224 2070 1359 2540 1242 1404 4518 1106 1575 1626 1744 1288 1552 1255 1252 3360 1830 1188 1536 1674 1964 1634 1232 678 2644 900 3936 2420 1545 2140 3945 2358 3217 1038 2646 1941 1432 2346 
2030 1104 1195 6377 302 264 2526 2940 1316 1660 866 1144 850 1520 2060 1220 717 3105 2664 6480 1152 1923 3747 1135 1580 2870 4936 3896 1350 3032 954 1227 1432 2076 3308 1794 2320 2151 4548 644 3115 2750 3069 2824 1902 0 3006 2192 2170 1638 1848 3420 6026 3186 5955 4396 4044 3038 4249 4344 2862 5605 2652 2430 1902 1820 788 2128 5008 1012 1170 1086 1384 1194 1388 2160 618 2484 1584 1926 1282 1314 1244 1348 1026 852 2316 806 3484 1810 1179 1420 3085 4060 5870 832 3654 2004 1812 1806 
2285 514 2872 3834 1304 3204 2646 3240 1384 2890 1132 1184 1418 1706 2525 1728 2220 3000 3468 2610 920 1110 3132 2992 704 3018 2298 3228 2172 3460 956 1974 2416 3708 1716 291 3410 2430 2580 1136 2670 2208 2874 2676 3378 3006 0 2196 2301 1914 2574 3515 270 1560 3480 2442 2580 3564 4390 2730 4224 2658 3024 3215 1950 2192 1142 2192 2088 1198 1449 1365 1570 1380 744 2240 882 3012 1863 2079 726 1500 1616 1534 1058 1038 2688 992 1098 1985 1284 1520 3205 1836 2496 864 2124 2052 1256 1878 
1396 990 2256 2056 1360 2060 1456 1728 1006 1880 916 1030 1202 1878 1968 972 2163 1588 2712 720 1038 1356 1656 2852 1684 1552 1456 856 1911 2816 578 2166 1984 2112 2708 1356 2124 1869 1288 920 1932 1816 1484 1732 1820 2192 2196 0 984 2832 2620 2652 2376 2248 1944 1600 1844 2116 2060 1408 1856 2392 2996 2196 1926 984 1128 2160 2253 992 1428 1623 1742 1174 1636 1760 1670 3308 1956 1755 936 1672 1960 1520 1422 1084 2812 786 2556 1792 1437 2136 3184 1952 2600 1228 1760 2598 1526 2256 
1885 1046 2960 2000 1132 2005 1540 2300 778 2412 922 918 1206 1412 1665 516 1584 755 2256 330 1094 2088 2210 2032 1192 1370 1250 2290 1995 2360 350 1677 1952 1615 2252 1014 2085 1527 1750 976 1995 1105 1995 1370 2235 2170 2301 984 0 3080 2110 3150 2436 3405 1200 770 1415 1937 2005 530 1775 1825 2012 1515 1797 1604 636 1988 2860 500 690 924 1276 682 1280 1985 1486 2337 1422 1695 1174 1206 1028 1028 956 744 2100 294 3109 1010 699 1204 2815 1275 2020 762 1035 1899 1686 1518 
1795 1118 2105 5967 666 1720 2568 4284 1330 2570 1044 1158 1214 1884 2970 1948 1263 4743 3392 5310 1166 1716 4581 1716 1342 4144 4940 4302 1896 3388 1318 1773 2160 3195 2992 1248 3190 2697 3999 1008 4389 4113 2632 4280 2994 1638 1914 2832 3080 0 3122 4035 3594 3006 5445 4464 4671 4312 5523 4896 3954 5731 3380 3340 1410 2548 1152 1472 4971 1376 1716 1632 1748 1558 1382 1340 254 1756 2130 1653 1130 1678 1972 1712 1266 1216 3044 1170 2544 2325 1275 2148 3995 3812 6181 1072 3987 2364 1660 2163 
3350 1192 2515 5215 830 2079 3910 3906 1596 2980 1394 1592 1378 2048 3380 2152 1509 4047 3720 3325 1598 2127 4653 2191 1382 4718 4253 4760 2142 3996 1168 687 2488 3059 3432 1578 3640 2754 4501 1172 2877 3773 4858 4319 3486 1848 2574 2620 2110 3122 0 4740 2688 3594 4659 4034 4207 4886 5670 3794 4446 4781 3700 3625 1305 2876 1316 2407 4809 1344 1740 1878 1912 1526 1602 3303 1146 3540 2376 2718 1404 1842 2300 1872 1554 1380 3372 1138 3132 3120 1965 2476 4405 3878 5285 1360 3675 2796 1934 2598 
2585 1326 3660 3540 1670 3585 2240 3000 1538 3190 1252 1198 1538 1788 2870 3012 2703 2845 3888 3450 1374 2061 2910 3524 1930 2860 2530 2245 2415 3800 1598 2592 2656 3480 3480 2400 3710 2637 2450 1256 3590 2045 2695 2575 3115 3420 3515 2652 3150 4035 4740 0 3290 4061 3290 2380 2495 3308 4390 2620 3865 2905 3300 3605 2223 2468 1280 2556 3785 1336 1656 1572 1708 1518 1712 2695 1868 3376 2070 2259 1544 1582 1872 1672 1240 1176 2964 1130 3980 2440 1557 2068 3895 1985 3950 1046 2115 2325 2074 2292 
2060 424 3007 6534 1394 4637 2376 5162 1328 2665 1042 1094 1328 1616 2300 1908 2334 4095 3468 5310 830 975 4452 3032 614 3206 3380 4050 2037 3280 1046 1839 2236 6393 1896 426 3185 2295 4500 1046 2800 3230 3076 3208 3108 6026 270 2376 2436 3594 2688 3290 0 1290 5912 3982 4235 4237 5194 4510 3954 5221 2844 2990 1815 2012 1052 2012 2742 1108 1314 1230 1480 1290 834 2015 792 2832 1728 1944 636 1410 1436 1444 968 948 2508 902 828 1760 1149 1340 3285 2871 4330 774 3399 1917 1166 1950 
2523 854 3562 3904 1364 3384 3204 3612 1470 3128 1184 1298 1470 2046 3025 2768 1689 3180 3600 3990 1260 330 3504 2172 1044 3672 3318 2736 1392 3668 1476 1782 2520 2148 2756 1071 2781 2940 2952 1188 3690 3228 3246 3696 3750 3186 1560 2248 3405 3006 3594 4061 1290 0 2844 3462 3600 4638 5328 3450 4644 4092 3560 2685 2286 2155 1482 2696 1452 1438 1959 1875 1766 1620 1264 2914 670 3604 2373 1809 514 1840 2168 1802 1398 1378 2360 1232 462 2835 1794 1868 3680 2856 1860 1204 3144 2226 1044 2595 
2120 1248 2965 3484 1110 3120 2958 4145 1258 2060 798 1288 1086 1468 1805 1476 1398 801 1704 4870 1296 1752 4243 1784 1068 966 4980 3877 2298 2624 830 1491 1240 3802 2284 1734 1735 1998 5508 804 3201 2490 2814 2416 2233 5955 3480 1944 1200 5445 4659 3290 5912 2844 0 3140 2832 3062 3623 1734 2298 3291 2124 315 1848 1716 692 2100 4534 556 774 963 1332 738 1136 2125 1310 2448 1206 1371 1154 1262 1140 1084 1012 800 1812 350 2382 1150 783 1316 2240 4505 1640 818 3785 1788 1684 1341 
1670 1068 2765 4488 930 2776 2418 4746 1086 2545 806 1108 1280 1104 895 1132 1410 837 2432 4066 1116 2061 4047 1800 1076 1414 4120 3842 2028 1896 658 1503 1968 3502 2300 1476 2085 1452 4818 998 2299 670 2338 960 2742 4396 2442 1600 770 4464 4034 2380 3982 3462 3140 0 1548 2526 2959 576 1782 3261 1396 1225 1335 988 328 1372 3344 384 228 462 968 566 972 1215 1246 2009 960 1233 866 898 412 720 648 436 1484 178 3000 240 237 588 2045 1616 3460 454 848 1437 1396 1056 
1785 1114 2880 2508 976 2960 2556 3960 1208 2170 984 1154 1130 1150 1135 1376 1728 1998 2548 3576 1162 1941 4060 2316 1334 511 4669 3355 2097 2412 780 1890 1840 4888 2816 1581 1440 1596 5244 848 3202 900 2347 1344 2514 4044 2580 1844 1415 4671 4207 2495 4235 3600 2832 1548 0 2231 3828 2124 2556 2962 1912 1370 1404 1080 586 1464 3528 642 615 531 1014 720 714 1330 1292 2284 573 1620 912 944 504 978 694 482 968 436 3138 885 624 680 2160 1488 3823 500 912 1506 1442 1251 
2320 1264 3365 3460 1170 3269 3033 2937 1344 1935 1190 1304 1036 1354 1948 1648 2019 2940 2884 2443 1312 2415 3911 2724 1538 2304 3731 4023 2322 2820 916 2196 1140 3805 3224 1863 2783 1902 3267 754 3950 2253 3266 2799 2249 3038 3564 2116 1937 4312 4886 3308 4237 4638 3062 2526 2231 0 4326 2625 2958 2324 2320 2437 1710 1488 790 1872 4710 846 921 837 1218 1028 1222 2047 1486 2692 1335 1926 1116 1148 912 1182 898 26 1984 640 4234 1698 930 1088 2650 2491 4102 704 2155 1812 1646 1545 
2170 1160 3245 2653 1484 4414 2694 2260 1316 1675 1086 1200 932 1926 2950 1592 2355 3000 2676 2345 1208 2259 3612 3060 1706 3801 3561 3786 2166 3436 888 2448 1260 4204 3328 1821 2290 2334 3030 650 4518 3411 3381 3774 1644 4249 4390 2060 2005 5523 5670 4390 5194 5328 3623 2959 3828 4326 0 2685 684 4419 3040 2800 2181 2632 1150 2500 5375 1014 1461 1695 1790 1196 1794 2625 1800 3334 2193 2010 1474 1720 2056 1542 1408 1226 3128 808 5280 2295 1470 2232 4100 3367 4771 1214 3313 1803 884 2289 
1910 1164 2745 4632 1026 3160 2484 4646 990 2350 710 1130 1202 1200 1135 940 1266 405 2240 2224 1212 2055 3999 1608 980 1750 3640 4164 2172 2088 562 1359 1776 3118 2108 1332 2325 1596 4992 920 2443 1150 2632 1344 2454 4344 2730 1408 530 4896 3794 2620 4510 3450 1734 576 2124 2625 2685 0 1494 3405 1588 985 1479 1180 424 1564 3728 288 372 606 1064 470 1068 1455 1342 1913 1104 1377 962 994 604 816 744 532 1676 82 3186 480 381 780 2285 1788 2980 550 1212 1581 1492 1200 
1600 932 2675 2220 1256 3060 2010 1098 1144 1105 858 972 704 1698 2380 1936 2013 1764 2220 2526 980 1917 2310 2604 1478 2994 2358 2406 1824 3016 1036 2106 804 2796 3028 2079 2245 2343 1758 422 3096 2184 2052 2502 960 2862 4224 1856 1775 3954 4446 3865 3954 4644 2298 1782 2556 2958 684 1494 0 3048 2584 2230 1839 2176 922 2044 4290 786 1119 1353 1562 968 1566 2055 1572 2909 1851 1668 1460 1492 1600 1314 1242 998 2672 580 4680 1725 1128 1776 3530 2388 3282 1048 2100 1461 1112 1947 
2195 1278 3290 5229 1140 3818 3048 6000 1490 3070 1204 1318 1490 1314 1545 1976 1974 2834 2760 5417 1326 2376 5420 2644 1498 2149 6273 4825 2343 2740 1080 2136 2296 5512 3144 1620 2610 1842 6292 1208 3262 2467 3073 2249 3594 5605 2658 2392 1825 5731 4781 2905 5221 4092 3291 3261 2962 2324 4419 3405 3048 0 2240 1005 1650 1408 750 1792 4433 806 861 171 1178 988 1182 1740 1456 2048 1275 1866 1076 1108 832 1142 858 646 1904 600 3630 1295 870 1008 990 3262 4484 664 2734 1752 1606 549 
2732 1766 3608 2748 1628 2784 3008 3280 1784 3432 1504 1806 1978 1802 2112 2528 2457 1768 3828 2276 1814 3000 3184 3196 1774 2204 3012 3272 3075 3292 1356 2550 3364 2456 3696 2523 3064 2499 2840 1696 2376 1664 2644 1876 3224 2652 3024 2996 2012 3380 3700 3300 2844 3560 2124 1396 1912 2320 3040 1588 2584 2240 0 2376 2382 2384 1026 2768 2592 1082 1275 1509 1186 1264 1670 2368 1944 3405 2007 2280 1326 406 1808 22 1346 1134 1200 876 3252 1588 1284 1984 3032 1800 2780 1152 1608 2484 1856 2103 
2435 1374 3280 1655 1236 2265 2780 2185 1384 2375 924 1414 1212 1594 2120 1728 1587 760 1956 1845 1422 1941 2530 2036 1194 1005 2765 2685 2487 2876 956 1680 1492 1620 2536 1923 2050 2187 2570 930 2450 1560 2325 1825 2070 2430 3215 2196 1515 3340 3625 3605 2990 2685 315 1225 1370 2437 2800 985 2230 1005 2376 0 2037 1968 818 2352 3125 682 963 774 1458 864 1262 2440 1436 2574 1395 1560 1280 1388 1392 1210 1138 926 2064 476 2300 1465 972 1568 1995 1730 1135 944 1490 1977 1810 1152 
879 986 1686 1851 1570 2001 1086 1290 1198 1404 912 1026 1198 1782 1629 2001 2193 1614 2406 1812 1034 1998 1236 2133 1824 1605 1260 1284 1905 2343 1426 1992 1476 1578 2352 2241 1716 2544 960 916 2070 1218 813 1452 1359 1902 1950 1926 1797 1410 1305 2223 1815 2286 1848 1335 1404 1710 2181 1479 1839 1650 2382 2037 0 1758 1218 306 1719 1274 1563 1479 1646 1456 1650 606 1194 2373 1977 1455 1176 1576 1326 1610 1134 1114 2130 1068 2055 1305 1398 1458 2220 1032 1356 940 1176 2166 1706 2199 
1900 1350 2776 1916 1212 1952 2176 2448 1498 2600 1276 1390 1562 1386 1380 1956 2082 1360 3420 1704 1398 1767 2376 2788 1570 1372 2408 1840 2451 2884 1070 2244 2628 2048 3288 1935 2232 1950 2008 1280 1968 832 1812 1144 2540 1820 2192 984 1604 2548 2876 2468 2012 2155 1716 988 1080 1488 2632 1180 2176 1408 2384 1968 1758 0 822 1936 1270 878 969 885 1250 1060 1254 1536 1320 2756 1383 1974 444 1180 976 1214 930 718 2048 672 1847 1180 978 1152 2200 968 2264 736 776 1860 1034 1605 
996 1396 1266 1004 1090 854 1134 1270 1414 1346 1134 1436 1608 1432 686 894 1266 514 1544 768 1444 1702 1222 1228 1404 732 1136 1266 1680 1276 986 1330 1312 858 1478 1312 1162 1296 1050 1326 818 462 952 568 1242 788 1142 1128 636 1152 1316 1280 1052 1482 692 328 586 790 1150 424 922 750 1026 818 1218 822 0 1014 1164 712 480 636 1296 894 1300 814 1406 1302 968 1150 1194 1226 534 1048 976 764 1070 506 1328 424 486 622 1146 530 1020 782 434 1286 1724 1032 
764 782 1840 2060 1366 2260 1040 1312 994 1464 708 822 994 1578 1764 2260 1887 1744 2800 2008 830 1692 1240 2436 1620 1732 1272 1304 1599 2716 1222 1980 1560 1696 2728 1935 1880 2238 872 712 2352 1216 676 1528 1404 2128 2192 2160 1988 1472 2407 2556 2012 2696 2100 1372 1464 1872 2500 1564 2044 1792 2768 2352 306 1936 1014 0 1884 1070 1257 1173 1442 1252 1446 400 990 2756 1671 1149 972 1372 1360 1406 930 910 2432 864 2544 1332 1092 1536 2552 968 2324 736 1160 1860 1502 1893 
2965 1030 4310 5200 1554 5272 3972 5976 1798 3840 1512 1626 1798 1728 2580 2804 2415 4088 3952 5104 1436 1056 5832 3140 1220 3598 5207 5179 2118 3568 1494 2508 3168 4966 3108 1335 3645 2463 5096 1516 4616 3032 4163 3656 4518 5008 2088 2253 2860 4971 4809 3785 2742 1452 4534 3344 3528 4710 5375 3728 4290 4433 2592 3125 1719 1270 1164 1884 0 1220 1419 1398 1282 1402 1440 2510 846 3228 1896 2073 30 1522 1660 1318 1166 1060 1392 1014 990 2255 1446 1836 3605 2880 3523 972 2920 2214 560 2118 
1052 1452 1386 1060 1314 1078 1116 1152 1278 1228 998 1418 1490 1488 742 758 1132 378 1408 632 1500 1658 1086 1092 1268 788 1000 1322 1736 1332 850 1194 1176 722 1342 1176 1218 1352 1106 1208 874 518 1008 624 1106 1012 1198 992 500 1376 1344 1336 1108 1438 556 384 642 846 1014 288 786 806 1082 682 1274 878 712 1070 1220 0 536 692 1352 758 1356 870 1630 590 1024 1206 1250 1282 590 1104 1032 820 1126 370 1350 480 542 678 1202 586 884 838 490 1342 1780 1088 
1230 1220 1887 1242 1082 1269 1437 1506 1238 1620 958 1260 1342 1256 765 1077 1638 507 2052 888 1268 2028 1569 1578 1228 834 1440 1314 2256 1650 810 1731 1698 1023 1953 1704 1479 1680 1311 1060 507 429 1164 588 1575 1170 1449 1428 690 1716 1740 1656 1314 1959 774 228 615 921 1461 372 1119 861 1275 963 1563 969 480 1257 1419 536 0 690 1120 718 1124 957 1398 1689 1188 1461 976 1050 537 872 800 588 1341 330 1728 372 465 669 1455 531 1266 606 387 1665 1506 1284 
1146 1164 1803 1158 1026 1185 1353 1557 1376 1671 1090 1204 1376 1200 756 1311 1803 741 2241 1122 1212 2205 1503 1812 1384 750 1527 1551 2172 1884 966 1965 1692 1257 2187 1656 1395 1671 1227 1094 1197 345 1080 579 1626 1086 1365 1623 924 1632 1878 1572 1230 1875 963 462 531 837 1695 606 1353 171 1509 774 1479 885 636 1173 1398 692 690 0 1064 874 1068 873 1342 1566 1104 1695 962 994 453 1028 744 532 1257 486 1644 606 699 585 765 447 1419 550 303 1581 1492 720 
1424 1824 1862 1432 1686 1450 1562 1698 2036 1774 1750 1864 2036 1860 1164 1534 1862 1154 2184 1408 1872 1986 1662 1868 2044 1160 1678 1694 2108 1916 1626 1970 1788 1498 2118 1764 1590 1774 1478 1754 1458 890 1380 1046 1744 1384 1570 1742 1276 1748 1912 1708 1480 1766 1332 968 1014 1218 1790 1064 1562 1178 1186 1458 1646 1250 1296 1442 1282 1352 1120 1064 0 1534 1728 1242 2002 1852 1396 1790 1312 1592 962 1208 1404 1192 586 1146 1612 1064 1126 1050 1574 958 1606 1210 862 1714 1842 1544 
1234 1634 1568 1138 1496 1260 1298 1334 1460 1410 1180 1600 1672 1670 924 940 1314 560 1590 814 1682 1840 1268 1274 1450 866 1182 1504 1918 1514 1032 1376 1358 904 1524 1358 1296 1534 1288 1390 1056 700 1190 806 1288 1194 1380 1174 682 1558 1526 1518 1290 1620 738 566 720 1028 1196 470 968 988 1264 864 1456 1060 894 1252 1402 758 718 874 1534 0 1434 1052 1812 1348 1102 1388 1432 1464 772 1286 1214 1002 1204 552 1532 662 724 860 1384 768 1066 1020 672 1524 1962 1270 
1428 1258 1844 1132 1690 1454 1566 1506 1922 1582 1698 1868 1844 1864 1168 1402 1866 1158 1988 1276 1664 1484 1610 1872 1448 860 1510 1532 2112 1920 1494 1974 1634 1502 1602 938 1290 1778 1482 1562 1462 894 1384 1050 1552 1388 744 1636 1280 1382 1602 1712 834 1264 1136 972 714 1222 1794 1068 1566 1182 1670 1262 1650 1254 1300 1446 1440 1356 1124 1068 1728 1434 0 1246 1626 1856 1096 1794 1470 1658 966 1692 1408 1196 1198 1150 1110 1068 1130 1054 1578 962 1464 1214 866 1718 2000 1548 
455 582 1800 2075 1166 2325 800 1140 794 1330 508 622 794 1378 1705 1860 1587 1680 2400 2010 630 1392 1050 2036 1420 1665 1090 1130 1299 2316 1022 1680 1160 1620 2328 1635 1850 1938 590 512 2440 1020 345 1410 1255 2160 2240 1760 1985 1340 3303 2695 2015 2914 2125 1215 1330 2047 2625 1455 2055 1740 2368 2440 606 1536 814 400 2510 870 957 873 1242 1052 1246 0 790 2356 1371 849 1034 1172 960 1206 730 710 2032 664 2705 1165 792 1136 2690 710 2810 536 950 1560 1564 1593 
972 1216 1096 1580 920 684 1110 1206 1584 1282 1298 1412 1468 2138 1442 1228 1096 1308 1950 1354 1420 890 1210 1112 1406 1438 1226 1242 1518 1948 1572 1436 1334 964 1740 1076 1530 2052 1026 1262 1508 1168 928 1324 1252 618 882 1670 1486 254 1146 1868 792 670 1310 1246 1292 1486 1800 1342 1572 1456 1944 1436 1194 1320 1406 990 846 1630 1398 1342 2002 1812 1626 790 0 1132 1674 1356 876 1932 1240 1966 1520 1470 1542 1424 516 1166 1104 1328 1834 1074 982 1326 1140 1830 1406 1696 
2720 1760 3440 3120 1544 2616 2996 3268 1868 3420 1588 1800 1972 1988 2584 2853 2580 2093 4152 2601 1808 3033 3196 3391 1858 2576 3192 3260 3066 3905 1440 2676 3516 2762 4021 2550 3436 2853 2828 1690 2989 2036 2632 2348 3360 2484 3012 3308 2337 1756 3540 3376 2832 3604 2448 2009 2284 2692 3334 1913 2909 2048 3405 2574 2373 2756 1302 2756 3228 590 1689 1566 1852 1348 1856 2356 1132 0 2286 2616 1644 1782 2180 1694 1340 1320 3252 960 3296 2143 1698 2356 2832 1788 3078 1146 1980 2475 2174 846 
1644 1496 2301 1200 1358 1683 1851 1761 1590 1875 1366 1536 1512 1532 1254 1605 2301 1239 2484 1416 1544 2514 1917 2310 1716 792 1968 1800 2670 2382 1162 2463 1953 1755 2685 2154 1437 2169 1725 1230 1695 843 1578 1077 1830 1584 1863 1956 1422 2130 2376 2070 1728 2373 1206 960 573 1335 2193 1104 1851 1275 2007 1395 1977 1383 968 1671 1896 1024 1188 1104 1396 1102 1096 1371 1674 2286 0 2193 1294 1326 951 1360 1076 864 1299 818 2142 1104 1197 1083 1869 945 1698 882 801 2079 1824 1824 
708 872 1515 1680 1586 2025 915 1119 1084 1233 798 912 1084 1926 1578 1830 2022 1512 2235 1641 920 1827 1065 1962 1898 1434 1089 1113 1734 2172 1312 2115 1305 1407 2181 2370 1545 2685 789 802 1920 1434 642 1593 1188 1926 2079 1755 1695 1653 2718 2259 1944 1809 1371 1233 1620 1926 2010 1377 1668 1866 2280 1560 1455 1974 1150 1149 2073 1206 1461 1695 1790 1388 1794 849 1356 2616 2193 0 1412 1720 1542 1542 1296 1258 2346 1000 1578 1089 996 1674 2157 1275 879 1102 1392 2175 1942 2001 
1216 1060 1754 1330 1584 1348 1354 1490 1828 1566 1542 1656 1828 1758 1062 1422 1640 1052 2006 1296 1466 734 1454 1600 1250 1058 1312 1210 1442 1814 1514 1702 1614 1230 1584 920 1488 1672 1270 1546 1314 788 1172 944 1536 1282 726 936 1174 1130 1404 1544 636 514 1154 866 912 1116 1474 962 1460 1076 1326 1280 1176 444 1194 972 30 1250 976 962 1312 1432 1470 1034 876 1644 1294 1412 0 1552 860 1348 1196 1090 726 1044 360 932 994 948 1472 750 826 1002 760 1506 590 1442 
1354 1754 1792 1362 1616 1380 1492 1628 1966 1704 1680 1794 1966 1734 1094 1464 1792 1084 2114 1338 1802 2060 1592 1798 1974 1090 1608 1624 2038 1846 1556 1900 1718 1428 2048 1694 1520 1704 1408 1684 1388 764 1310 976 1674 1314 1500 1672 1206 1678 1842 1582 1410 1840 1262 898 944 1148 1720 994 1492 1108 406 1388 1576 1180 1226 1372 1522 1282 1050 994 1592 1464 1658 1172 1932 1782 1326 1720 1552 0 892 428 1322 1122 1006 1076 1686 994 1056 980 1504 888 1526 1140 792 1644 2082 1474 
1324 1062 2200 1340 924 1376 1600 1872 1274 2024 988 1102 1274 1098 804 1544 1650 784 2844 1292 1110 1956 1800 2212 1282 796 1832 1864 2019 2308 864 1812 2052 1472 2712 1503 1656 1518 1432 992 1392 256 1236 568 1964 1244 1616 1960 1028 1972 2300 1872 1436 2168 1140 412 504 912 2056 604 1600 832 1808 1392 1326 976 534 1360 1660 590 537 453 962 772 966 960 1240 2180 951 1542 860 892 0 926 642 430 1472 384 1860 604 546 576 1624 392 1288 448 200 1428 1390 1173 
1388 1788 1826 1396 1650 1414 1526 1662 1806 1738 1526 1828 2000 1824 1078 1286 1660 906 1936 1160 1836 2022 1614 1620 1796 1124 1528 1658 2072 1668 1378 1722 1704 1250 1870 1704 1554 1688 1442 1718 1210 854 1344 960 1634 1348 1534 1520 1028 1712 1872 1672 1444 1802 1084 720 978 1182 1542 816 1314 1142 22 1210 1610 1214 1048 1406 1318 1104 872 1028 1208 1286 1692 1206 1966 1694 1360 1542 1348 428 926 0 1368 1156 622 898 1648 816 878 1014 1538 922 1412 1174 826 1678 1878 1424 
912 1312 1450 1112 1328 1092 1050 1186 1524 1262 1238 1352 1524 1528 844 1214 1504 834 1864 1088 1360 1618 1150 1544 1582 840 1166 1182 1596 1596 1306 1650 1310 1178 1798 1252 1270 1454 966 1242 1138 558 868 726 1232 1026 1058 1422 956 1266 1554 1240 968 1398 1012 648 694 898 1408 744 1242 858 1346 1138 1134 930 976 930 1166 1032 800 744 1404 1214 1408 730 1520 1340 1076 1296 1196 1322 642 1368 0 872 1178 826 1244 628 690 730 1238 446 1286 698 542 1202 1726 1224 
892 1290 1330 900 1154 918 1028 724 1370 800 1216 1330 1062 1328 632 850 1330 622 1468 724 1338 1598 1128 1336 1512 628 1092 1160 1574 1384 942 1438 596 966 1586 1232 1058 1242 944 780 926 358 848 514 678 852 1038 1084 744 1216 1380 1176 948 1378 800 436 482 26 1226 532 998 646 1134 926 1114 718 764 910 1060 820 588 532 1192 1002 1196 710 1470 1320 864 1258 1090 1122 430 1156 872 0 966 614 1224 532 594 518 1042 426 1074 678 330 1182 1620 1012 
2396 1598 3272 1804 1460 2448 2672 2552 1692 2704 1468 1638 1614 1634 1876 2344 2454 1856 3516 2092 1646 2100 2760 3284 1818 1260 2828 2604 2823 3380 1264 2616 2808 2544 3784 2307 2120 2322 2504 1332 2464 1328 2308 1640 2644 2316 2688 2812 2100 3044 3372 2964 2508 2360 1812 1484 968 1984 3128 1676 2672 1904 1200 2064 2130 2048 1070 2432 1392 1126 1341 1257 586 1204 1198 2032 1542 3252 1299 2346 726 1006 1472 622 1178 966 0 920 2052 1676 1350 1648 2696 1464 2468 984 1272 2232 1256 1977 
846 1246 1180 854 1108 872 910 946 1072 1022 792 1212 1284 1282 536 552 926 172 1202 426 1294 1452 880 886 1062 582 794 1116 1530 1126 644 988 970 516 1136 970 1012 1146 900 1002 668 312 802 418 900 806 992 786 294 1170 1138 1130 902 1232 350 178 436 640 808 82 580 600 876 476 1068 672 506 864 1014 370 330 486 1146 552 1150 664 1424 960 818 1000 1044 1076 384 898 826 614 920 0 1144 274 336 472 996 380 678 632 284 1136 1574 882 
2750 700 3697 3990 1436 3682 3204 3798 1604 3355 1318 1370 1604 1892 2990 2460 1920 2916 3292 3528 1106 561 3690 2480 890 3210 2856 2962 1623 3832 1322 2013 2788 2610 2448 840 3166 2709 3138 1322 3228 2766 3432 3234 3936 3484 1098 2556 3109 2544 3132 3980 828 462 2382 3000 3138 4234 5280 3186 4680 3630 3252 2300 2055 1847 1328 2544 990 1350 1728 1644 1612 1532 1110 2705 516 3296 2142 1578 360 1686 1860 1648 1244 1224 2052 1144 0 2450 1563 1892 3295 2394 1398 1050 2682 1995 890 2364 
1620 1048 2965 1930 1026 1975 1965 2305 1182 2495 902 1088 1260 1200 1135 1324 1554 705 2624 1340 1096 2031 2215 1992 1172 1250 2255 2295 1998 2088 754 1647 2092 1565 2492 1482 2325 1596 1755 978 1465 575 1510 840 2420 1810 1985 1792 1010 2325 3120 2440 1760 2835 1150 240 885 1698 2295 480 1725 1295 1588 1465 1305 1180 424 1332 2255 480 372 606 1064 662 1068 1165 1166 2143 1104 1089 932 994 604 816 628 532 1676 274 2450 0 93 780 2285 455 1970 434 505 1407 1462 912 
1065 1110 1872 1251 1088 1278 1272 1476 1244 1590 964 1150 1322 1262 774 1086 1647 516 2061 897 1158 2124 1422 1587 1234 843 1446 1470 2091 1659 816 1740 1662 1032 1962 1575 1488 1689 1146 1040 972 438 999 597 1545 1179 1284 1437 699 1275 1965 1557 1149 1794 783 237 624 930 1470 381 1128 870 1284 972 1398 978 486 1092 1446 542 465 699 1126 724 1130 792 1104 1698 1197 996 994 1056 546 878 690 594 1350 336 1563 93 0 678 1464 366 1275 496 396 1500 1524 1005 
1500 1094 2376 1516 1012 1552 1776 2048 1362 2200 1076 1190 1362 1186 980 1720 1782 960 3020 1468 1198 1731 1976 2388 1284 972 2008 2040 2151 2484 952 1944 2228 1648 2888 1431 1832 1650 1608 1080 1568 432 1412 744 2140 1420 1520 2136 1204 2148 2476 2068 1340 1868 1316 588 680 1088 2232 780 1776 1008 1984 1568 1458 1152 622 1536 1836 678 669 585 1050 860 1054 1136 1328 2356 1083 1674 948 980 576 1014 730 518 1648 472 1892 780 678 0 1800 568 1864 536 376 1560 1478 1305 
3145 1658 4280 3205 1536 3250 3490 3830 1870 4020 1584 1698 1870 1710 2535 2768 2568 2510 3496 3145 1706 2538 3740 3436 1894 2525 3780 3820 2913 3532 1476 2730 3032 3370 3936 2214 3600 2436 3280 1588 3270 1850 3035 2240 3945 3085 3205 3184 2815 3995 4405 3895 3285 3680 2240 2045 2160 2650 4100 2285 3530 990 3032 1995 2220 2200 1146 2552 3605 1202 1455 765 1574 1384 1578 2690 1834 2832 1869 2157 1472 1504 1624 1538 1238 1042 2696 996 3295 2285 1464 1800 0 1980 2130 1044 1780 2322 2002 1143 
1165 866 2510 4423 882 2584 1812 4300 1078 2040 792 906 1078 1094 995 1536 1587 1746 2836 5913 914 1758 3756 2198 1136 1379 4180 3274 1725 2300 860 1806 1728 4552 2704 1209 2060 1512 4332 796 3004 620 1727 1120 2358 4060 1836 1952 1275 3812 3878 1985 2871 2856 4505 1616 1488 2491 3367 1788 2388 3262 1800 1730 1032 968 530 968 2880 586 531 447 958 768 962 710 1074 1788 945 1275 750 888 392 922 446 426 1464 380 2394 455 366 568 1980 0 4269 252 816 1134 1280 1167 
2645 1166 3785 4320 1438 4432 3647 5785 1586 2880 1126 1498 1414 1732 2615 2132 1890 2277 2360 4780 1506 1260 5627 2440 1356 2114 6544 5124 2322 3280 1158 1983 1896 4250 2940 1539 2555 2484 5919 1132 4349 3810 3667 3714 3217 5870 2496 2600 2020 6181 5285 3950 4330 1860 1640 3460 3823 4102 4771 2980 3282 4484 2780 1135 1356 2264 1020 2324 3523 884 1266 1419 1606 1066 1464 2810 982 3078 1698 879 826 1526 1288 1412 1286 1074 2468 678 1398 1970 1275 1864 2130 4269 0 1092 3789 1296 1356 1833 
718 1118 1256 918 1134 898 856 992 1330 1068 1044 1158 1330 1346 650 1020 1310 640 1670 894 1166 1424 956 1350 1388 646 972 988 1402 1402 1112 1456 1116 984 1604 1058 1076 1260 772 1048 944 376 674 532 1038 832 864 1228 762 1072 1360 1046 774 1204 818 454 500 704 1214 550 1048 664 1152 944 940 736 782 736 972 838 606 550 1210 1020 1214 536 1326 1146 882 1102 1002 1140 448 1174 698 678 984 632 1050 434 496 536 1044 252 1092 0 348 1008 1532 1030 
1405 962 2500 3799 824 2352 2100 4396 1174 2280 888 1002 1174 998 755 1344 1500 1314 2644 5097 1010 1902 3900 2012 1182 1043 4276 3466 1869 2108 764 1662 1852 3976 2512 1353 1820 1368 4332 892 2670 140 1967 736 2646 3654 2124 1760 1035 3987 3675 2115 3399 3144 3785 848 912 2155 3313 1212 2100 2734 1608 1490 1176 776 434 1160 2920 490 387 303 862 672 866 950 1140 1980 801 1392 760 792 200 826 542 330 1272 284 2682 505 396 376 1780 816 3789 348 0 1278 1290 1023 
1833 1622 2640 2133 1638 2103 2040 2010 1834 2124 1548 1662 1678 1850 1731 2286 2721 1716 3066 2097 1670 2556 2190 2781 1892 1725 2214 2238 2859 2859 1616 2940 2064 2232 3162 2343 2370 2646 1914 1396 2172 1320 1767 1554 1941 2004 2052 2598 1899 2364 2796 2325 1917 2226 1788 1437 1506 1812 1803 1581 1461 1752 2484 1977 2166 1860 1286 1860 2214 1342 1665 1581 1714 1524 1718 1560 1830 2475 2079 2175 1506 1644 1428 1678 1202 1182 2232 1136 1995 1407 1500 1560 2322 1134 1296 1008 1278 0 2036 2301 
1746 1590 2182 1642 2114 1878 1782 1478 2200 1554 1970 2084 1816 2288 1592 1680 2170 1582 2222 1554 1996 1264 1882 2130 1780 1588 1842 1740 1972 2344 1772 2232 1514 1760 2114 1450 1800 2202 1698 1534 1844 1318 1702 1474 1432 1812 1256 1526 1686 1660 1934 2074 1166 1044 1684 1396 1442 1646 884 1492 1112 1606 1856 1810 1706 1034 1724 1502 560 1780 1506 1492 1842 1962 2000 1564 1406 2174 1824 1942 590 2082 1390 1878 1726 1620 1256 1574 890 1462 1524 1478 2002 1280 1356 1532 1290 2036 0 1972 
1866 1644 2523 1878 1506 1905 2073 2277 1790 2391 1510 1684 1856 1680 1476 1905 2466 1335 2619 1716 1692 2925 2223 2406 1780 1470 2247 2271 2892 2478 1362 2559 2271 1851 2781 2169 2115 2391 1947 1574 1791 1065 1800 1299 2346 1806 1878 2256 1518 2163 2598 2292 1950 2595 1341 1056 1251 1545 2289 1200 1947 549 2103 1152 2199 1605 1032 1893 2118 1088 1284 720 1544 1270 1548 1593 1696 846 1824 2001 1442 1474 1173 1424 1224 1012 1977 882 2364 912 1005 1305 1143 1167 1833 1030 1023 2301 1972 0 
