0 27 0.74733
0 32 0.84956
0 38 0.98089
0 42 0.98398
0 52 0.56974
1 38 0.87137
1 52 0.83922
2 5 0.8441
2 12 0.86044
2 22 0.88915
2 26 0.67853
2 35 0.58336
3 7 0.85978
3 9 0.81523
3 17 0.51045
3 19 0.72732
3 22 0.64165
3 23 0.65082
3 25 0.51981
3 26 0.56535
3 36 0.94356
3 41 0.69439
3 54 0.78983
3 56 0.84167
3 58 0.67908
4 5 0.87751
4 45 0.88881
5 15 0.78652
5 16 0.84379
5 33 0.60826
5 45 0.9767
5 54 0.6663
5 59 0.50723
6 11 0.88884
6 17 0.59506
6 19 0.6808
6 26 0.95841
6 38 0.96992
6 51 0.59028
7 9 0.9732
7 17 0.53743
7 18 0.6868
7 38 0.92028
7 39 0.9797
7 40 0.72793
7 44 0.98355
7 45 0.76611
7 58 0.54249
8 19 0.73812
8 38 0.78002
9 12 0.90415
9 30 0.76285
9 45 0.56104
10 17 0.75073
10 22 0.9689
11 15 0.51843
13 14 0.55343
13 41 0.53045
14 22 0.6477
14 33 0.8085
14 38 0.79471
14 43 0.95796
15 19 0.95508
15 29 0.57136
16 23 0.98553
16 43 0.53245
17 24 0.59511
17 33 0.87168
17 34 0.53579
17 54 0.9355
17 59 0.96822
18 19 0.50338
18 37 0.54753
18 54 0.62207
19 22 0.6514
19 25 0.8426
19 26 0.8622
19 27 0.64859
19 30 0.92066
19 34 0.50535
19 35 0.78651
19 36 0.70948
19 37 0.59783
19 38 0.66919
19 41 0.71097
19 43 0.80321
19 44 0.67631
19 47 0.86531
19 48 0.95269
19 50 0.54853
19 57 0.71183
19 58 0.72622
19 59 0.83913
20 38 0.85189
20 52 0.63534
21 27 0.81712
21 36 0.62517
21 53 0.91981
22 29 0.68995
22 36 0.88159
22 38 0.93357
22 56 0.56888
23 33 0.86097
23 49 0.61699
24 52 0.75387
25 27 0.72482
25 42 0.79336
25 54 0.89868
25 56 0.94797
25 57 0.72931
26 29 0.53586
26 31 0.70155
26 33 0.53729
26 34 0.69548
26 44 0.57094
26 52 0.72275
27 38 0.9213
27 40 0.78911
27 47 0.83719
27 51 0.58893
28 38 0.74597
28 45 0.58752
28 53 0.56635
29 55 0.55041
31 33 0.81875
31 50 0.82417
32 44 0.97094
32 54 0.7503
32 57 0.77442
33 36 0.76909
33 38 0.84412
33 40 0.78622
33 42 0.69939
33 45 0.87079
33 53 0.70168
34 46 0.61719
35 46 0.9302
37 43 0.69576
39 45 0.63703
40 50 0.64123
40 52 0.65468
40 61 0.51749
40 70 0.87456
41 51 0.64363
41 54 0.62743
41 56 0.60949
41 81 0.67525
41 84 0.77974
41 94 0.67611
41 96 0.98994
42 43 0.71143
42 44 0.85755
42 75 0.95086
42 79 0.83734
43 54 0.68415
43 55 0.91218
43 96 0.93345
44 60 0.88132
45 49 0.86381
45 50 0.79383
45 57 0.6107
45 66 0.66136
45 89 0.6161
45 93 0.77029
45 96 0.79683
46 49 0.74178
46 52 0.96817
46 61 0.59861
46 74 0.68678
47 60 0.56641
47 65 0.8094
48 50 0.62642
48 57 0.65794
48 59 0.9231
48 93 0.53432
49 75 0.79026
49 76 0.90713
49 77 0.60339
49 90 0.62296
49 93 0.55502
49 96 0.56977
50 52 0.67243
50 64 0.60938
51 82 0.56034
51 93 0.65724
52 88 0.8987
52 91 0.72624
52 93 0.79687
53 88 0.94498
53 91 0.561
53 94 0.60849
54 59 0.85126
54 61 0.61845
54 63 0.95509
54 78 0.5587
54 92 0.59025
54 94 0.87861
54 96 0.75112
55 58 0.51383
55 59 0.96556
55 62 0.71157
55 63 0.77175
55 66 0.87789
55 70 0.94536
55 78 0.54163
55 83 0.69356
55 87 0.82369
55 89 0.96579
55 91 0.70588
55 94 0.58023
55 95 0.52019
55 96 0.96224
56 61 0.72948
56 63 0.54014
56 65 0.65482
56 73 0.69918
56 74 0.70267
56 78 0.85629
56 86 0.81333
56 96 0.94579
57 61 0.72938
57 85 0.99057
58 60 0.91743
58 93 0.53789
58 98 0.6001
59 60 0.80716
59 69 0.89419
59 73 0.81908
59 75 0.54435
59 87 0.97077
59 93 0.71162
60 93 0.51859
60 97 0.52689
61 63 0.84844
61 67 0.50028
61 71 0.95945
61 92 0.85042
61 96 0.51558
61 99 0.86257
62 81 0.84619
62 83 0.99208
62 86 0.76045
63 71 0.55497
64 67 0.92593
64 94 0.58488
65 80 0.83046
65 96 0.85384
67 68 0.55445
67 75 0.92801
68 70 0.55071
68 80 0.98933
68 86 0.71206
68 88 0.87747
68 93 0.69993
68 96 0.69388
68 98 0.77922
69 77 0.76548
71 96 0.927
72 86 0.76664
72 96 0.61448
75 93 0.89579
76 88 0.79925
77 93 0.59232
77 99 0.77749
79 90 0.7285
79 94 0.76658
82 88 0.56516
82 94 0.73852
82 96 0.964
84 93 0.82976
85 96 0.87779
88 94 0.82104
89 90 0.97802
89 93 0.93429
89 99 0.75697
91 96 0.93236
92 93 0.6589
92 94 0.6212
92 96 0.62434
93 95 0.90798
93 96 0.96554
93 97 0.67938
94 97 0.61361
