1 6 0.56031 6
1 21 0.73271 4
2 4 0.6316 3
2 7 0.70695 3
2 48 0.71307 5
2 59 0.706 7
3 12 0.7808 4
3 16 0.84758 4
3 36 0.95972 3
4 18 0.76169 6
4 39 0.91148 6
5 40 0.64184 2
5 46 0.97646 13
6 13 0.52944 10
6 23 0.96423 6
6 25 0.68834 6
6 35 0.65377 6
6 42 0.92227 9
6 45 0.50811 17
6 46 0.79734 17
6 47 0.94636 7
6 52 0.93957 12
7 12 0.98769 3
8 26 0.92601 6
8 39 0.88871 6
8 50 0.82103 5
9 18 0.9646 5
9 39 0.66208 6
10 45 0.7499 13
10 54 0.66482 6
11 13 0.82629 9
11 17 0.93782 6
11 26 0.54779 8
11 27 0.83285 5
11 39 0.57159 9
11 46 0.85502 16
11 52 0.70138 11
11 60 0.7548 9
12 18 0.69641 7
12 19 0.77169 4
12 45 0.56154 15
13 14 0.5399 7
13 17 0.58451 7
13 30 0.96161 6
13 35 0.6213 6
13 40 0.95266 6
13 49 0.94446 7
13 51 0.68121 10
13 58 0.98876 11
14 33 0.82151 3
14 39 0.82329 7
14 45 0.57966 14
15 17 0.99923 3
15 44 0.90531 4
16 32 0.78388 4
16 50 0.50185 6
16 54 0.58794 8
16 57 0.98987 6
16 60 0.79355 8
17 45 0.85209 14
18 33 0.53161 6
18 40 0.62841 6
18 44 0.5542 7
18 45 0.57091 17
18 46 0.84325 16
18 55 0.5712 6
19 38 0.55085 2
19 56 0.54524 7
20 36 0.50619 3
20 39 0.95194 7
20 45 0.93256 14
20 54 0.85068 7
21 31 0.61233 4
21 33 0.63113 4
21 53 0.90394 7
21 59 0.83565 8
21 60 0.82074 8
22 28 0.87545 2
22 45 0.60292 13
23 45 0.73324 14
23 59 0.75277 7
24 29 0.58652 2
24 46 0.85441 13
25 42 0.93373 5
26 41 0.5723 7
26 43 0.95196 7
26 44 0.85427 7
26 45 0.7714 17
26 46 0.52606 16
26 50 0.89343 8
26 55 0.50005 6
27 46 0.80163 13
27 52 0.98751 9
28 45 0.81759 14
28 46 0.64343 13
29 46 0.55993 13
29 57 0.85311 4
30 34 0.52999 2
30 60 0.65079 6
31 46 0.63798 13
32 42 0.65316 5
34 45 0.70832 13
35 45 0.96909 14
36 52 0.89137 9
37 45 0.74102 13
37 59 0.8986 6
38 45 0.98733 13
39 42 0.95451 9
39 46 0.72219 17
39 47 0.5974 7
39 54 0.71243 10
41 46 0.62283 15
41 56 0.76542 8
41 61 0.68696 6
41 64 0.70987 7
41 65 0.61998 9
42 44 0.98906 7
42 47 0.74334 7
42 48 0.7253 8
42 88 0.88422 7
42 99 0.95704 8
43 45 0.67225 15
43 52 0.90787 10
43 56 0.77149 8
43 76 0.67141 3
44 58 0.79134 9
44 64 0.81821 7
45 46 0.90144 24
45 47 0.75218 15
45 48 0.81094 16
45 52 0.57361 20
45 59 0.79858 18
45 60 0.89025 17
45 74 0.69559 16
45 80 0.56556 14
45 86 0.7629 19
46 48 0.58067 15
46 52 0.59195 19
46 53 0.5689 16
46 58 0.9059 18
46 63 0.75848 13
46 65 0.99538 18
46 75 0.95947 13
46 82 0.7208 14
46 85 0.86894 23
46 86 0.63392 19
46 87 0.99483 13
47 52 0.97708 10
48 65 0.901 9
48 66 0.81959 8
48 90 0.77541 6
49 58 0.98883 8
49 59 0.7564 7
49 79 0.57503 4
50 56 0.69203 9
50 57 0.85471 6
50 85 0.87682 14
50 94 0.62571 6
51 53 0.71593 9
51 57 0.76898 8
51 59 0.74752 10
51 60 0.5908 10
51 66 0.68425 9
51 67 0.74025 6
51 86 0.77553 12
51 92 0.70789 6
51 100 0.62677 8
52 54 0.58037 12
52 56 0.79325 13
52 58 0.79947 13
52 59 0.62695 13
52 77 0.62779 9
52 85 0.93681 18
52 97 0.62353 10
53 59 0.53072 10
53 65 0.67763 10
53 70 0.95701 6
53 80 0.5361 6
53 89 0.9543 6
53 98 0.83832 6
54 56 0.6956 10
54 58 0.88828 11
54 64 0.51183 9
54 73 0.98505 6
54 85 0.67443 16
55 57 0.98475 5
55 84 0.75683 3
56 72 0.66655 7
56 90 0.59026 8
56 94 0.5623 8
56 97 0.82919 8
56 100 0.91182 9
57 85 0.65588 14
58 73 0.56227 7
58 80 0.75473 7
58 84 0.92384 7
58 85 0.52271 17
58 86 0.57138 13
58 95 0.72348 7
59 78 0.87972 7
59 96 0.98957 7
60 76 0.54888 6
60 79 0.77829 7
60 85 0.81038 16
60 94 0.503 7
61 71 0.92497 5
61 73 0.81964 5
61 74 0.5531 7
61 93 0.80366 4
61 99 0.8617 7
61 100 0.62308 7
62 68 0.6958 2
62 85 0.53092 12
63 85 0.53188 12
63 99 0.72526 5
64 69 0.6868 5
64 79 0.7252 6
64 86 0.94686 11
64 89 0.68893 5
64 91 0.59701 5
65 71 0.86096 7
65 72 0.5883 7
65 74 0.84581 9
65 75 0.95914 7
65 77 0.70758 8
65 78 0.50912 7
65 82 0.50479 8
65 100 0.74278 9
66 81 0.92545 5
66 83 0.85285 5
66 84 0.57635 6
66 85 0.91506 15
66 86 0.53245 11
66 90 0.52594 7
66 95 0.64396 5
67 86 0.74141 8
68 85 0.60214 12
68 86 0.84821 8
69 86 0.64496 8
69 97 0.72431 4
70 74 0.60297 5
70 100 0.67588 5
71 86 0.94196 8
72 82 0.67233 3
74 85 0.67689 14
74 88 0.73778 6
74 97 0.75231 6
75 85 0.58414 12
77 85 0.87993 13
77 99 0.70435 6
78 85 0.66597 12
79 86 0.94938 9
81 96 0.83492 3
82 88 0.84487 4
83 85 0.70192 12
85 86 0.54523 18
85 87 0.55811 12
85 88 0.9573 13
85 92 0.66919 12
85 99 0.8101 15
85 100 0.74225 14
86 88 0.80538 9
86 98 0.53751 8
89 99 0.7179 5
90 96 0.75101 4
90 97 0.53129 5
91 99 0.7256 5
91 100 0.99219 5
93 99 0.79008 5
94 96 0.89663 4
94 98 0.60292 4
