1 6 0.56031 6
1 18 0.98576 9
1 21 0.73271 4
2 4 0.6316 3
2 7 0.70695 3
2 48 0.71307 5
2 59 0.706 7
3 12 0.7808 5
3 16 0.84758 5
3 18 0.61156 9
3 36 0.95972 3
4 18 0.76169 8
5 40 0.64184 3
5 46 0.97646 12
6 13 0.52944 7
6 23 0.96423 6
6 25 0.68834 5
6 35 0.65377 5
6 42 0.92227 8
6 45 0.50811 16
6 46 0.79734 16
6 47 0.94636 6
7 12 0.98769 4
8 26 0.92601 5
8 50 0.82103 4
9 18 0.9646 8
9 39 0.66208 2
10 45 0.7499 13
10 54 0.66482 4
11 13 0.82629 6
11 17 0.93782 5
11 26 0.54779 8
11 27 0.83285 4
11 46 0.85502 15
11 52 0.70138 7
11 60 0.7548 8
12 18 0.69641 10
12 19 0.77169 4
12 22 0.8344 5
12 45 0.56154 15
13 30 0.56226 4
13 40 0.95266 5
13 49 0.94446 5
13 58 0.98876 10
14 33 0.82151 2
14 45 0.57966 13
15 17 0.99923 2
15 44 0.90531 4
16 18 0.66142 11
16 32 0.78388 4
16 50 0.50185 7
16 54 0.58794 7
16 57 0.98987 6
16 60 0.79355 8
17 45 0.85209 13
18 24 0.95598 9
18 33 0.53161 9
18 40 0.89541 9
18 44 0.69731 10
18 45 0.57091 19
18 46 0.84325 19
18 51 0.53144 12
18 55 0.5712 10
18 58 0.87424 14
19 38 0.55085 2
19 56 0.54524 7
20 36 0.50619 3
20 39 0.95194 3
20 45 0.93256 14
20 54 0.85068 5
21 31 0.61233 4
21 33 0.63113 4
21 53 0.90394 7
21 59 0.83565 8
21 60 0.82074 8
22 28 0.87545 4
22 40 0.80973 4
22 45 0.59394 14
22 55 0.59859 5
23 45 0.73324 13
23 59 0.75277 7
24 29 0.58652 3
24 46 0.85441 13
25 42 0.93373 5
26 41 0.5723 6
26 43 0.95196 7
26 44 0.85427 7
26 45 0.7714 16
26 46 0.52606 16
26 50 0.89343 8
26 55 0.50005 7
27 46 0.80163 12
28 45 0.81759 13
28 46 0.64343 13
29 46 0.55993 13
29 57 0.85311 4
30 34 0.52999 2
30 60 0.65079 6
31 46 0.63798 12
32 42 0.65316 5
34 45 0.70832 13
35 45 0.96909 13
37 45 0.74102 13
37 59 0.8986 6
38 45 0.98733 13
39 46 0.72219 13
41 46 0.62283 13
41 56 0.76542 7
41 61 0.68696 5
42 44 0.98906 7
42 47 0.74334 6
42 48 0.7253 7
42 88 0.88422 6
42 99 0.95704 8
43 45 0.67225 14
43 52 0.90787 6
43 56 0.77149 8
43 76 0.67141 3
44 58 0.79134 10
44 84 0.64403 7
45 46 0.90144 23
45 47 0.75218 14
45 48 0.81094 15
45 52 0.57361 15
45 59 0.79858 17
45 60 0.89025 17
45 80 0.56556 13
45 86 0.7629 19
46 48 0.58067 15
46 53 0.5689 15
46 58 0.9059 18
46 63 0.75848 13
46 65 0.99538 12
46 75 0.95947 17
46 82 0.7208 13
46 85 0.86894 22
46 86 0.63392 18
46 87 0.99483 12
47 52 0.98563 5
48 66 0.81959 8
48 75 0.81563 9
48 90 0.77541 6
49 58 0.98883 9
49 59 0.7564 7
49 79 0.57503 3
50 56 0.69203 9
50 57 0.85471 6
50 85 0.87682 14
50 94 0.62571 6
51 53 0.71593 9
51 57 0.76898 8
51 59 0.74752 10
51 60 0.5908 10
51 66 0.68425 9
51 67 0.74025 6
51 86 0.77553 12
51 92 0.70789 6
51 100 0.62677 8
52 58 0.79947 10
52 59 0.71569 9
52 85 0.93681 14
53 59 0.53072 9
53 70 0.95701 5
53 80 0.5361 5
53 89 0.9543 5
53 98 0.83832 5
54 56 0.6956 9
54 58 0.88828 10
54 73 0.98505 5
54 85 0.67443 14
55 57 0.98475 5
55 84 0.75683 7
56 72 0.66655 6
56 84 0.68943 10
56 90 0.59026 8
56 94 0.5623 8
56 97 0.82919 7
56 100 0.91182 8
57 85 0.65588 14
58 73 0.56227 8
58 75 0.93473 12
58 80 0.75473 8
58 84 0.92384 11
58 85 0.52271 18
58 86 0.57138 14
58 95 0.72348 8
59 78 0.87972 6
59 96 0.98957 7
60 76 0.54888 6
60 79 0.77829 6
60 85 0.81038 16
60 94 0.503 7
61 71 0.92497 4
61 73 0.81964 5
61 75 0.52593 9
61 93 0.80366 4
61 99 0.8617 8
61 100 0.62308 6
62 68 0.6958 3
62 84 0.88177 6
62 85 0.53092 12
63 84 0.80435 6
63 85 0.53188 13
63 99 0.72526 6
64 69 0.6868 3
64 75 0.95396 7
64 86 0.94686 8
65 82 0.50479 3
66 81 0.92545 6
66 83 0.85285 6
66 84 0.75581 9
66 85 0.91506 15
66 86 0.53245 11
66 90 0.52594 7
66 95 0.64396 5
67 86 0.74141 8
68 85 0.60214 12
68 86 0.84821 8
69 86 0.64496 8
69 97 0.72431 3
70 74 0.60297 3
70 100 0.67588 4
71 86 0.94196 8
72 82 0.67233 3
74 75 0.67738 7
74 85 0.67689 12
75 81 0.90441 7
75 83 0.74322 7
75 84 0.50437 10
75 85 0.58414 16
75 99 0.50827 10
77 85 0.87993 12
77 99 0.70435 5
78 85 0.66597 12
79 86 0.94938 8
81 84 0.62204 6
81 96 0.83492 4
82 88 0.84487 4
83 85 0.70192 12
85 86 0.54523 18
85 87 0.55811 12
85 88 0.9573 13
85 92 0.66919 12
85 99 0.8101 15
85 100 0.74225 14
86 88 0.80538 9
86 98 0.53751 8
89 99 0.7179 5
90 96 0.75101 4
90 97 0.53129 4
91 99 0.7256 5
91 100 0.99219 4
93 99 0.79008 5
94 96 0.89663 4
94 98 0.60292 4
