-1 -13 -2 0 -63 -34 -80 -1 -3 0 0 -3 0 0 0 
0 1 0 0 17 3 1 0 0 0 0 0 0 0 0 
-1 -11 -1 -2 -55 -11 -61 0 0 -31 -2 -4 -1 -1 0 
1 3 2 0 24 19 -25 1 2 0 0 -2 0 0 0 
0 0 0 0 0 0 13 0 0 0 0 7 0 0 0 
1 14 5 4 55 86 70 7 5 72 22 7 5 6 2 
0 -1 0 0 -5 -1 -2 0 0 0 0 -2 0 0 0 
1 9 2 0 53 26 33 0 2 0 1 3 0 0 0 
0 1 0 0 3 -1 -26 0 1 0 0 -2 0 0 0 
0 4 0 0 26 2 39 0 1 0 0 5 0 0 0 
1 16 3 4 45 77 67 1 3 70 15 11 4 4 1 
-1 -6 -3 -2 -11 -20 -5 -3 -2 -37 -5 0 -2 -2 0 
4 12 28 2 119 203 13 80 11 13 20 4 0 1 0 
2 19 5 0 82 93 88 4 7 0 0 7 0 0 0 
0 1 0 0 5 1 3 0 0 0 0 -1 0 0 0 
-1 -10 -5 -1 -46 -65 -56 -9 -5 -13 -6 -1 0 -1 0 
1 9 2 1 47 37 45 1 3 14 2 6 0 0 0 
-6 -25 -64 -5 -53 -606 -23 -300 -23 -60 -65 2 -6 -5 0 
0 -1 0 0 4 -2 -5 0 0 0 0 1 0 0 0 
0 10 -1 1 47 4 58 -2 5 16 2 6 0 0 0 
0 0 0 0 9 1 4 0 -1 1 0 1 0 0 0 
-3 -9 -8 -1 -45 -73 26 -5 -6 -21 -4 2 -1 -1 0 
0 2 0 0 31 -1 25 0 1 1 0 3 0 1 0 
-1 -11 -1 -1 -50 -14 -43 0 0 -27 0 6 -1 -2 0 
0 2 0 0 21 0 8 0 0 2 0 5 0 0 0 
0 5 0 0 39 27 43 0 2 1 0 4 0 4 0 
1 12 0 2 87 0 53 0 0 40 0 13 0 5 1 
0 -1 0 0 6 -2 32 0 0 0 0 7 0 0 0 
0 0 0 0 -9 0 13 0 0 2 0 8 0 -1 0 
0 4 0 0 13 6 24 0 1 0 0 2 0 0 0 
0 1 0 0 6 1 15 0 0 0 0 7 0 0 0 
0 0 0 0 -1 0 2 0 0 0 0 0 0 0 0 
0 -4 0 0 -4 -6 -55 0 -1 0 0 -5 0 0 0 
0 1 0 0 13 1 22 0 0 0 0 1 0 0 0 
1 9 1 1 46 27 46 0 2 14 0 4 1 1 0 
1 13 2 0 96 28 71 1 2 0 0 18 0 0 0 
0 1 0 0 19 0 21 0 0 1 0 1 0 0 0 
0 1 0 0 8 1 22 0 0 0 0 1 0 0 0 
7 30 39 3 174 364 55 95 20 40 24 15 0 4 0 
-1 -6 -3 0 -32 -28 -38 -3 -4 0 0 -5 0 0 0 
2 17 8 1 57 126 59 11 8 23 4 7 1 4 0 
1 9 7 1 63 89 28 20 1 10 7 2 1 1 0 
0 7 -1 1 32 -4 59 -2 1 22 1 9 1 4 0 
0 -4 2 -2 3 18 -41 7 2 -38 -6 -2 -1 -2 0 
1 9 23 1 77 255 -10 248 7 34 17 12 9 3 2 
1 6 16 7 26 150 -10 111 11 71 111 0 29 2 2 
1 16 2 2 64 47 92 0 7 37 4 13 1 2 1 
0 4 0 0 11 26 60 0 -3 -2 0 -2 0 3 0 
0 3 0 0 18 5 4 0 1 2 0 -1 0 0 0 
0 0 0 0 16 -2 -6 0 1 0 0 2 0 0 0 
0 -3 0 0 -2 -20 -41 0 -4 1 0 -3 0 0 0 
8 33 69 15 32 736 87 232 15 244 154 -13 29 14 5 
1 11 7 1 38 97 43 19 4 24 9 3 0 4 0 
3 19 20 4 81 235 36 52 10 66 29 6 3 3 1 
-1 -16 -4 0 -57 -69 -85 -6 -9 0 0 -11 0 0 0 
0 9 -3 3 85 33 40 -23 5 41 19 11 4 3 0 
0 -2 0 0 -15 -3 -6 0 -3 -1 0 -1 0 0 0 
-2 -6 -21 -4 18 -189 24 -87 -8 -45 -47 11 -11 0 1 
0 11 0 0 51 91 81 0 3 9 0 13 0 2 0 
0 2 0 0 28 18 21 0 0 0 0 5 0 0 0 
0 1 1 -1 36 9 -2 4 6 -13 -3 -6 -1 -1 0 
-1 -8 -2 0 -32 -29 -24 0 -4 0 -1 -4 0 0 0 
-1 -8 -3 0 -17 -55 -14 -1 -8 0 -2 1 0 0 0 
5 14 24 1 115 191 5 45 5 12 9 -2 1 0 0 
10 33 60 5 249 440 8 171 33 81 38 6 11 3 0 
0 -7 1 -1 -10 -24 -21 7 -11 -6 -7 0 0 -2 0 
0 0 0 0 3 0 -1 0 0 0 0 1 0 0 0 
0 -1 0 0 6 -1 -1 0 0 -1 0 1 0 0 0 
0 7 0 0 35 9 19 0 0 3 0 1 0 1 0 
0 6 0 0 54 4 25 0 4 0 0 1 0 0 0 
1 11 2 0 51 33 49 1 4 0 0 6 0 0 0 
1 9 1 1 60 15 37 0 2 10 1 6 0 1 0 
0 1 0 0 17 3 0 0 -1 -1 0 -3 0 1 0 
4 39 18 0 122 318 293 30 23 0 4 26 0 -3 0 
-8 -22 -44 -8 -56 -463 46 -92 -16 -121 -57 11 -14 -6 -1 
0 0 0 0 9 0 -1 0 0 0 0 1 0 0 0 
2 22 4 1 118 78 91 1 6 26 2 17 1 2 0 
1 11 2 0 58 41 49 1 6 0 0 6 0 0 0 
1 5 2 1 28 22 4 1 0 16 2 -1 0 1 0 
0 0 0 0 16 2 9 0 -1 0 0 -2 0 0 0 
-2 -14 -3 -2 -92 -30 -35 -1 -3 -26 -2 -9 -1 -1 0 
0 11 -1 1 39 11 56 -1 1 12 0 4 1 4 0 
-1 -8 -1 -1 -44 -10 -16 0 -3 -19 0 -1 -1 -4 0 
-6 -28 -29 -4 -154 -269 -69 -58 -18 -45 -22 -10 -3 -3 0 
0 7 0 0 61 100 39 -4 11 21 9 6 -6 2 1 
0 6 -1 1 36 64 33 -11 1 10 10 2 1 1 0 
0 1 0 0 14 0 16 0 0 -1 0 5 0 1 0 
1 5 3 1 68 35 -4 3 2 23 2 2 1 0 0 
1 7 2 0 40 27 20 1 1 0 0 1 0 0 0 
0 2 0 0 24 8 2 0 -1 0 0 1 0 1 0 
1 7 2 0 41 25 19 1 1 0 0 0 0 0 0 
0 0 0 0 4 0 0 0 0 0 0 0 0 0 0 
0 -1 0 0 -2 0 -5 0 0 1 0 -1 0 -1 0 
0 0 0 0 10 0 -3 0 0 0 0 3 0 0 0 
0 -2 0 0 -13 -2 -18 0 0 0 0 -5 0 0 0 
0 -2 0 0 -1 -6 -1 0 0 0 0 -2 0 0 0 
2 18 6 1 159 76 68 5 2 16 3 17 1 2 0 
0 1 0 0 17 2 5 0 0 0 0 2 0 0 0 
-1 -2 -6 -2 21 -19 2 -15 -1 -28 -9 1 -4 -3 0 
1 12 6 0 41 91 48 15 15 0 0 8 0 0 0 
