3 27 3 0 158 48 115 1 3 0 0 14 0 0 0 
4 18 6 0 135 52 52 4 1 0 0 8 0 0 0 
4 22 4 2 133 33 76 1 0 31 2 6 1 1 0 
2 17 1 0 103 17 87 0 0 0 0 7 0 0 0 
2 25 1 0 129 23 213 0 1 0 0 21 0 0 0 
9 54 30 6 226 310 379 50 6 96 26 23 8 7 0 
2 8 1 0 57 8 10 0 0 0 0 3 0 0 0 
2 12 0 1 99 0 24 0 0 12 0 7 0 0 0 
2 16 1 0 109 14 85 0 1 0 0 7 0 0 0 
2 29 1 0 141 27 248 0 1 0 0 20 0 0 0 
7 49 19 2 294 211 249 26 18 43 8 24 1 2 0 
6 41 12 3 160 128 264 10 3 65 8 17 2 3 0 
6 33 14 1 208 139 94 16 6 14 4 20 0 0 0 
2 25 1 0 109 23 236 0 1 0 0 18 0 0 0 
2 7 1 0 75 7 9 0 0 0 0 2 0 0 0 
7 40 19 2 260 190 137 25 13 20 10 9 0 2 0 
3 30 3 0 135 52 248 1 4 0 0 20 0 0 0 
15 87 98 7 293 1011 472 371 34 117 77 30 7 11 0 
3 16 3 0 99 30 50 1 1 0 0 5 0 0 0 
4 32 6 0 161 92 249 4 2 0 0 20 0 0 0 
6 29 14 1 204 120 86 16 5 13 4 3 0 1 0 
5 33 8 2 169 73 210 5 6 43 4 15 1 2 0 
3 37 1 2 148 16 252 0 0 48 0 15 1 5 0 
3 34 1 2 169 14 247 0 0 50 0 21 1 2 0 
2 13 0 1 74 0 32 0 0 11 0 4 0 1 0 
9 64 31 5 280 364 394 53 17 100 27 27 4 7 0 
2 26 0 1 134 0 201 0 0 24 0 19 0 1 0 
3 45 1 2 177 24 398 0 0 54 0 25 1 6 0 
3 27 2 1 161 30 199 0 1 20 1 21 0 1 0 
3 15 3 0 127 26 45 1 2 0 0 1 0 0 0 
2 27 1 0 134 25 219 0 1 0 0 22 0 0 0 
2 13 1 0 69 13 32 0 0 0 0 4 0 0 0 
3 20 3 0 131 36 93 1 2 0 0 8 0 0 0 
2 25 1 0 104 23 236 0 1 0 0 18 0 0 0 
2 29 0 1 124 0 236 0 0 23 0 16 0 3 0 
2 6 1 0 52 6 4 0 0 0 0 2 0 0 0 
2 31 0 1 119 0 250 0 0 27 0 17 0 2 0 
2 25 1 0 105 23 236 0 1 0 0 18 0 0 0 
3 26 3 0 147 48 213 1 2 0 0 21 0 0 0 
4 24 6 0 156 62 97 4 5 0 0 10 0 0 0 
4 44 5 1 198 96 267 2 4 24 2 24 0 2 0 
8 31 26 2 243 193 57 45 5 12 10 15 1 1 0 
5 44 8 2 209 114 267 5 4 48 4 19 1 3 0 
6 47 13 2 253 181 180 13 6 38 6 23 1 2 0 
24 93 258 18 308 1828 330 1663 50 193 326 23 35 9 0 
23 109 232 21 272 1970 455 1374 40 314 355 26 40 17 2 
4 38 3 3 185 47 238 0 1 53 2 12 2 6 0 
7 71 18 3 277 321 467 21 12 67 13 38 1 7 0 
4 28 5 1 173 64 101 2 2 16 2 17 0 0 0 
7 47 17 4 210 210 238 16 11 50 18 25 1 0 0 
10 67 42 3 367 493 252 97 33 40 22 22 1 2 0 
7 72 17 4 292 290 462 18 18 90 14 39 3 8 0 
8 49 26 2 250 293 270 45 11 28 10 26 1 0 0 
7 52 19 2 253 251 282 26 9 35 8 26 1 4 0 
5 39 10 0 232 130 143 10 13 0 0 20 0 0 0 
11 41 53 2 242 376 66 147 11 12 18 13 0 0 0 
6 44 13 2 222 161 223 13 13 33 6 26 1 0 0 
14 92 78 13 333 877 432 230 31 231 114 25 18 13 2 
11 53 50 5 266 422 237 124 10 82 37 16 4 3 0 
10 79 45 0 290 643 500 120 34 0 0 47 0 0 0 
7 26 19 2 190 123 53 26 6 19 8 12 1 1 0 
3 29 2 1 140 29 196 0 4 19 1 22 0 1 0 
4 55 4 2 209 83 396 1 8 54 2 34 1 6 0 
3 23 2 1 156 27 92 0 3 13 1 19 0 0 0 
2 23 0 1 111 0 191 0 0 23 0 20 0 0 0 
9 57 31 5 288 322 267 51 24 72 31 22 2 7 0 
2 20 0 1 140 0 85 0 0 18 0 9 0 1 0 
3 32 1 2 162 13 218 0 0 43 0 19 1 4 0 
3 15 2 1 111 17 57 0 0 13 1 10 0 0 0 
3 14 3 0 119 24 29 1 2 0 0 3 0 0 0 
2 19 1 0 115 19 81 0 0 0 0 12 0 0 0 
2 13 1 0 64 13 45 0 0 0 0 3 0 0 0 
3 23 2 1 149 27 78 0 1 15 1 13 0 1 0 
3 31 2 1 149 31 207 0 1 21 1 20 0 4 0 
11 73 45 10 257 485 367 92 20 175 57 21 15 15 1 
2 13 1 0 119 11 40 0 1 0 0 2 0 0 0 
2 27 0 1 107 0 192 0 0 23 0 19 0 2 0 
2 31 1 0 138 29 230 0 1 0 0 25 0 0 0 
3 25 3 0 184 42 106 1 4 0 0 11 0 0 0 
3 43 3 0 214 72 319 1 7 0 0 33 0 0 0 
4 25 4 2 157 39 62 1 4 26 2 13 1 1 0 
4 25 5 1 152 50 192 2 2 21 2 21 0 0 0 
3 35 1 2 165 10 207 0 3 44 0 21 1 5 0 
9 50 32 4 301 307 142 59 21 45 22 23 3 3 0 
22 89 211 20 319 1517 285 1185 55 226 312 25 41 8 2 
14 91 81 10 279 913 583 259 29 182 91 33 13 15 1 
2 41 0 1 165 0 369 0 0 33 0 31 0 4 0 
4 42 5 1 196 88 257 2 3 24 2 23 0 4 0 
2 15 1 0 88 15 42 0 0 0 0 7 0 0 0 
5 25 8 2 160 72 63 4 3 22 6 7 0 0 0 
2 13 1 0 84 9 33 0 2 0 0 5 0 0 0 
2 30 1 0 144 20 223 0 5 0 0 23 0 0 0 
2 12 0 1 57 0 28 0 0 10 0 3 0 1 0 
5 28 9 1 174 92 82 7 3 14 3 4 0 0 0 
2 21 1 0 141 15 88 0 3 0 0 18 0 0 0 
4 21 6 0 115 59 50 4 2 0 0 10 0 0 0 
3 14 2 1 65 16 37 0 0 12 1 3 0 0 0 
3 24 3 0 158 44 92 1 2 0 0 13 0 0 0 
9 41 31 5 185 234 191 54 7 70 25 18 5 5 0 
6 49 15 0 192 217 280 20 14 0 0 27 0 0 0 
