0 5
0 17
0 20
1 3
1 6
1 47
1 58
2 11
2 15
2 17
2 35
3 17
4 39
4 45
5 12
5 22
5 24
5 34
5 41
5 44
5 45
5 46
6 11
7 25
7 49
8 17
8 38
9 44
9 53
10 12
10 16
10 25
10 26
10 45
10 51
10 59
11 17
11 18
11 21
11 44
12 29
12 39
12 48
12 57
13 32
13 44
14 16
14 43
15 17
15 31
15 49
15 53
15 56
15 59
16 44
17 23
17 32
17 39
17 43
17 44
17 45
17 50
17 54
17 57
18 37
18 55
19 35
19 38
19 44
19 53
20 30
20 32
20 52
20 58
20 59
21 27
21 39
21 44
21 54
22 44
22 58
23 28
23 45
24 41
25 40
25 42
25 43
25 44
25 45
25 49
25 54
26 45
27 44
27 45
28 45
28 56
29 33
29 59
30 45
31 41
33 44
34 44
36 44
36 58
37 44
38 45
40 45
40 55
40 60
41 43
41 46
41 47
41 87
41 98
42 44
42 51
42 55
42 75
43 57
43 83
44 45
44 46
44 47
44 51
44 58
44 59
44 79
44 85
45 47
45 52
45 57
45 62
45 64
45 74
45 81
45 84
45 85
45 86
46 51
47 65
47 74
47 89
48 57
48 58
48 78
49 55
49 56
49 84
49 93
50 52
50 56
50 58
50 59
50 65
50 66
50 85
50 91
50 99
51 57
51 58
51 84
52 58
52 69
52 79
52 88
52 97
53 55
53 57
53 72
53 84
54 56
54 83
55 71
55 83
55 89
55 93
55 96
55 99
56 84
57 72
57 74
57 79
57 83
57 84
57 85
57 94
58 77
58 95
59 75
59 78
59 84
59 93
60 70
60 72
60 74
60 92
60 98
60 99
61 67
61 83
61 84
62 83
62 84
62 98
63 68
63 74
63 85
64 81
65 80
65 82
65 83
65 84
65 85
65 89
65 94
66 85
67 84
67 85
68 85
68 96
69 73
69 99
70 85
71 81
73 74
73 84
74 80
74 82
74 83
74 84
74 98
76 84
76 98
77 84
78 85
80 83
80 95
81 87
82 84
84 85
84 86
84 87
84 91
84 98
84 99
85 87
85 97
88 98
89 95
89 96
90 98
90 99
92 98
93 95
93 97
