2 14 1 0 95 14 35 0 0 0 0 11 0 0 0 
4 19 6 0 152 55 53 4 1 0 0 8 0 0 0 
3 11 3 0 78 22 15 1 0 0 0 2 0 0 0 
3 20 3 0 127 36 62 1 2 0 0 5 0 0 0 
2 25 1 0 129 23 226 0 1 0 0 28 0 0 0 
10 68 35 10 281 396 449 57 11 168 48 30 13 13 2 
2 7 1 0 52 7 8 0 0 0 0 1 0 0 0 
3 21 2 1 152 26 57 0 2 12 1 10 0 0 0 
2 17 1 0 112 13 59 0 2 0 0 5 0 0 0 
2 33 1 0 167 29 287 0 2 0 0 25 0 0 0 
8 65 22 6 339 288 316 27 21 113 23 35 5 6 1 
5 35 9 1 149 108 259 7 1 28 3 17 0 1 0 
10 45 42 3 327 342 107 96 17 27 24 24 0 1 0 
4 44 6 0 191 116 324 4 8 0 0 25 0 0 0 
2 8 1 0 80 8 12 0 0 0 0 1 0 0 0 
6 30 14 1 214 125 81 16 8 7 4 8 0 1 0 
4 39 5 1 182 89 293 2 7 14 2 26 0 0 0 
9 62 34 2 240 405 449 71 11 57 12 32 1 6 0 
3 15 3 0 103 28 45 1 1 0 0 6 0 0 0 
4 42 5 1 208 96 307 2 7 16 2 26 0 0 0 
6 29 14 1 213 121 90 16 4 14 4 4 0 1 0 
2 24 0 1 124 0 236 0 0 22 0 17 0 1 0 
3 39 1 2 179 15 277 0 1 49 0 18 1 6 0 
2 23 0 1 119 0 204 0 0 23 0 27 0 0 0 
2 15 0 1 95 0 40 0 0 13 0 9 0 1 0 
9 69 31 5 319 391 437 53 19 101 27 31 4 11 0 
3 38 0 3 221 0 254 0 0 64 0 32 0 6 1 
3 44 1 2 183 22 430 0 0 54 0 32 1 6 0 
3 27 2 1 152 30 212 0 1 22 1 29 0 0 0 
3 19 3 0 140 32 69 1 3 0 0 3 0 0 0 
2 28 1 0 140 26 234 0 1 0 0 29 0 0 0 
2 13 1 0 68 13 34 0 0 0 0 4 0 0 0 
3 16 3 0 127 30 38 1 1 0 0 3 0 0 0 
2 26 1 0 117 24 258 0 1 0 0 19 0 0 0 
3 38 1 2 170 27 282 0 2 37 0 20 1 4 0 
3 19 3 0 148 34 75 1 2 0 0 20 0 0 0 
2 32 0 1 138 0 271 0 0 28 0 18 0 2 0 
2 26 1 0 113 24 258 0 1 0 0 19 0 0 0 
10 56 42 3 321 412 268 96 22 40 24 36 0 4 0 
3 18 3 0 124 34 59 1 1 0 0 5 0 0 0 
6 61 13 2 255 222 326 13 12 47 6 31 1 6 0 
9 40 33 3 306 282 85 65 6 22 17 17 2 2 0 
5 51 7 3 241 110 326 3 5 70 5 28 2 7 0 
6 43 15 0 256 199 139 20 8 0 0 21 0 0 0 
25 102 281 19 385 2083 320 1911 57 227 343 35 44 12 2 
24 115 248 28 298 2120 445 1485 51 385 466 26 69 19 4 
5 54 5 5 249 94 330 0 8 90 6 25 3 8 1 
7 75 18 3 288 347 527 21 9 65 13 36 1 10 0 
4 31 5 1 191 69 105 2 3 18 2 16 0 0 0 
7 47 17 4 226 208 232 16 12 50 18 27 1 0 0 
10 64 42 3 365 473 211 97 29 41 22 19 1 2 0 
15 105 86 19 324 1026 549 250 33 334 168 26 32 22 5 
9 60 33 3 288 390 313 64 15 52 19 29 1 4 0 
10 71 39 6 334 486 318 78 19 101 37 32 4 7 1 
4 23 6 0 175 61 58 4 4 0 0 9 0 0 0 
11 50 50 5 327 409 106 124 16 53 37 24 4 3 0 
6 42 13 2 207 158 217 13 10 32 6 25 1 0 0 
12 86 57 9 351 688 456 143 23 186 67 36 7 13 3 
11 64 50 5 317 513 318 124 13 91 37 29 4 5 0 
10 81 45 0 318 661 521 120 34 0 0 52 0 0 0 
7 27 20 1 226 132 51 30 12 6 5 6 0 0 0 
2 21 0 1 108 0 172 0 0 19 0 18 0 1 0 
3 47 1 2 192 28 382 0 0 54 0 35 1 6 0 
8 37 26 2 271 218 97 45 8 25 10 17 1 0 0 
12 56 60 6 360 440 199 171 33 104 38 26 11 3 0 
9 50 32 4 278 298 246 58 13 66 24 22 2 5 0 
2 20 0 1 143 0 84 0 0 18 0 10 0 1 0 
3 31 1 2 168 12 217 0 0 42 0 20 1 4 0 
3 22 2 1 146 26 76 0 0 16 1 11 0 1 0 
3 20 3 0 173 28 54 1 6 0 0 4 0 0 0 
3 30 3 0 166 52 130 1 4 0 0 18 0 0 0 
3 22 2 1 124 28 82 0 2 10 1 9 0 1 0 
3 24 2 1 166 30 78 0 0 14 1 10 0 2 0 
7 70 20 1 271 349 500 30 24 21 5 46 0 1 0 
3 51 1 2 201 22 413 0 4 54 0 32 1 9 0 
2 13 1 0 128 11 39 0 1 0 0 3 0 0 0 
4 49 4 2 225 78 283 1 6 49 2 36 1 4 0 
3 42 3 0 196 70 279 1 7 0 0 31 0 0 0 
4 30 5 1 212 64 110 2 4 16 2 10 0 1 0 
3 43 3 0 230 74 328 1 6 0 0 31 0 0 0 
2 11 1 0 65 9 27 0 1 0 0 4 0 0 0 
4 36 4 2 191 61 248 1 3 33 2 25 1 4 0 
2 27 0 1 121 0 191 0 0 25 0 20 0 1 0 
3 22 3 0 147 38 73 1 3 0 0 13 0 0 0 
22 96 211 20 380 1617 324 1181 66 247 321 31 35 10 3 
14 97 80 11 315 977 616 248 30 192 101 35 14 16 1 
2 42 0 1 179 0 385 0 0 32 0 36 0 5 0 
5 47 8 2 264 123 253 5 5 47 4 25 1 4 0 
3 22 3 0 128 42 62 1 1 0 0 8 0 0 0 
5 27 8 2 184 80 65 4 2 22 6 8 0 1 0 
3 20 3 0 125 34 52 1 3 0 0 5 0 0 0 
2 30 1 0 148 20 223 0 5 0 0 23 0 0 0 
2 11 0 1 55 0 23 0 0 11 0 2 0 0 0 
5 28 9 1 184 92 79 7 3 14 3 7 0 0 0 
2 19 1 0 128 13 70 0 3 0 0 13 0 0 0 
4 19 6 0 114 53 49 4 2 0 0 8 0 0 0 
5 32 8 2 224 92 105 5 2 28 4 20 1 2 0 
3 25 3 0 175 46 97 1 2 0 0 15 0 0 0 
8 39 25 3 206 215 193 39 6 42 16 19 1 2 0 
7 61 21 0 233 308 328 35 29 0 0 35 0 0 0 
