0 5 0.56031
0 20 0.73271
1 3 0.6316
1 6 0.70695
1 47 0.71307
1 58 0.706
2 11 0.7808
2 15 0.84758
2 35 0.95972
3 17 0.76169
3 38 0.91148
4 39 0.64184
4 45 0.97646
5 12 0.52944
5 22 0.96423
5 24 0.68834
5 34 0.65377
5 41 0.92227
5 44 0.50811
5 45 0.79734
5 46 0.94636
5 51 0.93957
6 11 0.98769
7 25 0.92601
7 38 0.88871
7 49 0.82103
8 17 0.9646
8 38 0.66208
9 44 0.7499
9 53 0.66482
10 12 0.82629
10 16 0.93782
10 25 0.54779
10 26 0.83285
10 38 0.57159
10 45 0.85502
10 51 0.70138
10 59 0.7548
11 17 0.69641
11 18 0.77169
11 44 0.56154
12 13 0.5399
12 16 0.58451
12 29 0.96161
12 34 0.6213
12 39 0.95266
12 48 0.94446
12 50 0.68121
12 57 0.98876
13 32 0.82151
13 38 0.82329
13 44 0.57966
14 16 0.99923
14 43 0.90531
15 31 0.78388
15 49 0.50185
15 53 0.58794
15 56 0.98987
15 59 0.79355
16 44 0.85209
17 32 0.53161
17 39 0.62841
17 43 0.5542
17 44 0.57091
17 45 0.84325
17 54 0.5712
18 37 0.55085
18 55 0.54524
19 35 0.50619
19 38 0.95194
19 44 0.93256
19 53 0.85068
20 30 0.61233
20 32 0.63113
20 52 0.90394
20 58 0.83565
20 59 0.82074
21 27 0.87545
21 44 0.60292
22 44 0.73324
22 58 0.75277
23 28 0.58652
23 45 0.85441
24 41 0.93373
25 40 0.5723
25 42 0.95196
25 43 0.85427
25 44 0.7714
25 45 0.52606
25 49 0.89343
25 54 0.50005
26 45 0.80163
26 51 0.98751
27 44 0.81759
27 45 0.64343
28 45 0.55993
28 56 0.85311
29 33 0.52999
29 59 0.65079
30 45 0.63798
31 41 0.65316
33 44 0.70832
34 44 0.96909
35 51 0.89137
36 44 0.74102
36 58 0.8986
37 44 0.98733
38 41 0.95451
38 45 0.72219
38 46 0.5974
38 53 0.71243
40 45 0.62283
40 55 0.76542
40 60 0.68696
40 63 0.70987
40 64 0.61998
41 43 0.98906
41 46 0.74334
41 47 0.7253
41 87 0.88422
41 98 0.95704
42 44 0.67225
42 51 0.90787
42 55 0.77149
42 75 0.67141
43 57 0.79134
43 63 0.81821
44 45 0.90144
44 46 0.75218
44 47 0.81094
44 51 0.57361
44 58 0.79858
44 59 0.89025
44 73 0.69559
44 79 0.56556
44 85 0.7629
45 47 0.58067
45 51 0.59195
45 52 0.5689
45 57 0.9059
45 62 0.75848
45 64 0.99538
45 74 0.95947
45 81 0.7208
45 84 0.86894
45 85 0.63392
45 86 0.99483
46 51 0.97708
47 64 0.901
47 65 0.81959
47 89 0.77541
48 57 0.98883
48 58 0.7564
48 78 0.57503
49 55 0.69203
49 56 0.85471
49 84 0.87682
49 93 0.62571
50 52 0.71593
50 56 0.76898
50 58 0.74752
50 59 0.5908
50 65 0.68425
50 66 0.74025
50 85 0.77553
50 91 0.70789
50 99 0.62677
51 53 0.58037
51 55 0.79325
51 57 0.79947
51 58 0.62695
51 76 0.62779
51 84 0.93681
51 96 0.62353
52 58 0.53072
52 64 0.67763
52 69 0.95701
52 79 0.5361
52 88 0.9543
52 97 0.83832
53 55 0.6956
53 57 0.88828
53 63 0.51183
53 72 0.98505
53 84 0.67443
54 56 0.98475
54 83 0.75683
55 71 0.66655
55 89 0.59026
55 93 0.5623
55 96 0.82919
55 99 0.91182
56 84 0.65588
57 72 0.56227
57 79 0.75473
57 83 0.92384
57 84 0.52271
57 85 0.57138
57 94 0.72348
58 77 0.87972
58 95 0.98957
59 75 0.54888
59 78 0.77829
59 84 0.81038
59 93 0.503
60 70 0.92497
60 72 0.81964
60 73 0.5531
60 92 0.80366
60 98 0.8617
60 99 0.62308
61 67 0.6958
61 84 0.53092
62 84 0.53188
62 98 0.72526
63 68 0.6868
63 78 0.7252
63 85 0.94686
63 88 0.68893
63 90 0.59701
64 70 0.86096
64 71 0.5883
64 73 0.84581
64 74 0.95914
64 76 0.70758
64 77 0.50912
64 81 0.50479
64 99 0.74278
65 80 0.92545
65 82 0.85285
65 83 0.57635
65 84 0.91506
65 85 0.53245
65 89 0.52594
65 94 0.64396
66 85 0.74141
67 84 0.60214
67 85 0.84821
68 85 0.64496
68 96 0.72431
69 73 0.60297
69 99 0.67588
70 85 0.94196
71 81 0.67233
73 84 0.67689
73 87 0.73778
73 96 0.75231
74 84 0.58414
76 84 0.87993
76 98 0.70435
77 84 0.66597
78 85 0.94938
80 95 0.83492
81 87 0.84487
82 84 0.70192
84 85 0.54523
84 86 0.55811
84 87 0.9573
84 91 0.66919
84 98 0.8101
84 99 0.74225
85 87 0.80538
85 97 0.53751
88 98 0.7179
89 95 0.75101
89 96 0.53129
90 98 0.7256
90 99 0.99219
92 98 0.79008
93 95 0.89663
93 97 0.60292
