1 2 0.7437 9
1 10 0.90145 3
1 11 0.96706 10
2 4 0.95094 11
2 6 0.6102 8
2 11 0.77435 16
2 13 0.61658 9
2 14 0.6111 9
2 20 0.99036 12
2 24 0.73577 10
2 26 0.93402 8
2 33 0.61138 19
2 42 0.65261 10
2 43 0.69104 10
2 46 0.7193 11
2 47 0.89815 12
2 53 0.71618 10
3 4 0.90315 5
3 24 0.55996 4
3 38 0.885 3
4 14 0.56539 5
4 15 0.58176 6
4 16 0.77163 5
4 31 0.91185 5
4 33 0.58069 15
4 43 0.86224 7
5 19 0.81398 12
5 20 0.78732 6
5 36 0.96681 2
6 11 0.73229 10
7 20 0.86055 5
7 54 0.98457 6
8 15 0.88702 5
8 20 0.78389 8
8 23 0.56851 5
8 28 0.93502 7
8 47 0.65652 8
8 51 0.81648 6
8 57 0.52401 6
9 18 0.60231 3
9 33 0.68212 12
10 18 0.93069 3
10 37 0.60707 2
11 12 0.61007 10
11 15 0.97765 11
11 20 0.83933 13
11 27 0.81541 10
11 28 0.51715 12
11 36 0.90822 10
11 40 0.85976 10
11 41 0.53663 17
11 47 0.91518 13
11 49 0.91273 11
11 50 0.84036 13
11 52 0.61717 14
11 55 0.75193 12
11 58 0.50611 12
11 60 0.80102 17
12 19 0.61612 11
13 27 0.59304 2
13 35 0.67333 3
14 44 0.63379 9
15 49 0.86881 4
16 19 0.51814 11
17 19 0.50278 11
17 33 0.98556 12
18 24 0.65264 4
18 45 0.61075 6
19 22 0.5761 11
19 28 0.80318 14
19 29 0.59611 11
19 31 0.52723 12
19 32 0.84291 14
19 33 0.77082 22
19 34 0.86041 11
19 35 0.50029 12
19 40 0.81338 11
19 41 0.83276 19
19 42 0.71 13
19 45 0.8462 15
19 46 0.89213 14
19 51 0.89209 13
19 52 0.81732 16
19 54 0.98034 16
19 58 0.81958 13
20 30 0.54047 5
20 51 0.81791 7
20 57 0.60358 7
20 59 0.6757 8
21 24 0.95008 3
21 52 0.99012 6
22 33 0.92232 12
23 32 0.96554 6
23 33 0.8988 13
23 54 0.69017 7
24 47 0.9367 7
25 33 0.99464 12
25 35 0.81666 3
26 33 0.88969 12
28 29 0.926 4
28 33 0.66955 15
28 39 0.58823 7
28 41 0.68716 12
30 33 0.81471 12
31 32 0.812 5
32 33 0.60958 15
32 38 0.83579 5
32 42 0.57453 7
32 45 0.62744 8
32 54 0.84194 9
33 34 0.66598 12
33 35 0.83987 13
33 38 0.898 13
33 44 0.64658 19
33 45 0.66884 16
33 48 0.67506 14
33 53 0.58545 14
33 54 0.51324 17
33 55 0.70434 15
33 56 0.96261 13
33 60 0.84157 19
37 50 0.64769 5
39 46 0.50905 7
39 49 0.95604 6
39 50 0.84792 8
39 52 0.74972 9
39 54 0.67399 9
39 55 0.73818 7
41 45 0.61962 13
41 46 0.50238 12
41 47 0.71049 13
41 51 0.57281 11
41 55 0.70087 12
41 57 0.6094 11
41 59 0.92357 12
41 61 0.66402 9
41 65 0.74317 10
41 73 0.92857 11
41 74 0.774 9
41 76 0.66391 12
41 96 0.87136 10
41 99 0.99112 9
42 59 0.53344 7
42 63 0.81127 8
42 76 0.87351 6
43 50 0.62968 7
43 60 0.64672 11
43 78 0.68787 12
43 95 0.64912 5
44 48 0.87368 10
44 50 0.95049 12
44 55 0.96158 11
44 59 0.9245 12
44 60 0.70099 16
44 63 0.89523 13
44 69 0.92624 9
44 70 0.57638 13
44 71 0.73741 9
44 78 0.87596 17
44 90 0.80745 9
44 95 0.81889 10
44 97 0.52478 10
44 98 0.86292 9
45 50 0.62289 9
45 60 0.54397 12
45 79 0.74883 5
45 80 0.57948 6
46 70 0.57316 8
46 82 0.77952 7
46 92 0.57608 7
47 48 0.56485 7
47 59 0.77358 8
47 60 0.86082 12
47 92 0.61908 8
48 58 0.85133 5
48 87 0.83643 3
49 54 0.76098 8
49 92 0.92243 6
50 60 0.62449 12
50 63 0.82368 9
50 95 0.55955 7
51 82 0.84919 6
51 95 0.69832 5
52 53 0.83633 8
52 57 0.69442 8
52 60 0.88352 13
52 63 0.70273 10
52 70 0.89175 10
52 78 0.93397 14
52 100 0.97855 7
53 71 0.83666 3
53 76 0.76751 6
54 58 0.59124 8
54 70 0.54344 10
54 72 0.5748 7
54 88 0.58514 6
55 78 0.98697 12
55 100 0.95989 5
56 58 0.74078 5
56 86 0.74267 5
56 98 0.63572 3
57 67 0.95348 7
58 89 0.82592 5
59 60 0.55363 12
59 63 0.53164 9
59 68 0.84306 6
60 62 0.73976 10
60 67 0.60556 12
60 76 0.86498 11
60 78 0.52453 17
60 85 0.95979 9
60 88 0.67794 9
60 91 0.71064 9
61 81 0.51443 6
62 78 0.64523 11
62 85 0.53567 3
62 92 0.74945 6
62 94 0.95854 4
63 67 0.70904 9
63 68 0.95863 7
63 78 0.9706 14
63 80 0.68267 6
63 87 0.65983 6
64 67 0.79975 5
64 81 0.85718 6
65 73 0.87198 4
65 78 0.8885 10
66 73 0.79712 4
66 90 0.5362 2
66 97 0.69767 4
67 77 0.83007 6
67 82 0.51841 8
67 83 0.91636 6
67 91 0.54016 5
67 96 0.90013 6
68 70 0.71478 7
68 92 0.77936 6
69 78 0.9408 10
70 73 0.52062 8
70 78 0.93175 14
70 84 0.70906 7
70 94 0.81414 6
70 96 0.82211 7
72 77 0.60073 3
72 82 0.89396 5
73 78 0.93797 12
73 81 0.7116 8
74 81 0.76181 6
75 78 0.93876 10
75 83 0.97815 2
76 78 0.86756 12
76 80 0.96988 5
76 81 0.56888 8
77 100 0.62851 3
78 81 0.9077 14
78 84 0.59586 11
78 86 0.93995 12
78 89 0.99416 11
78 95 0.51701 11
79 84 0.62567 3
81 86 0.80403 8
81 89 0.64374 7
81 92 0.57096 9
81 99 0.91829 6
82 83 0.71331 5
82 89 0.81386 5
82 92 0.55758 7
84 86 0.63356 5
86 93 0.79955 4
86 97 0.62424 5
92 94 0.93326 5
93 97 0.78507 3
96 97 0.61074 4
