1 2 0.7437 9
1 10 0.90145 3
1 11 0.96706 10
2 4 0.95094 11
2 6 0.6102 8
2 11 0.77435 16
2 13 0.61658 9
2 14 0.6111 9
2 20 0.99036 12
2 24 0.73577 10
2 26 0.93402 9
2 33 0.61138 21
2 42 0.65261 10
2 43 0.69104 10
2 46 0.7193 9
2 47 0.89815 11
2 53 0.71618 10
3 4 0.90315 5
3 24 0.55996 4
3 38 0.885 2
4 14 0.56539 5
4 15 0.58176 5
4 16 0.77163 6
4 31 0.91185 5
4 33 0.93497 18
4 43 0.86224 6
5 19 0.81398 11
5 20 0.78732 6
5 36 0.96681 2
6 11 0.73229 10
7 20 0.86055 6
7 25 0.83138 6
7 50 0.92176 10
7 54 0.98457 7
8 20 0.78389 5
8 28 0.93502 4
9 18 0.60231 3
9 33 0.68212 15
10 18 0.93069 3
10 37 0.60707 2
11 12 0.61007 10
11 15 0.97765 10
11 20 0.83933 13
11 27 0.81541 11
11 28 0.51715 12
11 36 0.90822 10
11 40 0.85976 10
11 41 0.53663 13
11 47 0.91518 13
11 49 0.91273 11
11 50 0.84036 17
11 52 0.61717 13
11 55 0.75193 12
11 58 0.50611 12
11 60 0.80102 17
12 19 0.61612 11
12 33 0.65493 15
13 27 0.59304 3
13 35 0.67333 4
14 44 0.63379 9
15 49 0.86881 4
16 19 0.51814 12
16 25 0.93779 6
16 33 0.54555 16
17 19 0.50278 11
17 33 0.98556 15
18 24 0.65264 4
18 45 0.61075 6
19 22 0.5761 11
19 28 0.80318 13
19 29 0.59611 11
19 31 0.52723 11
19 33 0.77082 24
19 34 0.86041 11
19 35 0.50029 12
19 40 0.81338 11
19 41 0.83276 14
19 42 0.71 12
19 45 0.8462 14
19 46 0.89213 12
19 51 0.89209 12
19 52 0.81732 14
19 54 0.98034 15
19 58 0.81958 13
20 30 0.54047 5
20 51 0.81791 7
20 57 0.60358 6
20 59 0.6757 8
21 24 0.95008 3
21 52 0.99012 5
22 33 0.92232 15
23 33 0.8988 15
23 54 0.69017 6
24 47 0.9367 6
25 33 0.99464 18
25 35 0.61862 6
25 45 0.89247 8
25 49 0.56169 6
25 51 0.96761 6
25 55 0.83668 7
26 33 0.88969 15
26 50 0.59525 10
27 33 0.89055 16
27 50 0.73736 10
28 29 0.926 4
28 33 0.66955 17
28 39 0.58823 4
30 33 0.81471 15
32 33 0.60958 15
32 42 0.57453 3
33 34 0.66598 15
33 35 0.83987 16
33 38 0.898 15
33 44 0.64658 22
33 45 0.66884 18
33 47 0.86968 18
33 48 0.67506 16
33 52 0.91979 18
33 53 0.58545 16
33 54 0.51324 19
33 55 0.70434 17
33 56 0.96261 16
33 60 0.84157 22
35 50 0.80116 11
37 50 0.64769 9
39 54 0.67399 6
41 57 0.6094 6
41 59 0.92357 7
41 61 0.66402 5
41 73 0.92857 6
41 74 0.51282 5
41 99 0.99112 5
42 59 0.53344 6
42 76 0.87351 5
43 50 0.62968 11
43 60 0.64672 10
43 95 0.64912 4
44 48 0.87368 10
44 50 0.95049 16
44 55 0.96158 11
44 59 0.9245 11
44 60 0.70099 16
44 63 0.89523 9
44 69 0.92624 9
44 70 0.57638 9
44 71 0.73741 9
44 78 0.87596 15
44 90 0.80745 9
44 95 0.81889 10
44 97 0.52478 10
44 98 0.86292 9
45 50 0.62289 12
45 60 0.54397 12
45 79 0.74883 5
45 80 0.57948 5
46 82 0.77952 5
46 92 0.57608 6
47 48 0.56485 6
47 59 0.77358 7
47 60 0.86082 12
47 92 0.61908 8
48 58 0.85133 5
48 87 0.83643 3
49 54 0.76098 7
49 92 0.92243 6
50 60 0.62449 16
50 64 0.77018 10
50 76 0.75794 11
50 89 0.86134 11
50 91 0.54729 10
50 93 0.99221 10
50 94 0.6259 10
50 95 0.55955 10
51 82 0.84919 6
51 95 0.69832 4
52 53 0.83633 7
52 57 0.69442 6
52 60 0.88352 12
52 78 0.93397 11
52 100 0.97855 6
53 71 0.83666 3
53 76 0.76751 5
54 58 0.59124 8
54 70 0.54344 6
54 72 0.5748 6
54 88 0.58514 6
55 78 0.98697 10
55 100 0.95989 4
56 58 0.74078 5
56 86 0.74267 5
56 98 0.63572 3
57 67 0.95348 6
58 89 0.82592 5
59 60 0.55363 11
59 68 0.84306 4
60 62 0.73976 10
60 67 0.60556 12
60 76 0.86498 11
60 78 0.52453 15
60 85 0.95979 9
60 88 0.67794 9
60 91 0.71064 9
61 81 0.51443 6
62 85 0.53567 3
62 92 0.74945 6
62 94 0.95854 3
63 78 0.9706 8
63 87 0.65983 2
64 67 0.79975 5
64 81 0.85718 6
65 73 0.87198 3
65 78 0.8885 8
66 73 0.79712 4
66 90 0.5362 2
66 97 0.69767 4
67 77 0.83007 5
67 82 0.51841 7
67 83 0.91636 5
67 91 0.54016 5
67 96 0.90013 5
68 92 0.77936 5
69 78 0.82636 8
70 78 0.93175 8
72 77 0.60073 3
72 82 0.89396 5
73 78 0.93797 9
73 81 0.7116 7
74 81 0.76181 6
75 78 0.93876 8
75 83 0.97815 2
76 80 0.96988 4
76 81 0.56888 8
77 100 0.62851 3
78 81 0.9077 12
78 84 0.59586 8
78 86 0.93995 10
78 89 0.99416 9
79 84 0.62567 2
81 86 0.80403 8
81 89 0.64374 7
81 92 0.57096 9
81 99 0.91829 6
82 83 0.71331 5
82 89 0.81386 6
82 92 0.55758 7
84 86 0.63356 4
86 93 0.79955 4
86 97 0.62424 5
92 94 0.93326 5
93 97 0.78507 4
96 97 0.61074 3
