0 0 0 0 -2 0 1 0 0 0 0 -1 0 0 0 
0 -2 -1 1 -61 -65 61 -8 1 29 3 -7 5 3 0 
0 -1 0 0 1 -2 -1 0 0 0 0 0 0 0 0 
0 2 -1 1 -11 -12 85 -5 -2 24 4 0 1 3 0 
0 -1 0 0 -8 -2 -11 0 0 0 0 -8 0 0 0 
0 0 0 0 -2 0 1 0 0 0 0 -1 0 0 0 
2 22 5 0 91 90 125 4 6 0 0 7 0 0 0 
-5 -20 -18 -2 -184 -136 -22 -26 -15 -19 -8 -13 -1 0 0 
0 5 0 0 2 5 113 0 0 0 0 7 0 0 0 
0 0 0 0 7 0 0 0 0 0 0 0 0 0 0 
0 0 2 -2 25 26 7 28 4 -40 -24 -8 -4 3 0 
1 24 1 1 47 27 288 0 7 26 1 0 0 9 0 
0 3 0 0 59 0 4 0 3 0 0 2 0 0 0 
0 0 0 0 -2 0 1 0 0 0 0 -1 0 0 0 
-1 -6 -3 0 -18 -38 -11 -2 -3 0 -1 -4 0 0 0 
2 27 2 3 50 29 253 1 2 76 0 -5 3 13 0 
0 4 0 0 -3 0 100 0 0 0 0 -3 0 2 0 
0 -1 0 0 3 -3 -5 0 0 0 0 -2 0 0 0 
-1 -6 -14 -6 -33 -160 -19 -68 -5 -24 -120 -5 0 1 -2 
0 -2 2 -2 -16 9 -3 13 -5 -15 -12 -6 -1 0 0 
0 -2 0 0 -6 -2 -18 0 0 0 0 1 0 0 0 
0 4 0 0 -3 0 100 0 0 0 0 -3 0 2 0 
-2 -5 -3 -2 -57 -49 104 0 -1 -24 -3 6 0 -4 -1 
0 -1 0 0 -1 -3 -6 0 0 -3 0 0 0 1 0 
6 26 24 3 198 206 80 38 15 74 12 2 6 5 0 
1 21 2 0 53 57 220 0 7 3 1 15 0 1 0 
2 41 4 1 104 100 409 2 15 29 2 31 0 1 0 
-1 -18 -4 -2 -57 -88 13 -6 -13 -50 -6 -3 -3 -3 0 
0 -2 0 0 -24 0 -16 0 0 0 0 -6 0 -1 0 
0 5 0 0 1 5 115 0 0 0 0 5 0 0 0 
-1 -6 -1 -1 -35 -11 -10 0 -1 -17 -1 -5 0 -4 0 
-6 -21 -17 -10 -86 -132 60 -18 0 -185 -19 14 -16 -8 -3 
5 3 118 7 -36 444 -51 1252 26 41 216 -14 40 2 -3 
0 4 0 0 -3 0 100 0 0 0 0 -3 0 2 0 
1 26 4 0 60 104 224 4 13 5 2 3 0 5 0 
0 0 0 0 -1 0 2 0 0 0 0 -2 0 0 0 
0 8 0 0 7 8 90 0 0 0 0 2 0 0 0 
-1 0 -1 -1 -29 -2 119 0 0 -19 -1 7 0 -4 0 
-5 -34 -19 -1 -281 -204 -89 -30 -29 -12 -5 -22 0 0 0 
0 -1 0 0 -6 -1 -11 0 0 0 0 -8 0 0 0 
-9 -36 -99 -9 -228 -800 15 -500 -43 -142 -113 -8 -11 -8 0 
-1 -14 -3 -2 -83 -68 -38 -2 -4 -27 -8 -10 0 -6 0 
-1 -6 -3 -2 -35 -49 -8 -2 -1 -22 -5 -8 -3 -3 0 
0 -2 3 -3 -68 7 112 30 -3 -23 -18 1 -12 -4 0 
-1 -1 -6 -2 -59 -62 111 -13 1 -31 -13 -6 -1 1 -1 
-3 -30 -14 -1 -129 -242 -145 -23 -18 -28 -8 -11 0 -3 0 
-1 2 -9 1 -60 -97 156 -25 -8 39 -6 2 3 5 0 
0 2 -1 1 -32 -23 78 -2 -2 31 1 -1 1 2 0 
0 1 1 -1 -2 23 11 3 -2 -15 -3 -1 0 0 0 
8 7 98 2 54 606 -45 518 13 16 70 -3 8 -4 0 
-1 -13 -3 -2 -41 -56 -85 -2 -3 -38 -8 -5 0 -4 0 
-2 -5 -20 1 -98 -249 139 -78 -20 45 -5 -14 2 6 0 
0 0 -1 1 -45 -30 61 -2 -3 30 1 0 1 3 0 
-1 -7 -6 -4 -39 -75 82 -12 -4 -42 -29 2 -2 -2 -2 
-1 -14 -6 0 -75 -137 -39 -11 -11 0 -5 -14 1 0 0 
0 5 0 0 -2 15 113 0 0 0 0 7 0 0 0 
-1 -16 -3 -1 -58 -70 -118 -3 -6 -10 -3 -8 0 -1 0 
0 -1 0 0 4 -5 -14 0 1 0 0 -9 0 -1 0 
-1 -14 -3 -4 -47 -76 -78 0 -9 -53 -16 -9 -5 -2 0 
0 -1 -1 1 -101 -29 52 -6 -16 54 -2 -7 8 -4 0 
0 -9 0 0 -36 -7 -89 0 -1 0 0 -10 0 0 0 
-1 -15 -3 -1 -43 -51 -97 -2 -1 -20 -3 -10 -1 -4 0 
-7 -37 -37 -5 -207 -398 -100 -79 -25 -62 -33 -13 -7 -6 0 
1 15 2 0 49 39 105 1 4 0 0 8 0 0 0 
-1 -19 -1 -1 -97 -27 -142 0 -2 -20 0 -17 -1 -1 0 
0 -1 0 0 -20 -2 -2 0 0 0 0 -2 0 0 0 
-1 -10 -8 0 -58 -100 -34 -26 -5 -1 -2 -7 0 1 0 
-2 -17 -4 -1 -121 -51 -56 -2 -6 -10 -2 -8 0 -2 0 
0 -4 0 0 -18 0 -43 0 0 -2 0 -11 0 -1 0 
-7 -31 -39 -3 -184 -429 -73 -94 -20 -43 -19 -13 -6 -6 0 
0 0 0 0 -2 0 2 0 0 0 0 -2 0 0 0 
0 -1 0 0 -12 -2 -5 0 0 0 0 -4 0 0 0 
-1 -19 -3 -2 -85 -70 -135 -3 -5 -35 -4 -13 -3 -4 0 
0 -9 0 0 -36 -7 -89 0 -1 0 0 -10 0 0 0 
0 -4 0 0 -19 -4 -48 0 0 0 0 -10 0 0 0 
-1 -17 -5 -1 -54 -98 -101 -10 -14 -19 -4 -16 -1 -2 0 
0 -1 0 0 -14 -2 -7 0 0 0 0 0 0 0 0 
-4 -18 -52 -10 -51 -385 -3 -281 -14 -89 -138 4 -33 -6 0 
0 -2 0 0 -12 -2 -6 0 0 0 0 -3 0 0 0 
-1 -11 -2 0 -72 -28 -39 -1 -3 0 0 -9 0 0 0 
0 -2 1 -1 -36 11 -26 5 -1 -23 -2 -7 -3 -2 0 
0 -4 0 0 -44 -18 -13 0 -1 -4 0 -3 0 0 0 
0 -1 0 0 -17 -1 -6 0 0 -1 0 0 0 0 0 
-1 -11 -2 -1 -64 -24 -61 -1 0 -20 -1 -6 -1 -3 0 
0 -1 0 0 -17 0 -4 0 0 1 0 2 0 -1 0 
0 -4 0 0 -7 -12 -43 0 0 -4 0 -8 0 -2 0 
0 -7 0 0 -35 -7 -31 0 0 0 0 -4 0 0 0 
0 -1 0 0 -8 -1 -6 0 0 0 0 -3 0 0 0 
1 12 4 0 32 77 66 5 5 -2 1 0 0 -1 0 
0 0 0 0 -3 0 3 0 0 0 0 -3 0 0 0 
1 13 1 1 40 19 88 0 1 16 0 -2 1 5 0 
0 -7 0 0 -43 -33 -17 0 -6 -4 0 -4 0 0 0 
1 16 2 0 62 37 111 0 1 0 1 9 0 0 0 
0 6 0 0 -10 17 78 0 -2 -1 0 4 0 0 0 
-1 -7 -2 -2 -55 -30 -12 -1 -2 -15 -2 -8 -3 -7 0 
-2 -26 -5 0 -147 -92 -150 -4 -4 0 0 -13 0 0 0 
0 -1 0 0 -18 -5 0 0 0 1 0 -3 0 0 0 
0 0 0 0 3 0 3 0 0 0 0 -3 0 0 0 
0 -9 0 0 -36 -7 -89 0 -1 0 0 -10 0 0 0 
0 -3 0 0 -20 -6 -23 0 0 0 0 1 0 0 0 
