3 31 2 1 141 33 186 0 0 23 1 13 0 3 0 
15 74 95 10 345 828 294 338 28 148 104 35 13 2 0 
3 13 3 0 90 22 23 1 2 0 0 5 0 0 0 
8 45 25 3 230 238 247 41 9 55 12 29 3 2 0 
3 29 3 0 138 54 197 1 2 0 0 21 0 0 0 
2 29 0 1 139 0 185 0 0 23 0 13 0 3 0 
2 18 1 0 115 18 63 0 0 0 0 10 0 0 0 
7 33 19 2 291 147 57 26 16 19 8 16 1 0 0 
2 25 1 0 103 23 213 0 1 0 0 21 0 0 0 
3 6 3 0 50 12 3 1 0 0 0 1 0 0 0 
18 88 142 11 431 1201 280 655 63 153 146 31 15 8 0 
2 37 1 0 154 27 297 0 5 0 0 29 0 0 0 
3 18 3 0 124 32 82 1 2 0 0 12 0 0 0 
3 34 2 1 179 45 177 0 2 15 1 21 0 2 0 
4 32 5 1 168 69 143 2 4 19 2 16 0 0 0 
2 27 1 0 117 23 190 0 2 0 0 21 0 0 0 
2 40 0 1 144 0 358 0 0 26 0 23 0 7 0 
4 15 6 0 125 43 28 4 1 0 0 7 0 0 0 
21 78 192 18 364 1241 248 1039 42 221 242 19 47 7 2 
9 51 33 3 297 326 215 64 19 38 19 20 1 3 0 
2 14 1 0 120 14 46 0 0 0 0 5 0 0 0 
2 40 0 1 144 0 358 0 0 26 0 23 0 7 0 
4 39 3 3 179 49 222 0 1 56 3 21 0 5 1 
5 26 9 1 156 82 91 7 1 18 3 12 0 1 0 
2 23 0 1 112 0 192 0 0 21 0 19 0 1 0 
2 34 0 1 136 0 263 0 0 30 0 25 0 2 0 
2 19 1 0 102 17 126 0 1 0 0 11 0 0 0 
7 80 17 4 261 308 556 19 28 92 12 31 4 12 0 
2 24 0 1 138 0 165 0 0 20 0 16 0 2 0 
2 30 1 0 139 28 235 0 1 0 0 24 0 0 0 
3 32 2 1 148 33 186 0 3 17 1 21 0 4 0 
8 52 18 10 220 159 269 18 2 185 19 14 16 8 3 
23 92 232 21 345 1668 313 1380 46 238 344 28 44 13 3 
2 40 0 1 144 0 358 0 0 26 0 23 0 7 0 
4 41 4 2 154 62 340 1 1 45 2 22 1 7 0 
2 19 1 0 113 17 126 0 1 0 0 11 0 0 0 
2 10 1 0 70 10 22 0 0 0 0 7 0 0 0 
3 29 2 1 132 29 205 0 1 19 1 21 0 4 0 
7 48 20 1 396 214 130 30 31 12 5 27 0 0 0 
2 37 1 0 154 27 297 0 5 0 0 29 0 0 0 
17 88 127 9 453 1126 291 556 62 142 113 33 11 8 0 
6 59 13 2 320 230 299 12 13 27 8 36 0 6 0 
6 55 10 5 288 168 262 4 8 69 12 30 4 11 0 
16 83 106 14 326 964 330 397 24 199 130 31 33 17 0 
9 82 30 6 305 464 496 49 13 128 29 29 5 19 1 
7 74 19 2 300 355 407 25 22 39 10 36 0 3 0 
9 78 30 6 324 439 350 49 26 117 28 31 7 8 0 
5 49 9 1 254 143 303 7 9 31 3 36 0 2 0 
5 39 8 2 210 110 170 4 7 32 6 18 0 0 0 
9 66 29 7 355 365 281 46 21 99 27 28 11 11 0 
6 56 13 2 237 214 302 12 10 38 8 26 0 4 0 
11 96 51 4 369 772 511 133 44 80 28 52 4 10 0 
5 51 9 1 281 154 317 7 8 30 3 31 0 2 0 
11 66 48 7 286 498 351 110 14 112 49 18 4 11 2 
7 89 18 3 317 384 596 21 28 76 13 53 1 9 0 
4 33 6 0 176 91 226 4 4 0 0 25 0 0 0 
5 46 9 1 255 148 208 7 12 10 3 16 0 1 0 
6 55 14 1 273 223 323 16 12 24 4 32 0 2 0 
8 67 22 6 366 320 294 26 23 89 24 32 6 7 0 
16 104 103 17 381 1192 475 354 47 234 174 36 32 20 0 
2 25 1 0 117 17 143 0 4 0 0 13 0 0 0 
5 36 7 3 184 89 185 2 3 41 7 28 1 4 0 
10 64 39 6 322 424 245 79 26 80 34 25 7 10 0 
2 17 1 0 76 17 58 0 0 0 0 6 0 0 0 
3 34 1 2 164 27 202 0 2 33 0 26 1 2 0 
3 10 3 0 80 18 11 1 1 0 0 5 0 0 0 
9 39 34 2 237 274 123 70 9 20 14 24 0 0 0 
4 30 5 1 201 62 88 2 7 10 2 12 0 2 0 
2 30 0 1 133 0 188 0 0 20 0 23 0 5 0 
10 66 41 4 352 471 251 94 21 61 20 28 6 10 0 
2 19 1 0 130 17 96 0 1 0 0 15 0 0 0 
3 18 3 0 99 34 52 1 1 0 0 9 0 0 0 
6 47 11 4 200 146 233 8 8 61 8 20 4 6 0 
2 25 1 0 117 17 143 0 4 0 0 13 0 0 0 
2 19 1 0 81 19 115 0 0 0 0 22 0 0 0 
7 64 19 2 310 286 325 26 23 38 8 36 1 7 0 
3 12 3 0 67 22 28 1 1 0 0 2 0 0 0 
18 70 132 21 354 920 158 529 24 198 238 13 49 12 0 
2 11 1 0 108 11 23 0 0 0 0 8 0 0 0 
3 23 3 0 194 36 65 1 5 0 0 14 0 0 0 
10 39 41 4 200 260 105 94 12 59 20 17 6 4 0 
7 29 19 2 208 147 54 25 4 19 10 6 0 0 0 
3 13 2 1 71 14 29 0 0 12 1 2 0 0 0 
4 28 4 2 134 42 123 1 0 34 2 16 1 4 0 
2 17 0 1 125 0 78 0 0 15 0 16 0 1 0 
6 31 12 3 138 110 125 9 1 35 10 15 1 4 0 
2 13 1 0 109 11 35 0 1 0 0 7 0 0 0 
2 25 1 0 166 23 126 0 1 0 0 24 0 0 0 
4 35 5 1 163 79 153 2 1 18 2 20 0 3 0 
2 17 1 0 89 15 92 0 1 0 0 14 0 0 0 
2 21 0 1 122 0 95 0 0 21 0 17 0 0 0 
8 38 26 2 255 230 79 44 11 14 12 17 0 0 0 
2 7 0 1 48 0 7 0 0 7 0 2 0 0 0 
3 18 2 1 121 21 47 0 3 9 1 7 0 0 0 
5 42 6 4 248 88 188 2 3 56 4 23 4 9 0 
4 37 6 0 197 103 174 4 4 0 0 16 0 0 0 
5 24 9 1 140 86 99 7 3 4 3 16 0 0 0 
2 18 1 0 112 16 94 0 1 0 0 14 0 0 0 
2 25 1 0 117 17 143 0 4 0 0 13 0 0 0 
3 18 3 0 185 30 54 1 3 0 0 7 0 0 0 
