0 1
0 9
0 10
1 3
1 5
1 10
1 12
1 13
1 19
1 23
1 25
1 32
1 41
1 42
1 45
1 46
1 52
2 3
2 23
2 37
3 13
3 14
3 15
3 30
3 32
3 42
4 18
4 19
4 35
5 10
6 19
6 24
6 49
6 53
7 19
7 27
8 17
8 32
9 17
9 36
10 11
10 14
10 19
10 26
10 27
10 35
10 39
10 40
10 46
10 48
10 49
10 51
10 54
10 57
10 59
11 18
11 32
12 26
12 34
13 43
14 48
15 18
15 24
15 32
16 18
16 32
17 23
17 44
18 21
18 27
18 28
18 30
18 32
18 33
18 34
18 39
18 40
18 41
18 44
18 45
18 50
18 51
18 53
18 57
19 29
19 50
19 56
19 58
20 23
20 51
21 32
22 32
22 53
23 46
24 32
24 34
24 44
24 48
24 50
24 54
25 32
25 49
26 32
26 49
27 28
27 32
27 38
29 32
31 32
31 41
32 33
32 34
32 37
32 43
32 44
32 46
32 47
32 51
32 52
32 53
32 54
32 55
32 59
34 49
36 49
38 53
40 56
40 58
40 60
40 72
40 73
40 98
41 58
41 75
42 49
42 59
42 94
43 47
43 49
43 54
43 58
43 59
43 62
43 68
43 69
43 70
43 77
43 89
43 94
43 96
43 97
44 49
44 59
44 78
44 79
45 81
45 91
46 47
46 58
46 59
46 91
47 57
47 86
48 53
48 91
49 59
49 63
49 75
49 88
49 90
49 92
49 93
49 94
50 81
50 94
51 52
51 56
51 59
51 77
51 99
52 70
52 75
53 57
53 69
53 71
53 87
54 77
54 99
55 57
55 85
55 97
56 66
57 88
58 59
58 67
59 61
59 66
59 75
59 77
59 84
59 87
59 90
60 80
61 84
61 91
61 93
62 77
62 86
63 66
63 80
64 72
64 77
65 72
65 89
65 96
66 76
66 81
66 82
66 90
66 95
67 91
68 77
69 77
71 76
71 81
72 77
72 80
73 80
74 77
74 82
75 79
75 80
76 99
77 80
77 83
77 85
77 88
78 83
80 85
80 88
80 91
80 98
81 82
81 88
81 91
83 85
85 92
85 96
91 93
92 96
95 96
