3 31 2 1 139 33 187 0 0 23 1 12 0 3 0 
15 72 94 11 284 763 355 330 29 177 107 28 18 5 0 
3 12 3 0 91 20 22 1 2 0 0 5 0 0 0 
8 47 24 4 219 226 332 36 7 79 16 29 4 5 0 
3 28 3 0 130 52 186 1 2 0 0 13 0 0 0 
2 29 0 1 137 0 186 0 0 23 0 12 0 3 0 
4 40 6 0 206 108 188 4 6 0 0 17 0 0 0 
2 13 1 0 107 11 35 0 1 0 0 3 0 0 0 
2 30 1 0 105 28 326 0 1 0 0 28 0 0 0 
3 6 3 0 57 12 3 1 0 0 0 1 0 0 0 
18 88 144 9 456 1227 287 683 67 113 122 23 11 11 0 
3 61 2 1 201 54 585 0 12 26 1 29 0 9 0 
3 21 3 0 183 32 86 1 5 0 0 14 0 0 0 
3 34 2 1 177 45 178 0 2 15 1 20 0 2 0 
3 26 2 1 150 31 132 0 1 19 1 12 0 0 0 
4 54 3 3 167 52 443 1 4 76 0 16 3 13 0 
2 44 0 1 141 0 458 0 0 26 0 20 0 9 0 
4 14 6 0 128 40 23 4 1 0 0 5 0 0 0 
20 72 178 12 331 1081 229 971 37 197 122 14 47 8 0 
9 49 35 1 281 335 212 77 14 23 7 14 0 3 0 
2 12 1 0 114 12 28 0 0 0 0 6 0 0 0 
2 44 0 1 141 0 458 0 0 26 0 20 0 9 0 
2 34 0 1 122 0 326 0 0 32 0 27 0 1 0 
5 25 9 1 155 79 85 7 1 15 3 12 0 2 0 
8 49 24 4 310 206 272 38 15 95 12 21 6 6 0 
3 55 2 1 189 57 483 0 7 33 1 40 0 3 0 
4 60 5 1 206 117 535 2 16 29 2 42 0 1 0 
6 62 13 2 204 220 569 13 15 42 6 28 1 9 0 
2 22 0 1 114 0 149 0 0 20 0 10 0 1 0 
2 35 1 0 140 33 350 0 1 0 0 29 0 0 0 
2 26 1 0 113 22 176 0 2 0 0 16 0 0 0 
2 31 1 0 134 27 329 0 2 0 0 28 0 0 0 
28 95 350 28 309 2112 262 2632 72 279 560 14 84 15 0 
2 44 0 1 141 0 458 0 0 26 0 20 0 9 0 
5 67 8 2 214 166 564 5 14 50 4 25 1 12 0 
2 19 1 0 112 17 128 0 1 0 0 9 0 0 0 
2 18 1 0 77 18 112 0 0 0 0 9 0 0 0 
2 29 1 0 103 27 324 0 1 0 0 28 0 0 0 
2 14 1 0 115 10 41 0 2 0 0 5 0 0 0 
2 36 1 0 148 26 286 0 5 0 0 21 0 0 0 
8 52 28 0 225 326 306 56 19 0 0 25 0 0 0 
5 45 10 0 237 162 261 10 9 0 0 26 0 0 0 
5 49 7 3 253 119 254 2 7 47 7 22 1 8 0 
16 81 109 11 258 971 442 427 21 176 112 32 21 13 0 
8 81 24 4 246 402 607 36 14 97 16 23 4 20 0 
4 44 5 1 171 113 262 2 4 11 2 25 0 0 0 
8 80 21 7 264 342 506 24 18 156 22 33 10 13 0 
5 51 8 2 222 120 381 5 7 62 4 35 1 4 0 
5 40 9 1 208 133 181 7 5 17 3 17 0 0 0 
17 73 127 9 409 971 236 564 34 115 97 25 19 7 0 
5 43 10 0 196 158 217 10 7 0 0 21 0 0 0 
9 91 31 5 271 523 650 55 24 125 23 38 6 16 0 
5 51 8 2 236 124 378 5 5 60 4 31 1 5 0 
10 59 42 3 247 423 433 98 10 70 20 20 2 9 0 
6 75 12 3 242 247 557 10 17 76 8 39 2 9 0 
4 38 6 0 174 106 339 4 4 0 0 32 0 0 0 
4 30 6 0 197 78 90 4 6 0 0 8 0 0 0 
6 54 14 1 277 218 309 16 13 24 4 23 0 1 0 
7 53 19 2 319 244 216 26 14 36 8 23 1 5 0 
16 103 102 18 280 1163 527 348 31 288 172 29 40 16 0 
2 16 1 0 81 10 54 0 3 0 0 3 0 0 0 
4 21 4 2 141 38 88 0 2 21 4 18 0 0 0 
3 27 2 1 115 26 145 0 1 18 1 12 0 4 0 
3 32 3 0 125 56 163 1 4 0 0 14 0 0 0 
2 15 0 1 67 0 60 0 0 13 0 9 0 1 0 
3 9 3 0 60 16 9 1 1 0 0 3 0 0 0 
8 29 26 2 179 174 89 44 4 19 12 17 0 1 0 
2 13 1 0 80 11 32 0 1 0 0 4 0 0 0 
2 26 0 1 115 0 145 0 0 18 0 12 0 4 0 
3 35 2 1 168 42 178 0 1 18 1 15 0 4 0 
2 19 1 0 128 17 98 0 1 0 0 13 0 0 0 
3 17 3 0 87 32 47 1 1 0 0 5 0 0 0 
5 28 8 2 115 76 98 5 3 26 4 7 1 2 0 
2 16 1 0 81 10 54 0 3 0 0 3 0 0 0 
2 15 1 0 62 15 67 0 0 0 0 12 0 0 0 
6 47 14 1 256 188 224 16 9 19 4 20 0 5 0 
3 11 3 0 53 20 21 1 1 0 0 2 0 0 0 
14 52 80 11 303 535 155 248 10 109 100 17 16 6 0 
2 9 1 0 96 9 17 0 0 0 0 5 0 0 0 
2 12 1 0 122 8 26 0 2 0 0 5 0 0 0 
10 37 42 3 164 271 79 99 11 36 18 10 3 2 0 
7 25 19 2 164 129 41 25 3 15 10 3 0 0 0 
3 12 2 1 54 13 23 0 0 11 1 2 0 0 0 
3 17 2 1 70 18 62 0 0 14 1 10 0 1 0 
2 16 0 1 108 0 74 0 0 16 0 18 0 0 0 
6 27 12 3 131 98 82 9 1 31 10 7 1 2 0 
2 6 1 0 74 4 4 0 1 0 0 3 0 0 0 
2 24 1 0 158 22 120 0 1 0 0 21 0 0 0 
5 47 9 1 195 156 219 7 6 16 3 20 0 2 0 
2 17 1 0 86 15 95 0 1 0 0 11 0 0 0 
3 34 1 2 162 19 183 0 1 37 0 15 1 5 0 
8 31 26 2 212 197 62 44 5 10 12 13 0 0 0 
3 23 2 1 110 37 118 0 1 7 1 11 0 0 0 
3 24 2 1 111 38 125 0 1 8 1 11 0 0 0 
4 35 4 2 193 58 176 1 1 41 2 15 1 2 0 
2 11 1 0 50 11 24 0 0 0 0 3 0 0 0 
5 23 9 1 122 81 99 7 3 5 3 13 0 0 0 
2 18 1 0 115 16 97 0 1 0 0 11 0 0 0 
2 16 1 0 81 10 54 0 3 0 0 3 0 0 0 
3 15 3 0 165 24 31 1 3 0 0 8 0 0 0 
