0 1 0.7437
0 9 0.90145
0 10 0.96706
1 3 0.95094
1 5 0.6102
1 10 0.77435
1 12 0.61658
1 13 0.6111
1 19 0.99036
1 23 0.73577
1 25 0.93402
1 32 0.61138
1 41 0.65261
1 42 0.69104
1 45 0.7193
1 46 0.89815
1 52 0.71618
2 3 0.90315
2 23 0.55996
2 37 0.885
3 13 0.56539
3 14 0.58176
3 15 0.77163
3 30 0.91185
3 32 0.58069
3 42 0.86224
4 18 0.81398
4 19 0.78732
4 35 0.96681
5 10 0.73229
6 19 0.86055
6 53 0.98457
7 14 0.88702
7 19 0.78389
7 22 0.56851
7 27 0.93502
7 46 0.65652
7 50 0.81648
7 56 0.52401
8 17 0.60231
8 32 0.68212
9 17 0.93069
9 36 0.60707
10 11 0.61007
10 14 0.97765
10 19 0.83933
10 26 0.81541
10 27 0.51715
10 35 0.90822
10 39 0.85976
10 40 0.53663
10 46 0.91518
10 48 0.91273
10 49 0.84036
10 51 0.61717
10 54 0.75193
10 57 0.50611
10 59 0.80102
11 18 0.61612
12 26 0.59304
12 34 0.67333
13 43 0.63379
14 48 0.86881
15 18 0.51814
16 18 0.50278
16 32 0.98556
17 23 0.65264
17 44 0.61075
18 21 0.5761
18 27 0.80318
18 28 0.59611
18 30 0.52723
18 31 0.84291
18 32 0.77082
18 33 0.86041
18 34 0.50029
18 39 0.81338
18 40 0.83276
18 41 0.71
18 44 0.8462
18 45 0.89213
18 50 0.89209
18 51 0.81732
18 53 0.98034
18 57 0.81958
19 29 0.54047
19 50 0.81791
19 56 0.60358
19 58 0.6757
20 23 0.95008
20 51 0.99012
21 32 0.92232
22 31 0.96554
22 32 0.8988
22 53 0.69017
23 46 0.9367
24 32 0.99464
24 34 0.81666
25 32 0.88969
27 28 0.926
27 32 0.66955
27 38 0.58823
27 40 0.68716
29 32 0.81471
30 31 0.812
31 32 0.60958
31 37 0.83579
31 41 0.57453
31 44 0.62744
31 53 0.84194
32 33 0.66598
32 34 0.83987
32 37 0.898
32 43 0.64658
32 44 0.66884
32 47 0.67506
32 52 0.58545
32 53 0.51324
32 54 0.70434
32 55 0.96261
32 59 0.84157
36 49 0.64769
38 45 0.50905
38 48 0.95604
38 49 0.84792
38 51 0.74972
38 53 0.67399
38 54 0.73818
40 44 0.61962
40 45 0.50238
40 46 0.71049
40 50 0.57281
40 54 0.70087
40 56 0.6094
40 58 0.92357
40 60 0.66402
40 64 0.74317
40 72 0.92857
40 73 0.774
40 75 0.66391
40 95 0.87136
40 98 0.99112
41 58 0.53344
41 62 0.81127
41 75 0.87351
42 49 0.62968
42 59 0.64672
42 77 0.68787
42 94 0.64912
43 47 0.87368
43 49 0.95049
43 54 0.96158
43 58 0.9245
43 59 0.70099
43 62 0.89523
43 68 0.92624
43 69 0.57638
43 70 0.73741
43 77 0.87596
43 89 0.80745
43 94 0.81889
43 96 0.52478
43 97 0.86292
44 49 0.62289
44 59 0.54397
44 78 0.74883
44 79 0.57948
45 69 0.57316
45 81 0.77952
45 91 0.57608
46 47 0.56485
46 58 0.77358
46 59 0.86082
46 91 0.61908
47 57 0.85133
47 86 0.83643
48 53 0.76098
48 91 0.92243
49 59 0.62449
49 62 0.82368
49 94 0.55955
50 81 0.84919
50 94 0.69832
51 52 0.83633
51 56 0.69442
51 59 0.88352
51 62 0.70273
51 69 0.89175
51 77 0.93397
51 99 0.97855
52 70 0.83666
52 75 0.76751
53 57 0.59124
53 69 0.54344
53 71 0.5748
53 87 0.58514
54 77 0.98697
54 99 0.95989
55 57 0.74078
55 85 0.74267
55 97 0.63572
56 66 0.95348
57 88 0.82592
58 59 0.55363
58 62 0.53164
58 67 0.84306
59 61 0.73976
59 66 0.60556
59 75 0.86498
59 77 0.52453
59 84 0.95979
59 87 0.67794
59 90 0.71064
60 80 0.51443
61 77 0.64523
61 84 0.53567
61 91 0.74945
61 93 0.95854
62 66 0.70904
62 67 0.95863
62 77 0.9706
62 79 0.68267
62 86 0.65983
63 66 0.79975
63 80 0.85718
64 72 0.87198
64 77 0.8885
65 72 0.79712
65 89 0.5362
65 96 0.69767
66 76 0.83007
66 81 0.51841
66 82 0.91636
66 90 0.54016
66 95 0.90013
67 69 0.71478
67 91 0.77936
68 77 0.9408
69 72 0.52062
69 77 0.93175
69 83 0.70906
69 93 0.81414
69 95 0.82211
71 76 0.60073
71 81 0.89396
72 77 0.93797
72 80 0.7116
73 80 0.76181
74 77 0.93876
74 82 0.97815
75 77 0.86756
75 79 0.96988
75 80 0.56888
76 99 0.62851
77 80 0.9077
77 83 0.59586
77 85 0.93995
77 88 0.99416
77 94 0.51701
78 83 0.62567
80 85 0.80403
80 88 0.64374
80 91 0.57096
80 98 0.91829
81 82 0.71331
81 88 0.81386
81 91 0.55758
83 85 0.63356
85 92 0.79955
85 96 0.62424
91 93 0.93326
92 96 0.78507
95 96 0.61074
