1 7 0.88502 4
1 8 0.53541 10
1 24 0.60051 5
2 8 0.97048 10
2 47 0.51497 7
3 30 0.76043 5
3 31 0.96069 3
4 24 0.63016 5
4 28 0.84017 8
4 39 0.86565 9
4 46 0.63356 4
5 21 0.51272 3
5 25 0.91022 3
5 36 0.72212 5
5 51 0.50247 5
5 60 0.86554 5
6 30 0.97345 5
6 31 0.63836 3
7 14 0.72239 4
7 28 0.54727 9
7 38 0.80497 4
7 39 0.94914 10
7 40 0.74307 4
8 9 0.78103 11
8 15 0.69636 12
8 18 0.85168 10
8 19 0.90066 10
8 27 0.96974 10
8 30 0.95153 13
8 35 0.8079 10
8 39 0.80375 16
8 43 0.71957 15
8 44 0.87728 11
8 49 0.79567 11
8 51 0.70955 12
8 52 0.82388 13
8 53 0.67005 14
8 55 0.72534 20
8 57 0.51813 12
9 24 0.85982 5
9 30 0.85338 6
9 39 0.83597 9
10 47 0.70399 7
10 55 0.95672 12
11 39 0.90989 8
11 45 0.61267 5
12 24 0.89128 5
12 39 0.67836 9
12 47 0.75569 8
12 55 0.86303 13
13 37 0.73879 4
13 39 0.90023 10
13 43 0.75465 9
13 47 0.941 9
13 55 0.81934 14
13 59 0.8475 5
14 38 0.70343 2
14 51 0.67575 4
15 16 0.63572 4
15 23 0.58364 5
15 34 0.8525 5
15 54 0.66874 5
15 59 0.76066 5
16 24 0.85913 5
16 31 0.64175 4
17 42 0.78611 4
17 48 0.63222 12
17 53 0.86299 7
17 55 0.99545 13
18 41 0.92267 4
19 43 0.62737 7
20 33 0.88475 4
20 36 0.65754 3
21 34 0.60625 3
22 29 0.7077 3
22 33 0.80087 4
22 39 0.51453 9
23 24 0.73877 5
23 28 0.88965 8
23 42 0.87773 4
24 28 0.58325 9
25 52 0.58506 5
26 28 0.99393 7
26 41 0.69751 5
26 55 0.60092 12
27 30 0.68366 5
27 39 0.84678 9
28 30 0.74588 10
28 33 0.89349 9
28 34 0.95512 8
28 39 0.60452 13
28 45 0.88938 10
28 55 0.85698 17
28 58 0.92065 8
29 30 0.58636 5
29 41 0.89972 5
30 31 0.8361 6
31 55 0.9238 13
32 50 0.78671 3
32 55 0.58501 12
33 36 0.62852 5
33 45 0.69445 7
33 55 0.66649 14
34 43 0.81956 8
35 55 0.88861 12
36 49 0.69699 5
36 55 0.6967 13
37 47 0.54564 7
39 43 0.57115 13
39 51 0.75736 10
39 53 0.99719 12
39 55 0.72895 18
39 58 0.83881 9
40 41 0.98221 4
41 43 0.78183 9
41 47 0.61355 10
41 48 0.6376 13
42 48 0.7392 12
42 87 0.74757 5
43 52 0.70476 10
43 56 0.72215 8
43 57 0.70849 9
43 62 0.93302 10
43 70 0.72036 10
43 71 0.57117 8
44 52 0.56046 6
44 68 0.98486 8
44 79 0.67653 7
44 86 0.89715 3
45 61 0.60234 5
45 65 0.86086 5
45 76 0.76536 6
45 91 0.74656 6
45 100 0.53255 5
46 55 0.52879 13
46 70 0.50316 6
46 71 0.57891 4
47 54 0.67904 9
47 60 0.98637 9
47 62 0.51067 11
47 68 0.64551 12
47 78 0.64346 8
47 79 0.64913 11
47 80 0.91775 12
48 49 0.89789 12
48 55 0.69308 21
48 58 0.78386 12
48 59 0.93238 12
48 67 0.72328 11
48 70 0.80861 14
48 75 0.5991 11
48 79 0.88077 15
48 80 0.73757 16
48 83 0.75614 15
48 84 0.88465 11
48 89 0.82658 11
48 91 0.73017 12
48 92 0.89785 13
48 93 0.87371 12
48 95 0.83091 18
48 97 0.66213 11
49 64 0.6409 3
49 70 0.68029 7
50 52 0.54481 6
50 55 0.53407 13
50 87 0.5818 5
50 95 0.57694 11
51 79 0.90273 8
51 85 0.95589 4
52 79 0.69874 9
52 87 0.75099 7
52 95 0.85962 12
53 55 0.97908 16
53 77 0.95746 6
53 80 0.71948 11
53 83 0.74979 10
53 87 0.75881 8
53 95 0.82178 13
53 99 0.93797 6
54 59 0.83287 5
54 78 0.89585 4
54 91 0.96012 4
55 56 0.8851 13
55 63 0.5528 12
55 74 0.87073 13
55 94 0.68739 12
55 99 0.97234 12
56 62 0.96961 7
56 71 0.99117 5
56 80 0.63251 8
57 82 0.73995 4
57 88 0.75501 4
57 93 0.96061 5
57 95 0.52632 11
58 81 0.96027 4
59 83 0.72955 7
60 62 0.83468 7
60 73 0.66645 5
60 76 0.71369 5
61 74 0.98921 3
62 66 0.50588 6
62 69 0.96576 6
62 72 0.54817 6
62 73 0.93663 7
62 83 0.99249 9
63 68 0.98554 7
63 82 0.72748 2
64 68 0.80286 7
65 80 0.55348 7
65 92 0.94042 4
66 68 0.83559 8
66 81 0.60212 4
66 95 0.84456 10
67 70 0.75498 5
68 70 0.6087 10
68 73 0.89644 9
68 74 0.77217 8
68 79 0.55123 11
68 85 0.77304 7
68 95 0.67152 14
68 98 0.82687 7
69 70 0.67771 6
69 81 0.80734 4
70 71 0.71978 7
70 80 0.71935 10
71 95 0.50745 11
72 90 0.67193 3
72 95 0.93795 10
73 76 0.89105 5
73 85 0.78854 4
73 95 0.91114 11
74 83 0.81254 7
75 95 0.83959 9
76 89 0.60302 4
76 95 0.87094 11
77 87 0.61317 4
78 80 0.67842 7
79 83 0.69319 10
79 91 0.92725 7
79 95 0.86417 13
79 98 0.84603 6
80 81 0.75132 8
80 92 0.90692 9
80 93 0.81742 8
80 96 0.76639 7
80 98 0.53092 7
81 83 0.88893 7
83 92 0.78081 8
83 96 0.91374 6
83 97 0.90051 6
84 92 0.71034 4
86 95 0.94967 9
87 100 0.98455 4
88 89 0.58368 2
90 92 0.86218 4
90 95 0.66502 10
93 95 0.96638 10
94 99 0.70668 2
95 96 0.76272 10
