1 7 0.88502 6
1 8 0.53541 10
2 8 0.97048 10
2 47 0.51497 8
3 30 0.76043 5
3 31 0.96069 3
4 28 0.84017 8
4 39 0.86565 6
4 46 0.63356 4
5 21 0.51272 3
5 25 0.91022 3
5 36 0.72212 5
5 51 0.50247 6
5 60 0.86554 4
6 30 0.97345 5
6 31 0.63836 3
7 10 0.84888 7
7 14 0.72239 7
7 28 0.54727 12
7 32 0.67085 7
7 33 0.66303 9
7 36 0.70337 8
7 38 0.80497 6
7 39 0.94914 10
7 40 0.74307 6
7 46 0.95425 8
8 9 0.78103 10
8 15 0.69636 12
8 18 0.85168 10
8 19 0.90066 10
8 27 0.96974 10
8 30 0.95153 13
8 35 0.8079 10
8 39 0.53104 14
8 43 0.71957 14
8 44 0.87728 11
8 49 0.79567 12
8 51 0.70955 12
8 52 0.82388 13
8 53 0.67005 13
8 55 0.72534 20
8 57 0.51813 12
9 24 0.85982 2
9 30 0.85338 5
10 47 0.70399 8
10 55 0.95672 13
11 39 0.58844 6
11 45 0.61267 5
12 39 0.67836 6
12 47 0.75569 8
12 55 0.86303 13
13 37 0.73879 3
13 43 0.75465 8
13 47 0.941 9
13 55 0.81934 14
13 59 0.8475 5
14 38 0.70343 2
14 51 0.67575 5
15 16 0.63572 4
15 23 0.58364 5
15 34 0.8525 5
15 54 0.66874 6
15 59 0.76066 5
16 31 0.64175 3
17 42 0.78611 4
17 48 0.63222 11
17 53 0.86299 6
17 55 0.99545 13
18 41 0.92267 4
19 43 0.62737 6
20 29 0.60514 5
20 33 0.88475 5
20 36 0.65754 4
21 34 0.60625 3
22 29 0.7077 4
22 33 0.80087 4
23 28 0.88965 8
23 29 0.78599 5
23 42 0.87773 4
24 28 0.58325 7
25 52 0.58506 5
26 28 0.99393 8
26 41 0.69751 5
26 55 0.60092 13
27 30 0.68366 5
28 29 0.77581 10
28 30 0.74588 10
28 33 0.89349 10
28 34 0.95512 8
28 39 0.60452 11
28 45 0.88938 11
28 55 0.85698 18
28 58 0.92065 8
29 30 0.58636 7
29 41 0.74223 7
29 45 0.66873 8
30 31 0.8361 6
31 55 0.9238 14
32 50 0.78671 4
32 55 0.58501 13
33 36 0.62852 6
33 45 0.69445 8
33 55 0.66649 15
34 43 0.81956 7
35 55 0.88861 12
36 49 0.69699 6
36 55 0.6967 14
37 47 0.54564 8
39 43 0.57115 10
39 51 0.75736 8
39 55 0.85131 16
39 58 0.83881 7
40 41 0.98221 4
41 43 0.78183 9
41 47 0.61355 10
41 48 0.6376 13
42 48 0.7392 11
42 87 0.74757 5
43 52 0.70476 10
43 56 0.72215 7
43 57 0.70849 8
43 70 0.72036 9
43 71 0.57117 8
44 52 0.56046 7
44 68 0.98486 8
44 79 0.67653 8
44 86 0.89715 4
45 61 0.60234 5
45 65 0.86086 5
45 76 0.76536 7
45 91 0.74656 6
45 100 0.53255 5
46 55 0.52879 14
46 70 0.50316 6
46 71 0.57891 5
47 54 0.67904 10
47 60 0.98637 9
47 68 0.64551 13
47 78 0.64346 8
47 79 0.64913 12
47 80 0.91775 8
47 81 0.68518 13
47 84 0.96957 10
48 49 0.89789 12
48 55 0.69308 21
48 58 0.78386 11
48 59 0.93238 12
48 67 0.72328 10
48 70 0.80861 13
48 75 0.5991 11
48 79 0.88077 15
48 83 0.75614 14
48 84 0.69006 13
48 89 0.82658 11
48 91 0.73017 11
48 92 0.89785 12
48 93 0.87371 11
48 95 0.83091 18
48 97 0.66213 13
49 64 0.6409 4
49 70 0.68029 7
49 97 0.70119 7
50 52 0.54481 7
50 55 0.53407 14
50 84 0.7609 6
50 87 0.5818 6
50 95 0.57694 12
51 79 0.90273 9
51 85 0.95589 5
51 97 0.74253 7
52 79 0.69874 10
52 81 0.70916 10
52 87 0.75099 8
52 95 0.85962 13
53 55 0.97908 15
53 77 0.95746 5
53 83 0.74979 8
53 87 0.75881 7
53 95 0.82178 13
53 99 0.93797 5
54 59 0.83287 5
54 78 0.89585 4
54 91 0.96012 5
54 97 0.77595 7
55 56 0.8851 13
55 63 0.5528 13
55 74 0.87073 13
55 81 0.92905 17
55 94 0.68739 13
55 99 0.97234 13
56 71 0.99117 4
57 82 0.73995 4
57 88 0.75501 4
57 93 0.96061 4
57 95 0.52632 12
58 81 0.96027 8
59 83 0.72955 7
60 73 0.66645 5
60 76 0.71369 5
61 74 0.98921 3
62 69 0.96576 4
62 73 0.93663 4
63 68 0.98554 7
63 82 0.72748 2
64 68 0.80286 7
64 81 0.96304 7
65 92 0.94042 4
66 68 0.83559 8
66 81 0.60212 8
66 95 0.84456 11
66 97 0.74557 6
67 70 0.75498 5
68 70 0.6087 10
68 73 0.89644 9
68 74 0.77217 8
68 79 0.55123 11
68 85 0.77304 7
68 95 0.67152 15
68 98 0.82687 7
69 70 0.67771 7
69 72 0.70515 5
69 80 0.96845 5
69 81 0.54946 9
69 92 0.73324 6
69 94 0.57574 5
70 71 0.71978 7
71 81 0.79531 9
71 95 0.50745 12
72 90 0.67193 3
72 95 0.93795 10
73 76 0.89105 6
73 85 0.78854 4
73 95 0.91114 12
74 83 0.81254 6
75 81 0.91632 7
75 95 0.83959 10
76 84 0.58086 6
76 89 0.60302 4
76 95 0.87094 12
77 84 0.79573 5
77 87 0.61317 5
79 83 0.69319 10
79 91 0.92725 7
79 95 0.86417 14
79 97 0.86233 9
79 98 0.84603 6
80 81 0.75132 7
81 83 0.88893 10
81 86 0.80848 7
83 92 0.78081 7
83 96 0.91374 5
83 97 0.90051 8
84 92 0.71034 6
84 95 0.61873 12
86 95 0.94967 10
87 97 0.7016 7
87 100 0.98455 4
88 89 0.58368 2
90 92 0.86218 4
90 95 0.66502 10
93 95 0.96638 10
94 99 0.70668 3
95 96 0.76272 10
