1 1 2 0 6 25 -23 1 2 0 0 3 0 0 0 
0 -1 0 0 0 -1 -16 0 0 0 0 4 0 0 0 
0 0 0 0 -1 0 1 0 0 0 0 -1 0 0 0 
1 7 2 1 -3 27 36 1 0 15 1 2 1 1 0 
0 -1 0 0 -12 -4 -6 0 0 0 0 0 0 0 0 
0 0 0 0 -1 0 1 0 0 0 0 -1 0 0 0 
-5 -10 -38 -2 -98 -180 26 -119 -19 -9 -24 5 -2 -4 0 
0 1 -3 3 -21 -18 -3 -34 -1 33 21 -2 12 2 1 
1 17 2 1 47 35 72 1 6 17 1 6 1 5 0 
-1 -12 -2 0 -31 -43 -77 -1 -7 0 0 -1 0 0 0 
0 4 0 0 -2 4 43 0 0 0 0 5 0 0 0 
1 9 3 0 1 57 26 2 4 0 1 7 0 2 0 
1 9 3 2 23 40 9 2 0 43 7 5 1 5 0 
0 -6 0 0 -11 -7 -32 0 0 -5 0 -3 0 0 0 
0 0 0 0 0 -1 -5 0 1 -1 0 3 0 0 0 
1 6 2 0 17 19 13 1 1 0 0 2 0 0 0 
0 2 0 0 3 2 8 0 1 0 0 2 0 1 0 
0 0 0 0 -2 0 -3 0 0 0 0 3 0 0 0 
0 1 0 0 11 0 4 0 0 1 0 5 0 0 0 
-1 -8 -2 0 -45 -15 -18 0 -3 0 -1 -4 0 -1 0 
0 0 0 0 -1 0 0 0 0 0 0 0 0 0 0 
1 9 2 0 43 32 63 1 -1 0 0 9 0 0 0 
0 -1 0 0 -12 -4 -9 0 1 1 0 -1 0 -1 0 
5 9 18 2 89 84 -18 26 9 20 8 -3 1 1 0 
0 -1 0 0 -15 -1 -7 0 0 0 0 0 0 0 0 
0 -2 0 0 -9 0 -30 0 -1 -2 0 0 0 0 0 
1 12 1 1 48 15 59 0 2 17 0 4 1 5 0 
-1 1 -10 -2 -10 -35 0 -40 -2 -12 -21 4 -5 1 0 
-4 -18 -15 -3 -38 -114 -44 -22 -6 -40 -9 -8 -3 -1 0 
0 -1 1 -1 19 1 -10 6 3 -14 -6 2 0 0 0 
0 0 0 0 -6 0 -21 0 0 0 0 1 0 0 0 
-1 -12 -2 0 -39 -33 -65 0 -6 -2 -1 -3 0 0 0 
-1 -10 -4 -2 -5 -53 -54 -6 -7 -27 -4 2 -5 -2 0 
0 0 0 0 12 0 -1 0 0 0 0 0 0 0 0 
0 -1 0 0 -9 0 -25 0 0 -1 0 5 0 0 0 
-1 -12 -4 -1 -38 -67 -59 -6 -5 -12 -2 -1 -2 -1 0 
0 0 0 0 8 0 -11 0 0 0 0 3 0 0 0 
0 -5 0 0 -11 0 -28 0 0 -5 0 -2 0 0 0 
5 4 54 6 31 324 -95 238 3 65 77 -5 19 3 1 
0 -5 0 0 -13 -5 -33 0 0 0 0 -2 0 0 0 
0 -3 0 0 -17 -18 2 0 0 0 0 0 0 0 0 
0 0 0 0 -8 1 12 0 -1 1 0 0 0 0 0 
1 11 9 2 10 144 54 31 2 20 22 4 2 4 0 
0 -3 0 0 -23 -6 -13 0 -1 -4 0 0 0 0 0 
-1 -6 -7 -1 -10 -54 -18 -21 -2 -10 -6 1 -1 -3 0 
-1 -10 -4 0 -20 -56 -61 -5 -9 0 -1 0 0 0 0 
-1 -1 -14 1 -27 -75 -1 -84 -1 8 5 0 1 0 0 
1 -2 19 0 -46 60 -5 153 -2 -6 19 3 0 -2 -1 
-1 -5 -4 -1 -43 -51 17 -6 -1 -17 -3 2 -1 -1 0 
-1 -9 -4 -1 -67 -58 -40 -4 -3 -21 -5 1 -1 -2 0 
-1 -1 -5 -1 -32 -40 34 -9 -1 -12 -6 1 0 1 0 
-1 -14 -8 0 -43 -139 -71 -22 -11 -4 -6 -2 0 -1 0 
2 18 15 2 29 239 58 44 7 35 17 1 2 6 1 
-1 -7 -5 0 -23 -47 -27 -8 -5 -2 -2 -5 0 1 0 
-1 -11 -24 2 -26 -302 -25 -249 -30 30 10 -3 7 1 1 
2 16 6 1 62 111 42 5 4 15 3 10 1 0 0 
0 1 0 0 18 4 -8 0 0 1 0 3 0 0 0 
0 -2 0 0 -39 -4 7 0 -3 4 0 2 0 0 0 
0 2 0 0 3 11 24 0 -2 1 0 1 0 0 0 
1 2 2 2 13 11 -14 1 -1 24 3 0 2 0 0 
0 -1 0 0 -6 -1 -6 0 0 0 0 -1 0 0 0 
7 35 32 3 191 297 112 64 14 28 19 14 1 2 0 
0 -1 0 0 -13 -2 -23 0 0 0 0 2 0 0 0 
-1 -12 -2 0 -71 -35 -56 -1 -2 0 0 -3 0 0 0 
1 8 1 1 41 15 32 0 0 12 1 2 0 1 0 
0 -7 0 0 -44 -12 -50 0 -4 -1 0 -7 0 0 0 
0 2 0 0 2 0 24 0 0 0 0 -1 0 1 0 
0 -2 0 0 -6 -17 -20 0 1 -7 0 -3 0 0 0 
-4 -8 -17 -1 -74 -115 -16 -29 -1 -9 -5 0 0 -1 0 
1 4 7 1 -8 53 32 19 4 21 7 1 2 1 0 
-1 -9 -5 0 -32 -72 -54 -7 -7 3 -3 -3 0 1 0 
0 1 0 0 14 1 -1 0 1 -1 0 -1 0 0 0 
0 4 -1 1 14 7 6 -3 4 5 2 -1 1 0 0 
0 0 0 0 -12 2 -14 0 -1 0 0 1 0 0 0 
-1 -11 -2 0 -60 -41 -50 0 -7 2 -1 -3 0 -1 0 
-1 -5 -4 -1 -28 -32 -14 -5 -2 -17 -4 -1 -1 -1 0 
-1 -5 -2 0 -40 -19 -4 0 -2 1 -1 -2 0 0 0 
1 7 1 1 33 13 17 0 0 17 0 4 1 0 0 
-1 -2 -7 -3 -2 -44 5 -15 -6 -32 -25 2 -4 -1 -1 
9 36 60 3 178 529 118 174 30 29 42 20 3 6 0 
-7 -44 -54 -2 -169 -605 -262 -191 -29 -17 -18 -22 -1 0 0 
0 0 0 0 0 0 0 0 0 0 0 0 0 0 0 
1 0 10 -1 -11 66 -6 38 2 -12 -2 5 1 -1 -1 
-5 -35 -17 -3 -118 -236 -139 -19 -10 -56 -12 -10 -4 -4 0 
0 -1 0 0 1 -2 -5 0 0 0 0 0 0 0 0 
-1 -12 -2 0 -63 -34 -66 -1 -5 0 0 -5 0 0 0 
-1 -8 -6 0 -42 -60 -13 -13 -4 -1 -2 -4 0 0 0 
0 0 0 0 1 0 0 0 0 0 0 0 0 0 0 
0 0 0 0 -5 2 15 0 -1 0 0 -1 0 0 0 
0 -1 0 0 3 3 -14 0 -2 -1 0 -1 0 0 0 
0 -2 0 0 -15 -2 0 0 -2 2 0 -2 0 -1 0 
0 -1 -2 2 -25 -34 23 -5 -1 29 2 -5 3 1 0 
1 9 2 1 26 34 33 0 2 23 2 -2 1 1 0 
-1 -7 -2 0 -32 -32 -36 0 -1 -1 -1 1 0 0 0 
-1 -2 -14 -3 -2 -60 23 -85 -8 -25 -43 3 -8 -1 0 
1 11 2 0 42 33 46 1 7 0 0 1 0 0 0 
-6 -25 -23 -4 -138 -244 3 -32 -13 -57 -19 -7 -4 -2 -1 
1 10 2 0 47 32 45 0 4 -1 1 2 0 0 0 
0 0 0 0 3 1 -8 0 0 -3 0 2 0 1 0 
0 -2 0 0 -14 -2 -11 0 0 0 0 -1 0 0 0 
