2 27 1 0 107 25 166 0 1 0 0 15 0 0 0 
2 30 1 0 129 30 199 0 0 0 0 15 0 0 0 
2 9 0 1 55 0 15 0 0 7 0 3 0 1 0 
3 23 2 1 148 19 77 0 4 13 1 12 0 3 0 
5 16 10 0 114 64 22 10 0 0 0 6 0 0 0 
2 9 0 1 55 0 15 0 0 7 0 3 0 1 0 
11 37 51 4 235 285 83 131 22 27 32 10 2 7 0 
18 74 142 11 316 1078 256 654 20 130 148 24 14 5 0 
3 23 2 1 96 22 123 0 1 20 1 12 0 1 0 
3 45 3 0 169 72 333 1 9 0 0 21 0 0 0 
2 17 1 0 97 15 54 0 1 0 0 10 0 0 0 
3 42 2 1 190 49 297 0 3 25 1 19 0 2 0 
5 48 9 1 214 162 324 7 9 12 3 24 0 0 0 
3 15 2 1 79 19 46 0 1 9 1 5 0 0 0 
6 31 14 1 161 144 137 16 2 7 4 14 0 0 0 
2 9 1 0 57 9 13 0 0 0 0 3 0 0 0 
4 44 3 3 188 46 302 0 3 76 2 24 2 2 0 
2 23 1 0 121 21 140 0 1 0 0 11 0 0 0 
2 25 0 1 110 0 147 0 0 19 0 9 0 3 0 
3 15 2 1 109 15 25 0 3 5 1 6 0 2 0 
2 7 1 0 42 7 9 0 0 0 0 0 0 0 0 
2 12 1 0 73 6 21 0 3 0 0 9 0 0 0 
4 24 5 1 128 54 68 2 1 12 2 10 0 2 0 
2 14 1 0 79 12 55 0 1 0 0 12 0 0 0 
2 12 1 0 83 12 28 0 0 0 0 6 0 0 0 
3 38 2 1 174 40 262 0 2 28 1 18 0 2 0 
2 22 0 1 88 0 123 0 0 20 0 12 0 1 0 
13 60 67 11 196 549 235 182 18 127 87 15 17 4 0 
7 33 18 3 134 144 77 23 6 40 9 12 3 1 0 
8 34 23 5 151 177 154 28 5 47 26 17 2 2 0 
5 28 8 2 128 98 225 5 2 10 4 16 1 0 0 
3 35 2 1 148 33 242 0 6 25 1 19 0 0 0 
7 48 15 6 145 173 262 13 9 89 14 14 8 4 0 
4 28 6 0 135 78 103 4 3 0 0 18 0 0 0 
2 37 0 1 140 0 312 0 0 33 0 18 0 2 0 
6 43 12 3 187 161 249 11 7 36 6 16 3 2 0 
2 15 0 1 90 0 66 0 0 15 0 3 0 0 0 
2 10 0 1 42 0 33 0 0 10 0 3 0 0 0 
10 69 37 8 230 431 355 68 16 142 40 18 12 8 0 
2 16 1 0 86 16 56 0 0 0 0 4 0 0 0 
7 51 21 0 250 292 262 35 7 0 0 30 0 0 0 
4 28 5 1 150 61 137 2 2 17 2 18 0 1 0 
11 55 49 6 322 436 158 118 15 76 40 17 7 4 0 
5 42 7 3 228 102 189 3 6 44 5 20 2 5 0 
9 32 34 2 172 220 66 71 3 22 12 12 1 4 0 
5 44 9 1 204 140 277 7 13 8 3 21 0 1 0 
14 57 87 4 338 662 152 316 21 29 48 18 0 4 0 
19 84 155 16 336 1270 337 722 38 152 223 24 23 7 1 
6 52 13 2 253 204 268 13 6 38 6 29 1 3 0 
6 53 11 4 250 175 324 6 8 68 12 26 2 3 0 
7 47 19 2 238 233 181 25 5 31 10 26 0 4 0 
9 69 30 6 282 410 315 47 21 86 32 28 5 7 0 
8 69 24 4 251 363 431 35 19 74 18 35 3 4 0 
6 29 13 2 169 110 89 12 8 19 8 10 0 0 0 
23 99 240 13 341 1910 347 1513 65 118 243 34 15 10 0 
3 35 2 1 174 47 255 0 5 11 1 18 0 1 0 
6 44 13 2 182 170 255 12 4 34 8 21 0 4 0 
4 48 5 1 248 111 262 2 7 13 2 29 0 3 0 
5 36 8 2 196 102 160 4 5 26 6 15 0 3 0 
4 25 5 1 119 63 89 2 2 6 2 7 0 1 0 
2 11 1 0 72 11 29 0 0 0 0 2 0 0 0 
2 11 1 0 57 11 20 0 0 0 0 5 0 0 0 
3 34 3 0 153 66 266 1 1 0 0 20 0 0 0 
3 27 3 0 167 48 109 1 3 0 0 11 0 0 0 
2 13 1 0 67 13 34 0 0 0 0 4 0 0 0 
4 44 5 1 197 86 219 2 10 22 2 22 0 2 0 
2 23 0 1 115 0 135 0 0 21 0 16 0 1 0 
12 55 59 7 261 485 183 160 15 82 50 22 10 4 0 
7 28 20 1 190 147 70 30 5 9 5 8 0 1 0 
8 52 24 4 264 290 213 34 10 50 20 25 2 2 0 
6 45 12 3 245 169 210 10 13 30 8 22 2 0 0 
3 23 2 1 98 27 121 0 1 17 1 14 0 0 0 
6 31 11 4 136 96 133 7 1 51 10 12 3 3 0 
4 42 6 0 199 116 289 4 5 0 0 25 0 0 0 
3 44 2 1 182 41 287 0 7 27 1 24 0 3 0 
6 35 12 3 169 126 135 10 3 37 8 13 2 3 0 
3 17 2 1 136 19 32 0 2 11 1 8 0 0 0 
2 16 0 1 70 0 68 0 0 16 0 4 0 0 0 
11 72 43 12 263 495 300 77 20 165 69 17 18 10 1 
3 26 1 2 118 17 109 0 0 35 0 3 1 0 0 
12 72 64 2 350 697 349 201 39 17 18 33 1 0 0 
2 7 1 0 76 7 9 0 0 0 0 2 0 0 0 
9 56 31 5 295 317 197 56 21 79 22 20 5 5 1 
7 57 17 4 218 236 284 19 10 74 12 24 4 6 0 
3 20 2 1 115 24 57 0 1 12 1 9 0 1 0 
3 32 3 0 163 48 178 1 8 0 0 19 0 0 0 
7 29 19 2 229 138 51 25 9 16 10 15 0 1 0 
2 7 1 0 66 7 9 0 0 0 0 2 0 0 0 
3 24 3 0 116 44 144 1 2 0 0 19 0 0 0 
3 22 2 1 104 21 115 0 3 17 1 15 0 0 0 
4 39 5 1 179 83 186 2 4 20 2 24 0 3 0 
6 37 13 2 186 131 152 13 5 36 6 15 1 4 0 
3 36 1 2 150 21 225 0 0 45 0 22 1 3 0 
3 28 2 1 128 32 213 0 1 20 1 12 0 1 0 
18 71 139 14 311 974 185 612 42 127 184 21 20 11 0 
2 25 1 0 119 19 145 0 3 0 0 19 0 0 0 
8 51 23 5 256 244 166 32 13 77 19 19 4 5 1 
2 19 0 1 114 0 70 0 0 13 0 11 0 3 0 
3 27 1 2 149 7 195 0 0 43 0 10 1 2 0 
2 14 1 0 59 14 39 0 0 0 0 4 0 0 0 
