0 6
0 7
0 23
1 7
1 46
2 29
2 30
3 23
3 27
3 38
3 45
4 20
4 24
4 35
4 50
4 59
5 29
5 30
6 13
6 27
6 37
6 38
6 39
7 8
7 14
7 17
7 18
7 26
7 29
7 34
7 38
7 42
7 43
7 48
7 50
7 51
7 52
7 54
7 56
8 23
8 29
8 38
9 46
9 54
10 38
10 44
11 23
11 38
11 46
11 54
12 36
12 38
12 42
12 46
12 54
12 58
13 37
13 50
14 15
14 22
14 33
14 53
14 58
15 23
15 30
16 41
16 47
16 52
16 54
17 40
18 42
19 32
19 35
20 33
21 28
21 32
21 38
22 23
22 27
22 41
23 27
24 51
25 27
25 40
25 54
26 29
26 38
27 29
27 32
27 33
27 38
27 44
27 54
27 57
28 29
28 40
29 30
30 54
31 49
31 54
32 35
32 44
32 54
33 42
34 54
35 48
35 54
36 46
38 42
38 50
38 52
38 54
38 57
39 40
40 42
40 46
40 47
41 47
41 86
42 51
42 55
42 56
42 61
42 69
42 70
43 51
43 67
43 78
43 85
44 60
44 64
44 75
44 90
44 99
45 54
45 69
45 70
46 53
46 59
46 61
46 67
46 77
46 78
46 79
47 48
47 54
47 57
47 58
47 66
47 69
47 74
47 78
47 79
47 82
47 83
47 88
47 90
47 91
47 92
47 94
47 96
48 63
48 69
49 51
49 54
49 86
49 94
50 78
50 84
51 78
51 86
51 94
52 54
52 76
52 79
52 82
52 86
52 94
52 98
53 58
53 77
53 90
54 55
54 62
54 73
54 93
54 98
55 61
55 70
55 79
56 81
56 87
56 92
56 94
57 80
58 82
59 61
59 72
59 75
60 73
61 65
61 68
61 71
61 72
61 82
62 67
62 81
63 67
64 79
64 91
65 67
65 80
65 94
66 69
67 69
67 72
67 73
67 78
67 84
67 94
67 97
68 69
68 80
69 70
69 79
70 94
71 89
71 94
72 75
72 84
72 94
73 82
74 94
75 88
75 94
76 86
77 79
78 82
78 90
78 94
78 97
79 80
79 91
79 92
79 95
79 97
80 82
82 91
82 95
82 96
83 91
85 94
86 99
87 88
89 91
89 94
92 94
93 98
94 95
