3 28 3 0 113 50 143 1 3 0 0 18 0 0 0 
2 29 1 0 129 29 183 0 0 0 0 19 0 0 0 
2 9 0 1 54 0 16 0 0 7 0 2 0 1 0 
4 30 4 2 145 46 113 1 4 28 2 14 1 4 0 
5 15 10 0 102 60 16 10 0 0 0 6 0 0 0 
2 9 0 1 54 0 16 0 0 7 0 2 0 1 0 
6 27 13 2 137 105 109 12 3 18 8 15 0 3 0 
18 75 139 14 295 1060 253 620 19 163 169 22 26 7 1 
4 40 4 2 143 57 195 1 7 37 2 18 1 6 0 
2 33 1 0 138 29 256 0 2 0 0 20 0 0 0 
2 21 1 0 95 19 97 0 1 0 0 15 0 0 0 
4 51 5 1 191 106 323 2 7 25 2 26 0 4 0 
6 57 12 3 237 202 333 9 9 55 10 29 1 5 0 
3 9 2 1 68 12 14 0 1 4 1 2 0 0 0 
6 31 14 1 161 143 132 16 3 6 4 17 0 0 0 
3 15 3 0 74 28 26 1 1 0 0 5 0 0 0 
4 46 3 3 191 48 310 0 4 76 2 26 2 3 0 
2 23 1 0 119 21 137 0 1 0 0 14 0 0 0 
2 26 0 1 121 0 151 0 0 20 0 14 0 3 0 
2 7 0 1 64 0 7 0 0 5 0 2 0 1 0 
2 7 1 0 41 7 9 0 0 0 0 0 0 0 0 
3 21 3 0 116 38 84 1 2 0 0 18 0 0 0 
4 23 5 1 116 50 59 2 2 13 2 9 0 1 0 
7 23 19 2 168 96 37 26 10 20 8 9 1 1 0 
2 11 1 0 68 11 21 0 0 0 0 6 0 0 0 
3 36 2 1 165 40 232 0 1 26 1 18 0 2 0 
3 34 1 2 136 15 182 0 2 37 0 16 1 6 0 
12 61 57 9 186 514 235 142 16 115 66 19 12 5 0 
3 15 3 0 96 30 33 1 0 0 0 4 0 0 0 
8 33 24 4 170 178 144 34 8 33 20 19 2 2 0 
5 28 8 2 122 98 204 5 2 10 4 17 1 0 0 
2 23 0 1 109 0 177 0 0 23 0 16 0 0 0 
6 38 11 4 140 120 208 7 2 62 10 16 3 2 0 
4 28 6 0 147 78 102 4 3 0 0 18 0 0 0 
2 36 0 1 131 0 287 0 0 32 0 23 0 2 0 
5 31 8 2 149 94 190 5 2 24 4 15 1 1 0 
2 15 0 1 98 0 55 0 0 15 0 6 0 0 0 
2 5 0 1 31 0 5 0 0 5 0 1 0 0 0 
15 73 91 14 261 755 260 306 19 207 117 13 31 11 1 
2 11 1 0 73 11 23 0 0 0 0 2 0 0 0 
7 48 21 0 233 274 264 35 7 0 0 30 0 0 0 
4 28 5 1 142 62 149 2 1 18 2 18 0 1 0 
12 66 58 8 332 580 212 149 17 96 62 21 9 8 0 
5 39 7 3 205 96 176 3 5 40 5 20 2 5 0 
8 26 27 1 162 166 48 50 1 12 6 13 0 1 0 
4 34 5 1 184 84 216 2 4 8 2 21 0 1 0 
13 56 73 5 311 587 151 232 20 37 53 18 1 4 0 
20 82 174 16 290 1330 332 875 36 146 242 27 23 5 0 
5 47 9 1 210 153 285 7 5 21 3 31 0 2 0 
5 44 7 3 183 117 284 2 5 47 7 27 1 1 0 
6 46 14 1 206 193 215 16 4 19 4 27 0 5 0 
8 55 22 6 239 271 244 25 10 82 26 26 5 6 0 
10 87 39 6 280 602 489 79 26 109 35 36 5 10 1 
5 22 8 2 146 63 62 4 3 17 6 5 0 1 0 
22 88 216 15 315 1608 322 1264 35 148 253 31 22 11 1 
5 51 8 2 236 158 297 5 9 26 4 28 1 1 0 
6 45 13 2 200 174 247 12 4 35 8 24 0 4 0 
4 46 5 1 209 107 269 2 4 17 2 31 0 3 0 
5 38 8 2 199 113 184 4 3 27 6 16 0 3 0 
5 27 7 3 132 74 75 3 1 30 5 7 2 1 0 
2 10 1 0 66 10 23 0 0 0 0 1 0 0 0 
9 46 33 3 248 308 132 64 14 28 19 19 1 2 0 
3 33 3 0 140 64 243 1 1 0 0 22 0 0 0 
2 15 1 0 96 13 53 0 1 0 0 8 0 0 0 
3 21 2 1 108 28 66 0 0 12 1 6 0 1 0 
4 37 5 1 153 74 169 2 6 21 2 15 0 2 0 
2 25 0 1 117 0 159 0 0 21 0 15 0 2 0 
12 53 59 7 255 468 163 160 16 75 50 19 10 4 0 
3 20 3 0 116 32 54 1 4 0 0 8 0 0 0 
9 56 31 5 256 343 245 53 14 71 27 26 4 3 0 
5 36 7 3 213 97 156 3 6 33 5 19 2 1 0 
3 24 2 1 112 28 120 0 2 16 1 13 0 0 0 
6 35 10 5 150 103 139 4 5 56 12 11 4 3 0 
4 42 6 0 187 118 275 4 4 0 0 26 0 0 0 
2 33 0 1 122 0 237 0 0 29 0 21 0 2 0 
5 30 8 2 141 94 121 5 1 20 4 12 1 2 0 
2 12 0 1 96 0 28 0 0 12 0 6 0 0 0 
3 23 1 2 103 13 85 0 0 33 0 8 1 0 0 
10 70 36 9 261 451 305 62 14 133 44 19 14 9 0 
12 62 61 5 296 546 227 174 30 64 42 23 4 6 0 
5 28 10 0 181 92 87 10 10 0 0 11 0 0 0 
2 7 1 0 76 7 9 0 0 0 0 2 0 0 0 
10 56 41 4 284 383 191 94 23 67 20 25 6 4 0 
2 22 0 1 100 0 145 0 0 18 0 14 0 2 0 
3 19 2 1 116 22 52 0 1 12 1 9 0 1 0 
2 20 1 0 100 14 112 0 3 0 0 14 0 0 0 
6 21 13 2 187 78 38 12 5 15 8 11 0 1 0 
2 7 1 0 67 7 9 0 0 0 0 2 0 0 0 
3 24 3 0 111 46 159 1 1 0 0 18 0 0 0 
3 21 2 1 107 24 101 0 1 16 1 14 0 0 0 
4 37 5 1 164 81 186 2 2 22 2 22 0 2 0 
6 36 11 4 161 97 175 8 4 65 8 10 4 5 0 
4 45 3 3 176 55 258 0 2 68 2 20 2 4 0 
2 21 0 1 96 0 177 0 0 19 0 13 0 1 0 
17 69 125 11 309 914 208 527 34 102 141 24 12 10 0 
3 36 3 0 161 52 191 1 10 0 0 20 0 0 0 
2 26 0 1 118 0 169 0 0 20 0 12 0 3 0 
3 29 2 1 161 32 115 0 4 12 1 13 0 3 0 
3 27 1 2 152 8 187 0 0 40 0 12 1 3 0 
2 12 1 0 45 12 28 0 0 0 0 3 0 0 0 
