0 1024 838 1218 1929 1152 465 1413 1326 640 698 1326 1086 1479 2124 1887 795 1210 1212 1500 1898 2157 1797 1323 1532 1371 1287 1347 1905 1617 1092 1422 1782 1536 820 1866 1368 812 678 946 1494 1611 1650 1908 1797 2235 1332 1875 2199 2226 1587 1947 690 2349 777 1242 1692 1314 1692 1389 894 1371 2031 1822 2301 2001 1926 1971 1515 2301 1278 1644 1635 1296 1346 1905 580 2559 1932 1671 1482 1770 1401 1562 1773 1064 1596 1740 2556 2559 2235 2052 1527 1260 1386 1755 1206 2544 894 1108 
1024 0 758 932 1384 292 714 82 608 760 818 1004 844 1390 808 1358 650 476 352 1450 1848 1558 1148 982 1446 864 166 848 964 218 648 1542 1138 974 578 1330 1488 1216 572 740 690 1194 764 412 1148 1610 986 884 606 1496 784 542 580 1364 638 948 1036 996 1072 1024 1014 912 494 962 1328 886 1560 454 1008 1324 972 1004 736 984 1254 1032 700 1648 1050 1212 1108 1160 932 1196 908 692 1162 1648 1338 1530 1252 1162 926 1380 832 1168 1204 906 716 1206 
838 758 0 746 1220 614 528 676 818 442 632 686 658 1204 1218 930 332 1070 946 1302 1700 1372 1000 980 1466 716 760 700 1442 540 110 1224 990 826 622 1046 1302 1030 386 1164 1214 876 902 1006 1000 1292 822 1052 1200 1286 992 1136 378 1500 320 630 1046 810 1062 860 696 716 1088 1556 1372 1252 1728 1048 812 1336 654 1014 892 666 1264 1188 498 1640 1206 1048 922 1688 736 1364 1116 982 982 1658 1506 1624 1408 1292 936 1062 842 972 1008 1500 398 1026 
1218 932 746 0 2388 1060 1004 1700 1584 548 606 1584 1264 1767 1880 1821 876 1244 1120 1024 1422 1836 1444 1676 1440 657 1149 844 2154 1972 1272 1330 1424 1096 728 2304 1276 1004 720 1138 2324 1964 2016 2360 1444 1668 1592 2316 2748 2784 1932 2412 736 2924 852 1472 2072 1280 2072 1668 802 1644 1893 1730 1641 2484 1834 2444 1377 2884 1520 1506 1996 1544 1254 2356 488 2421 2392 2044 1504 1678 1684 1470 1635 972 1944 1648 2418 2421 2700 2520 1852 1168 1664 1617 1114 2406 756 1016 
1929 1384 1220 2388 0 1534 2440 3310 2532 1022 1080 2016 1405 2478 3915 2517 1824 1476 1594 1472 988 2730 3160 3255 246 1944 1860 3200 2304 3650 2775 1804 3800 2812 1202 1695 1206 1478 2085 1312 3155 2912 2450 3135 3622 3632 995 2885 3505 4665 2490 3291 2105 2890 2250 2200 3020 2452 2415 900 1276 1985 1878 1720 1566 3204 1830 3030 1335 3265 2260 2046 2425 2492 1614 2635 962 1824 3015 1560 2785 1850 2035 1466 1680 1332 3615 1820 2412 1869 2536 2195 2196 1642 2980 1575 1086 2388 1467 1490 
1152 292 614 1060 1534 0 842 210 464 836 946 1080 972 1518 936 1214 726 604 480 1306 1704 1506 1004 838 1574 720 294 704 976 74 504 1618 994 830 706 1440 1616 1344 700 868 818 1270 892 540 1004 1686 1136 1012 734 1624 912 670 708 1492 714 1024 1164 922 1200 1174 1090 1040 622 1090 1376 1014 1688 582 1136 1452 1048 1132 864 1060 1382 1160 828 1776 1178 1362 1034 1288 1060 1324 1036 820 1290 1776 1466 1658 1380 1290 1054 1456 960 1296 1332 1034 792 1334 
465 714 528 1004 2440 842 0 1896 1148 330 388 1148 1242 1014 3444 1857 440 900 902 1190 1588 1692 1776 2644 1222 906 822 1764 1440 2304 1045 1112 2634 1428 510 2335 1058 502 426 636 2612 1528 2370 2405 2664 2360 1734 2820 2890 2935 2244 2964 450 3140 624 1295 2792 1132 2045 1540 584 1812 1566 1512 1836 2048 1616 3012 1050 3777 1355 1179 2340 1108 1036 2400 270 2094 2934 2412 1818 1460 1872 1252 1308 754 2262 1430 2091 2094 2360 3174 1416 950 1842 1290 896 2079 429 798 
1413 82 676 1700 3310 210 1896 0 1052 678 736 1844 2286 1962 2178 1914 1136 394 270 1368 1766 2214 2132 3466 1364 1173 126 4766 1323 544 1415 1460 3168 1784 496 3120 1406 1134 3723 658 3070 2224 4092 825 4264 3056 6303 8723 1310 3535 2106 1840 2498 3278 5376 2165 2904 1828 2475 2410 932 3773 618 880 1869 1608 1478 4065 1389 5608 2225 1383 1962 1804 1172 2375 618 2349 4964 6978 2627 1078 4423 1114 1239 610 3240 1566 1884 2172 2340 3240 1730 1298 7027 1629 1122 1236 951 1124 
1326 608 818 1584 2532 464 1148 1052 0 620 678 1336 1408 1875 2504 1125 1020 920 796 1480 1878 2127 2036 748 1512 1341 915 1756 1938 780 1416 1402 2336 2008 800 2448 1348 1076 864 1184 2268 2108 2160 1712 2356 2940 1736 2460 2100 2928 2076 1972 880 3092 996 1616 2216 1712 2216 1812 874 1788 1407 1406 2271 2628 1906 1796 1485 3028 1664 1614 2140 1688 1326 2500 560 2529 2536 2188 1936 1604 1828 1542 1743 1044 2088 1720 2526 2529 2940 2696 1996 1240 1808 1725 1186 2025 864 1088 
640 760 442 548 1022 836 330 678 620 0 434 488 460 1006 1020 1152 134 1072 948 1104 1502 1174 802 782 1268 518 594 502 1290 762 332 1026 792 628 424 848 1104 832 188 966 1016 678 704 1008 802 1094 624 854 1132 1088 794 1018 180 1302 122 432 848 612 864 662 498 518 1016 1484 1174 1054 1530 976 614 1138 456 816 694 468 1066 990 300 1442 1008 850 724 1490 538 1166 918 784 784 1460 1308 1426 1210 1094 738 864 644 774 810 1416 200 828 
698 818 632 606 1080 946 388 736 678 434 0 678 518 1064 1210 1342 324 1130 1006 1294 1692 1232 992 972 1326 708 652 692 1348 872 522 1216 982 818 614 1038 1162 890 246 1024 1074 868 894 1066 866 1284 682 1044 1260 1278 852 1092 254 1360 312 622 922 670 922 720 688 708 1148 1616 1238 1128 1720 1108 804 1328 646 890 884 658 1140 1064 374 1500 1082 908 782 1564 728 1356 976 858 858 1534 1498 1500 1284 1162 812 1054 718 964 1000 1490 390 902 
1326 1004 686 1584 2016 1080 1148 1844 1336 488 678 0 1408 1875 2528 1005 756 1316 1192 1348 1746 2127 1876 588 1254 1143 1257 1492 2301 2012 1152 1270 2072 1744 668 2184 1348 1076 864 1210 2520 1844 1896 2504 2092 2676 1220 2196 2752 2664 2076 2524 848 2736 732 1352 2184 1712 2216 1296 742 1524 1890 1728 1884 2596 1774 2440 1287 2764 1400 1590 1876 1424 1310 2468 544 2142 2504 1672 1936 1734 1564 1410 1743 1028 2056 1704 2328 2187 2908 2180 1964 1108 1776 1527 1054 2490 666 1072 
1086 844 658 1264 1405 972 1242 2286 1408 460 518 1408 0 1635 3128 2052 700 1156 1032 1320 1550 1887 2036 3034 808 1101 1017 2154 1953 2694 1370 1242 3024 1688 640 2660 644 916 816 1050 3084 1788 1836 2550 3054 2620 492 1941 2175 3260 2634 3354 840 2105 1014 1620 3028 1392 1010 505 714 1908 1527 1486 1215 2308 1268 2934 1098 3216 1680 1374 2436 1368 1166 2240 400 1473 2771 1170 2094 1590 1968 904 1503 884 2652 1560 1569 1518 1908 1932 1676 1080 2232 1338 928 1983 624 928 
1479 1390 1204 1767 2478 1518 1014 1962 1875 1006 1064 1875 1635 0 2673 2871 1344 1576 1578 1866 2264 2706 2346 2316 1898 1920 1836 1896 2454 2166 1641 1788 2331 2085 1186 2415 1734 714 1227 1312 2043 2160 2199 2256 2346 2784 1881 2028 2445 2775 1146 2496 1239 2016 1326 1791 2241 1863 2241 1938 1260 1920 2253 1970 2694 2550 2028 2193 2064 2769 1827 2193 2142 1845 1712 2454 946 2442 1545 2220 2031 2136 1950 1664 1332 1430 2145 2106 2709 2997 1848 2445 2076 1626 1935 2304 1572 2157 1443 1474 
2124 808 1218 1880 3915 936 3444 2178 2504 1020 1210 2528 3128 2673 0 1245 1820 1120 996 1120 1266 1980 1636 3836 1812 801 1215 1898 2298 2586 2770 1802 2768 784 1200 4060 1648 1608 3018 1308 3812 2296 2859 2640 2798 3548 3620 2613 2665 4660 4088 3558 3002 1940 2886 2835 3878 1472 1500 3015 1274 3261 1707 1606 1785 3060 1464 3294 1716 3976 2895 2091 3750 2488 1644 3520 1076 1590 3290 4033 2380 1804 3301 1100 2220 1336 4803 1850 1863 2151 1776 3343 2256 1640 3765 1956 1340 2247 1464 1604 
1887 1358 930 1821 2517 1214 1857 1914 1125 1152 1342 1005 2052 2871 1245 0 1563 1670 1546 1884 2096 3123 1530 564 1924 1947 2040 1923 3063 1710 1230 1934 2358 1833 1332 2634 2012 1740 1644 1874 2826 2025 2418 2409 2373 3003 1920 2427 2700 2994 2553 2604 1632 2409 1545 2010 2634 2250 2145 1977 1406 2139 2532 2156 2889 2943 2294 2472 2283 3069 2046 2586 2403 2064 1974 2847 1208 2835 2874 2259 2418 2354 2169 1930 2739 1692 2538 2368 3108 3192 2577 2640 2469 1772 2328 2523 1718 3150 1662 1736 
795 650 332 876 1824 726 440 1136 1020 134 324 756 700 1344 1820 1563 0 962 838 994 1392 1596 1384 1344 1158 612 726 784 1770 1304 444 916 1364 1036 314 1476 994 722 156 856 1812 1088 1188 1796 1384 1968 1028 1488 2044 1956 1368 1816 140 2384 24 644 1476 1004 1508 1104 388 816 1359 1374 1596 1888 1420 1732 756 2056 692 1059 1168 716 956 1760 190 1998 1796 1480 1228 1380 856 1056 1212 674 1348 1350 1797 1974 2200 1968 1256 754 1068 996 700 1959 135 718 
1210 476 1070 1244 1476 604 900 394 920 1072 1130 1316 1156 1576 1120 1670 962 0 664 1556 1954 1192 1254 1294 1722 938 478 954 488 530 960 1854 1244 1080 890 1642 1800 1402 884 264 214 1506 768 724 1254 1922 1078 1040 918 1808 1096 854 892 1666 950 1040 1348 1172 1228 1116 1326 954 806 1274 1484 1198 1716 766 1050 1448 1064 1316 1048 1296 1566 1344 1012 1896 1362 1304 1274 1472 974 1352 1220 1004 1474 1960 1494 1686 1564 1318 1238 1692 1144 1210 1246 1218 1028 1518 
1212 352 946 1120 1594 480 902 270 796 948 1006 1192 1032 1578 996 1546 838 664 0 1638 2036 1746 1336 1170 1634 1052 354 1036 1152 406 836 1730 1326 1162 766 1518 1676 1404 760 928 878 1382 842 600 1336 1798 1196 1072 794 1684 972 730 768 1552 826 1114 1224 1184 1260 1234 1202 1028 682 1150 1516 1074 1748 642 1124 1512 1138 1192 924 1172 1442 1220 888 1836 1238 1422 1296 1348 1048 1384 1096 880 1350 1836 1526 1718 1440 1350 1114 1568 1020 1284 1320 1094 904 1394 
1500 1450 1302 1024 1472 1306 1190 1368 1480 1104 1294 1348 1320 1866 1120 1884 994 1556 1638 0 1602 824 902 1508 1718 618 1452 602 1528 1232 1192 1886 312 728 1284 794 1964 1692 1048 1392 1342 1232 1198 1698 902 1858 1484 1370 1518 1948 1654 1828 1040 1642 982 1292 1708 820 1558 1522 1358 1252 1750 2218 1274 1812 2046 1710 1348 1864 1316 1676 1428 1328 1926 1492 1160 1926 1692 1550 932 2350 1232 1682 1778 1644 1644 2320 1824 1808 1530 1440 1598 1724 1504 1468 1504 2100 1060 1688 
1898 1848 1700 1422 988 1704 1588 1766 1878 1502 1692 1746 1550 2264 1266 2096 1392 1954 2036 1602 0 1802 1300 1906 1234 1016 1850 1000 2014 1630 1590 2284 1290 874 1682 1666 2194 2090 1446 1790 1740 1630 1344 2030 1300 2256 1386 1768 2046 2346 1984 2054 1438 2040 1380 1616 2048 1218 1866 1348 1756 1530 2028 2496 1672 2210 2444 1988 1626 2024 1640 2074 1706 1726 2324 1890 1558 2204 2090 1612 1330 2690 1550 2080 2108 2042 2042 2660 2222 2206 1928 1838 1996 2122 1902 1786 1822 2440 1458 2086 
2157 1558 1372 1836 2730 1506 1692 2214 2127 1174 1232 2127 1887 2706 1980 3123 1596 1192 1746 824 1802 0 1653 2562 2066 1227 2088 1203 1056 2148 1893 1956 768 1392 1354 2031 1902 1630 1479 1028 1467 2148 2097 2709 1653 3036 2133 2355 2772 3027 2388 2748 1491 2763 1578 2043 2493 1530 2493 2190 1428 2172 2832 2356 2211 2802 2246 2772 2316 3096 2079 2445 2436 2097 1880 2538 1114 3189 2733 2472 1698 2304 2148 1882 2574 1598 2397 2274 3036 3012 2595 2460 2328 1794 2187 2502 1704 3345 1695 1642 
1797 1148 1000 1444 3160 1004 1776 2132 2036 802 992 1876 2036 2346 1636 1530 1384 1254 1336 902 1300 1653 0 1288 1826 474 1725 600 1971 1860 1780 1584 1180 852 982 2812 1662 1390 1492 1090 2080 660 1792 2792 1200 3112 2364 1948 2504 3292 2704 3052 1476 2680 1360 1980 2812 1036 2324 2440 1056 1900 2172 1916 1458 3020 1650 2816 1569 2936 2028 2061 2252 2052 1624 2380 858 2436 2592 2496 1260 2048 1860 1286 2214 1342 1912 2018 2142 2259 2456 2276 2592 1422 2404 1749 1202 2556 1137 1000 
1323 982 980 1676 3255 838 2644 3466 748 782 972 588 3034 2316 3836 564 1344 1294 1170 1508 1906 2562 1288 0 1548 1383 1476 3171 2499 3210 2175 1564 3588 2064 962 3465 1642 1370 2621 1504 5347 1948 4559 3075 4221 3264 3502 5084 3560 4065 4036 4956 2609 4155 2522 2425 4406 2248 3505 2355 1036 3908 1968 1780 2325 3184 2068 4694 1728 6214 2485 2031 3802 2012 1604 3820 838 2583 5507 4293 3160 1978 3978 1704 2184 1322 4014 1998 2769 2628 3496 4321 2552 1402 4233 1968 1348 2586 1107 1366 
1532 1446 1466 1440 246 1574 1222 1364 1512 1268 1326 1254 808 1898 1812 1924 1158 1722 1634 1718 1234 2066 1826 1548 0 1542 1448 1526 1782 1500 1356 2050 1766 1652 1448 924 1452 1724 1080 1558 1508 1702 1226 1500 1662 2062 644 1400 1648 1858 1242 904 1088 1402 1146 1126 1454 1472 1212 606 1522 1040 1498 1966 1290 1688 2076 1458 1136 1552 1150 1450 1216 1492 1700 1300 1208 1462 1452 870 1360 2096 1060 1712 1366 1418 1524 2066 1854 1492 1514 1124 1344 1888 1278 1296 1332 1838 1224 1568 
1371 864 716 657 1944 720 906 1173 1341 518 708 1143 1101 1920 801 1947 612 938 1052 618 1016 1227 474 1383 1542 0 1299 24 1497 969 909 1300 459 213 698 1683 1378 1106 693 774 1086 969 918 1668 474 1908 1347 1176 1593 2043 1602 1863 681 1584 594 1059 1683 351 1458 1404 772 999 1746 1632 1032 1839 1460 1686 1143 1917 1095 1635 1263 1113 1340 1359 574 2010 1659 1446 519 1764 969 1096 1788 1058 1587 1734 1857 1833 1416 1281 1518 1138 1377 1323 918 2271 711 1102 
1287 166 760 1149 1860 294 822 126 915 594 652 1257 1017 1836 1215 2040 726 478 354 1452 1850 2088 1725 1476 1448 1299 0 1275 1449 330 975 1376 1710 1464 580 1797 1322 1050 609 742 1038 1542 1149 621 1725 2166 1263 1329 912 2157 1179 816 621 2049 708 1173 1557 1245 1611 1320 848 1302 744 964 1995 1332 1562 684 1446 1989 1209 1509 1107 1227 1256 1551 534 2475 1578 1602 1413 1162 1332 1198 1365 694 1527 1650 2010 2298 1881 1746 1392 1214 1251 1686 1160 1362 825 1062 
1347 848 700 844 3200 704 1764 4766 1756 502 692 1492 2154 1896 1898 1923 784 954 1036 602 1000 1203 600 3171 1526 24 1275 0 1521 2520 1475 1284 870 252 682 2765 1362 1090 2676 790 3000 1260 4056 2740 1200 2512 5652 5296 2615 3365 3156 4904 2190 2727 2280 1725 3415 436 2390 2300 756 3240 1722 1616 1008 2420 1444 6768 1119 5686 1785 1611 2604 1452 1324 2225 558 1986 5490 6296 1208 1748 3648 1080 1764 1042 3126 1718 1833 1809 1856 2722 1992 1122 5412 1299 902 2247 687 1086 
1905 964 1442 2154 2304 976 1440 1323 1938 1290 1348 2301 1953 2454 2298 3063 1770 488 1152 1528 2014 1056 1971 2499 1782 1497 1449 1521 0 1353 1998 2072 1824 1710 1378 2841 1946 1462 1653 324 411 2466 1242 1818 1971 3054 1707 1650 2067 3201 2376 2013 1665 2589 1752 1650 2298 1848 1932 1764 1544 1521 1941 1762 2316 2529 1776 1881 1665 2262 1686 2409 1785 2271 1856 2229 1230 2934 2133 2046 2001 1960 1551 1412 2562 1492 2571 2144 2331 2619 2436 2067 2160 1910 2151 1905 1306 2559 1869 1758 
1617 218 540 1972 3650 74 2304 544 780 762 872 2012 2694 2166 2586 1710 1304 530 406 1232 1630 2148 1860 3210 1500 969 330 2520 1353 0 1075 1544 2760 1512 632 3415 1542 1270 2504 794 3252 2392 3272 1165 3720 3224 4248 3752 1650 3875 2514 2384 2536 3618 2612 2375 3312 1696 2815 2750 1016 3883 822 1016 1953 1880 1614 2032 1593 5512 2435 1587 2370 1972 1308 2715 754 2553 4416 5152 2563 1214 3963 1250 1443 746 3648 1702 2088 2376 2612 3648 2002 1382 3754 1833 1258 1440 1077 1260 
1092 648 110 1272 2775 504 1045 1415 1416 332 522 1152 1370 1641 2770 1230 444 960 836 1192 1590 1893 1780 2175 1356 909 975 1475 1998 1075 0 1114 2200 1432 512 2340 1192 920 690 1054 2795 1532 1980 2240 2225 2364 1780 2355 2725 2940 2205 2565 670 3475 525 1300 2340 1400 2380 1875 586 1515 1467 1446 1893 2284 1618 2345 1053 3065 1360 1356 1955 1112 1154 2695 388 2295 2740 2345 2087 1578 1565 1254 1509 872 2180 1548 2094 2271 2596 2955 1652 952 1830 1293 898 2085 432 916 
1422 1542 1224 1330 1804 1618 1112 1460 1402 1026 1216 1270 1242 1788 1802 1934 916 1854 1730 1886 2284 1956 1584 1564 2050 1300 1376 1284 2072 1544 1114 0 1574 1410 1206 1630 1886 1614 970 1748 1798 1460 1486 1790 1584 1876 1406 1636 1914 544 1576 1498 962 2084 904 1214 1630 1394 1646 1444 1280 1300 1798 2266 1956 1836 2312 1758 1396 1920 1238 1598 1476 1250 1848 1772 1082 2224 1790 1632 1506 2272 1320 1948 1700 1566 1452 2242 2090 2208 1992 1876 1520 1646 1426 1556 1592 2198 982 1496 
1782 1138 990 1424 3800 994 2634 3168 2336 792 982 2072 3024 2331 2768 2358 1364 1244 1326 312 1290 768 1180 3588 1766 459 1710 870 1824 2760 2200 1574 0 832 972 2105 1652 1380 2208 1080 3295 1840 2658 3465 1770 3092 3516 3174 3340 4090 4026 4548 2184 3452 2010 2450 4285 1016 3115 3025 1046 2946 2157 1906 1443 3000 1734 4224 1554 4656 2510 2046 3474 2032 1614 2950 848 2421 4140 3858 1933 2038 2926 1370 2199 1332 3996 2008 2268 2244 2436 3592 2572 1412 3576 1734 1192 2682 1122 1376 
1536 974 826 1096 2812 830 1428 1784 2008 628 818 1744 1688 2085 784 1833 1036 1080 1162 728 874 1392 852 2064 1652 213 1464 252 1710 1512 1432 1410 832 0 808 2464 1488 1216 1144 916 1732 1512 940 2312 852 2764 2016 1788 2344 2944 2356 2360 1128 2332 1012 1484 2348 688 1984 2092 882 1312 1731 1622 1197 2672 1570 2228 1128 2300 1532 1800 1664 1704 1450 2032 684 2175 2432 2148 912 1816 1352 1206 1953 1168 2336 1786 2022 1998 2108 1928 2244 1248 2056 1368 948 2349 876 1212 
820 578 622 728 1202 706 510 496 800 424 614 668 640 1186 1200 1332 314 890 766 1284 1682 1354 982 962 1448 698 580 682 1378 632 512 1206 972 808 0 1028 1284 1012 368 1146 1104 858 884 826 982 1274 804 1034 1020 1268 974 956 360 1482 302 612 1028 792 1044 842 678 698 908 1376 1354 1234 1710 868 794 1318 636 996 874 648 1246 1170 480 1622 1188 1030 904 1574 718 1346 1098 964 964 1640 1488 1606 1390 1274 918 1044 824 954 990 1320 380 1008 
1866 1330 1046 2304 1695 1440 2335 3120 2448 848 1038 2184 2660 2415 4060 2634 1476 1642 1518 794 1666 2031 2812 3465 924 1683 1797 2765 2841 3415 2340 1630 2105 2464 1028 0 1708 1436 1980 1570 4154 2564 3270 3945 3515 3396 2690 2505 1810 4230 3495 4055 1960 4070 1815 2590 3630 2432 2975 2595 1102 2805 2430 1546 2169 3316 1678 3950 1827 3700 2650 2130 3245 2144 1670 3985 904 2841 3310 3255 3377 2094 2855 1314 2283 1388 3470 2064 2184 2472 3052 3200 2684 1468 3120 2067 1414 2598 1206 1432 
1368 1488 1302 1276 1206 1616 1058 1406 1348 1104 1162 1348 644 1734 1648 2012 994 1800 1676 1964 2194 1902 1662 1642 1452 1378 1322 1362 1946 1542 1192 1886 1652 1488 1284 1708 0 1560 916 1694 1672 1538 1256 1664 1662 1954 808 1236 1514 1948 1522 1762 924 1486 982 1292 1592 1340 1048 846 1358 1280 1662 2130 1454 1798 1912 1622 1376 1716 1316 1560 1456 1328 1810 1540 1044 1626 1558 1034 1452 2234 1300 1548 1646 1528 1528 2204 1690 1656 1598 1288 1482 1724 1388 1536 1572 1966 1060 1572 
812 1216 1030 1004 1478 1344 502 1134 1076 832 890 1076 916 714 1608 1740 722 1402 1404 1692 2090 1630 1390 1370 1724 1106 1050 1090 1462 1270 920 1614 1380 1216 1012 1436 1560 0 644 1138 1188 1266 1292 1464 1390 1682 1080 1442 1658 1676 1250 1490 652 1758 710 1020 1320 1068 1320 1118 1086 1106 1546 2014 1726 1526 2118 1506 1202 1726 1044 1288 1282 1056 1538 1462 772 1898 1480 1306 1180 1962 1126 1754 1374 1256 1256 1932 1896 1898 1682 1560 1210 1452 1116 1362 1398 1888 788 1300 
678 572 386 720 2085 700 426 3723 864 188 246 864 816 1227 3018 1644 156 884 760 1048 1446 1479 1492 2621 1080 693 609 2676 1653 2504 690 970 2208 1144 368 1980 916 644 0 778 3303 1244 4406 2050 2984 2076 3762 6084 2535 2580 1818 3384 40 2785 1392 940 2366 848 1690 1185 442 2267 1353 1370 1623 1764 1474 5288 837 5289 1000 966 1914 824 894 2045 128 1881 4180 4014 1463 1318 2632 1110 1095 612 1836 1288 1878 1881 2076 2748 1132 808 4655 1077 754 1866 216 656 
946 740 1164 1138 1312 868 636 658 1184 966 1024 1210 1050 1312 1308 1874 856 264 928 1392 1790 1028 1090 1504 1558 774 742 790 324 794 1054 1748 1080 916 1146 1570 1694 1138 778 0 50 1400 604 988 1090 1812 914 876 1154 1810 1360 1118 786 1502 844 876 1308 1008 1064 952 1220 790 1070 1538 1320 1462 1552 1030 886 1284 900 1382 966 1190 1632 1262 906 1732 1198 1140 1110 1736 810 1188 1484 1268 1390 1920 1330 1522 1400 1154 1216 1586 1210 1046 1082 1482 922 1434 
1494 690 1214 2324 3155 818 2612 3070 2268 1016 1074 2520 3084 2043 3812 2826 1812 214 878 1342 1740 1467 2080 5347 1508 1086 1038 3000 411 3252 2795 1798 3295 1732 1104 4154 1672 1188 3303 50 0 2740 1939 2496 4050 3524 3024 2891 2760 4731 4034 4032 3331 3630 3468 2065 3774 1916 2535 2255 1270 2590 1530 1488 1905 2824 1502 3757 1254 4319 2125 1998 2748 2480 1582 3030 956 2523 4018 3815 2650 1686 2660 1138 2151 1218 4568 1870 1920 2208 2700 3312 2332 1636 4060 1494 1032 2148 1458 1484 
1611 1194 876 1964 2912 1270 1528 2224 2108 678 868 1844 1788 2160 2296 2025 1088 1506 1382 1232 1630 2148 660 1948 1702 969 1542 1260 2466 2392 1532 1460 1840 1512 858 2564 1538 1266 1244 1400 2740 0 2276 2884 1860 3056 2116 1288 1844 3044 2456 2492 1228 2540 1112 1732 2188 1696 1664 2192 932 1904 2175 1744 1632 2976 1320 2820 1572 2276 1780 1875 2256 1804 1500 2848 734 2331 1932 2352 1920 1736 1944 956 2028 1218 1252 1706 1647 1935 2336 1844 1968 1298 2156 1812 1244 2061 951 670 
1650 764 902 2016 2450 892 2370 4092 2160 704 894 1896 1836 2199 2859 2418 1188 768 842 1198 1344 2097 1792 4559 1226 918 1149 4056 1242 3272 1980 1486 2658 940 884 3270 1256 1292 4406 604 1939 2276 0 1715 3584 2416 4243 5337 2730 3800 3256 2840 3482 3157 4316 680 2112 1236 2170 1550 722 837 1026 1152 1392 2032 1292 4889 423 3060 740 1167 1086 1384 1028 1645 760 2214 4706 5599 1265 1346 1467 1126 1353 746 3732 1316 1902 1695 2280 2286 1400 1324 4391 663 478 1644 990 1288 
1908 412 1006 2360 3135 540 2405 825 1712 1008 1066 2504 2550 2256 2640 2409 1796 724 600 1698 2030 2709 2792 3075 1500 1668 621 2740 1818 1165 2240 1790 3465 2312 826 3945 1664 1464 2050 988 2496 2884 1715 0 3025 3044 2140 2283 2135 3483 1994 1975 2070 2892 2215 1465 1708 1864 2745 2235 648 1250 123 550 1863 948 1524 105 894 2280 1525 888 810 1236 842 1550 948 2040 1905 2564 2050 748 1300 1166 924 280 3525 1236 1962 1803 1928 2690 1102 1628 1198 1134 792 741 1446 1454 
1797 1148 1000 1444 3622 1004 2664 4264 2356 802 866 2092 3054 2346 2798 2373 1384 1254 1336 902 1300 1653 1200 4221 1662 474 1725 1200 1971 3720 2225 1584 1770 852 982 3515 1662 1390 2984 1090 4050 1860 3584 3025 0 3112 4400 3768 2861 4115 3288 5456 2952 2201 2720 2475 3650 1036 2597 2722 880 4024 1812 1676 558 2692 1492 5027 1569 5744 2535 1662 2778 1878 1358 1475 858 1536 3628 4080 1951 1782 4024 1128 1830 1076 3366 1752 1905 1359 1256 2422 2060 1422 4002 1749 1202 1857 1137 968 
2235 1610 1292 1668 3632 1686 2360 3056 2940 1094 1284 2676 2620 2784 3548 3003 1968 1922 1798 1858 2256 3036 3112 3264 2062 1908 2166 2512 3054 3224 2364 1876 3092 2764 1274 3396 1954 1682 2076 1812 3524 3056 2416 3044 3112 0 2948 2980 3504 3876 3288 3632 2060 4176 1944 1872 3292 2908 3356 2912 1348 2044 2280 1988 2646 3704 1608 2960 1677 1992 1824 2421 2396 2636 1864 2988 1150 3438 3548 3356 2684 2186 2084 1802 2607 1582 3268 2258 2916 2949 3952 3196 3072 1714 2884 1917 1314 2898 1575 1678 
1332 986 822 1592 995 1136 1734 6303 1736 624 682 1220 492 1881 3620 1920 1028 1078 1196 1484 1386 2133 2364 3502 644 1347 1263 5652 1707 4248 1780 1406 3516 2016 804 2690 808 1080 3762 914 3024 2116 4243 2140 4400 2948 0 4922 2585 3670 3126 4672 2444 1895 3927 1395 2706 1720 1420 95 878 2550 1281 1322 969 2408 1432 4884 852 4086 1455 1449 1944 1696 1216 1830 564 1227 4040 1356 1980 1452 3158 1068 1749 934 3144 1422 1815 1272 1740 1440 1400 1244 5406 1092 764 1791 870 1092 
1875 884 1052 2316 2885 1012 2820 8723 2460 854 1044 2196 1941 2028 2613 2427 1488 1040 1072 1370 1768 2355 1948 5084 1400 1176 1329 5296 1650 3752 2355 1636 3174 1788 1034 2505 1236 1442 6084 876 2891 1288 5337 2283 3768 2980 4922 0 695 3370 1764 3232 3950 1565 7320 1785 1829 1100 470 1985 1108 2826 1404 1100 666 1688 676 5674 1086 2223 1845 909 2034 2156 856 1950 910 1365 1610 3363 1778 1092 3040 312 1068 574 3872 1062 681 969 1048 834 680 1474 3724 1266 786 1095 1215 1314 
2199 606 1200 2748 3505 734 2890 1310 2100 1132 1260 2752 2175 2445 2665 2700 2044 918 794 1518 2046 2772 2504 3560 1648 1593 912 2615 2067 1650 2725 1914 3340 2344 1020 1810 1514 1658 2535 1154 2760 1844 2730 2135 2861 3504 2585 695 0 4065 2165 2460 2555 2260 2525 2480 1820 1656 1165 2680 1386 2265 1404 822 1083 2244 954 2240 1503 1890 2540 1326 2390 2712 1134 2645 1142 1782 1500 2025 2473 1370 2215 590 1485 852 3870 1340 1098 1386 1604 1390 1236 1752 1780 1683 1064 1512 1632 1592 
2226 1496 1286 2784 4665 1624 2935 3535 2928 1088 1278 2664 3260 2775 4660 2994 1956 1808 1684 1948 2346 3027 3292 4065 1858 2043 2157 3365 3201 3875 2940 544 4090 2944 1268 4230 1948 1676 2580 1810 4731 3044 3800 3483 4115 3876 3670 3370 4065 0 3860 2385 2560 4171 2415 3190 2795 2912 3840 3765 1342 3335 2124 1884 2688 2648 2024 3504 2145 4605 3250 1629 2895 2624 1336 3150 1144 2814 3195 3705 3963 1760 3385 1660 2502 1054 2270 1730 2703 2544 2960 4065 2016 1708 2285 2265 1626 2529 1566 952 
1587 784 992 1932 2490 912 2244 2106 2076 794 852 2076 2634 1146 4088 2553 1368 1096 972 1654 1984 2388 2704 4036 1242 1602 1179 3156 2376 2514 2205 1576 4026 2356 974 3495 1522 1250 1818 1360 4034 2456 3256 1994 3288 3288 3126 1764 2165 3860 0 2964 1842 1767 2016 2343 2887 2060 1940 2700 1048 2698 1107 1206 1548 2080 1264 2466 1404 3246 2403 1203 2202 2036 1052 2408 734 1296 798 3360 2864 1404 2718 900 186 770 3654 1446 1563 1851 936 2598 1448 1414 1890 1644 1132 1011 1125 1262 
1947 542 1136 2412 3291 670 2964 1840 1972 1018 1092 2524 3354 2496 3558 2604 1816 854 730 1828 2054 2748 3052 4956 904 1863 816 4904 2013 2384 2565 1498 4548 2360 956 4055 1762 1490 3384 1118 4032 2492 2840 1975 5456 3632 4672 3232 2460 2385 2964 0 3352 2789 3584 2200 2119 2452 2490 3015 1272 3227 1308 1340 1878 1568 1484 3328 1335 5208 2260 819 1854 2484 796 1800 958 1980 2888 3768 2785 1220 3307 1120 1668 514 1860 1190 1893 1734 1848 3258 936 1638 1496 1455 1086 1695 1461 664 
690 580 378 736 2105 708 450 2498 880 180 254 848 840 1239 3002 1632 140 892 768 1040 1438 1491 1476 2609 1088 681 621 2190 1665 2536 670 962 2184 1128 360 1960 924 652 40 786 3331 1228 3482 2070 2952 2060 2444 3950 2555 2560 1842 3352 0 2805 290 920 2342 864 1710 1205 434 2231 1365 1378 1635 1748 1466 4392 825 5253 980 954 1890 808 886 2025 120 1893 4140 3356 1475 1310 2592 1102 1107 604 1812 1280 1866 1869 2060 2772 1116 800 2320 1065 746 1854 204 648 
2349 1364 1500 2924 2890 1492 3140 3278 3092 1302 1360 2736 2105 2016 1940 2409 2384 1666 1552 1642 2040 2763 2680 4155 1402 1584 2049 2727 2589 3618 3475 2084 3452 2332 1482 4070 1486 1758 2785 1502 3630 2540 3157 2892 2201 4176 1895 1565 2260 4171 1767 2789 2805 0 2950 2907 2302 2352 1095 1990 1556 2692 1737 1626 1605 2176 1302 2997 1743 2800 2967 1275 2492 3052 1100 2751 1242 426 1102 2460 3249 1524 2642 938 1056 818 4175 1494 1620 1908 224 2260 1544 1922 1886 1911 1318 1083 1887 1700 
777 638 320 852 2250 714 624 5376 996 122 312 732 1014 1326 2886 1545 24 950 826 982 1380 1578 1360 2522 1146 594 708 2280 1752 2612 525 904 2010 1012 302 1815 982 710 1392 844 3468 1112 4316 2215 2720 1944 3927 7320 2525 2415 2016 3584 290 2950 0 775 2458 980 1855 1350 376 2086 1341 1362 1578 1864 1408 5294 738 4992 835 1041 1716 692 944 2170 178 1980 4430 4386 1562 1368 2476 1044 1194 662 1986 1338 1779 1956 2176 2916 1232 742 5025 978 688 1941 117 706 
1242 948 630 1472 2200 1024 1295 2165 1616 432 622 1352 1620 1791 2835 2010 644 1040 1114 1292 1616 2043 1980 2425 1126 1059 1173 1725 1650 2375 1300 1214 2450 1484 612 2590 1292 1020 940 876 2065 1732 680 1465 2475 1872 1395 1785 2480 3190 2343 2200 920 2907 775 0 1775 1036 1920 1300 622 215 876 1052 1242 1832 1318 1360 273 1765 60 1017 655 1184 928 1395 488 2064 2095 1960 1015 1250 265 1026 1203 646 2430 1322 1752 1545 2080 1655 1200 1052 1265 513 378 1494 582 1016 
1692 1036 1046 2072 3020 1164 2792 2904 2216 848 922 2184 3028 2241 3878 2634 1476 1348 1224 1708 2048 2493 2812 4406 1454 1683 1557 3415 2298 3312 2340 1630 4285 2348 1028 3630 1592 1320 2366 1308 3774 2188 2112 1708 3650 3292 2706 1829 1820 2795 2887 2119 2342 2302 2458 1775 0 2000 1595 2120 1102 2005 1059 1174 1341 1228 1126 2403 1080 3052 1835 564 1653 2144 626 1375 788 1749 2089 2231 2360 642 2065 762 1437 344 3969 612 1356 1479 1540 2553 220 1468 997 1200 916 1464 1206 1242 
1314 996 810 1280 2452 922 1132 1828 1712 612 670 1712 1392 1863 1472 2250 1004 1172 1184 820 1218 1530 1036 2248 1472 351 1245 436 1848 1696 1400 1394 1016 688 792 2432 1340 1068 848 1008 1916 1696 1236 1864 1036 2908 1720 1100 1656 2912 2060 2452 864 2352 980 1036 2000 0 1476 1732 866 864 1395 1398 1335 1984 1226 1780 792 2088 1084 1536 1216 1672 1274 1808 552 2190 1744 1460 224 1596 824 862 1722 992 2072 1612 1506 1794 2148 1656 1780 1232 1704 972 684 1920 852 1080 
1692 1072 1062 2072 2415 1200 2045 2475 2216 864 922 2216 1010 2241 1500 2145 1508 1228 1260 1558 1866 2493 2324 3505 1212 1458 1611 2390 1932 2815 2380 1646 3115 1984 1044 2975 1048 1320 1690 1064 2535 1664 2170 2745 2597 3356 1420 470 1165 3840 1940 2490 1710 1095 1855 1920 1595 1476 0 1515 1118 1705 1686 1288 948 2064 864 2766 1167 1705 1980 1191 2145 2176 1044 2420 804 1083 1275 1800 2181 1280 1655 500 1350 762 3220 1250 963 1251 1100 1165 1056 1484 1555 1347 934 1377 1230 1332 
1389 1024 860 1668 900 1174 1540 2410 1812 662 720 1296 505 1938 3015 1977 1104 1116 1234 1522 1348 2190 2440 2355 606 1404 1320 2300 1764 2750 1875 1444 3025 2092 842 2595 846 1118 1185 952 2255 2192 1550 2235 2722 2912 95 1985 2680 3765 2700 3015 1205 1990 1350 1300 2120 1732 1515 0 916 1085 1338 1360 1026 2484 1470 2130 795 2365 1360 1506 1525 1772 1254 1735 602 1284 2115 660 1885 1490 1135 1106 1725 972 2715 1460 1872 1329 1816 1295 1476 1282 2080 1035 726 1848 927 1130 
894 1014 696 802 1276 1090 584 932 874 498 688 742 714 1260 1274 1406 388 1326 1202 1358 1756 1428 1056 1036 1522 772 848 756 1544 1016 586 1280 1046 882 678 1102 1358 1086 442 1220 1270 932 722 648 880 1348 878 1108 1386 1342 1048 1272 434 1556 376 622 1102 866 1118 916 0 536 646 1114 1238 1038 1784 606 632 1328 646 1070 712 30 1320 1008 554 1696 1248 1104 816 1312 516 1420 1172 928 1038 1714 1562 1440 1450 1072 992 1118 898 752 788 1058 454 1082 
1371 912 716 1644 1985 1040 1812 3773 1788 518 708 1524 1908 1920 3261 2139 816 954 1028 1252 1530 2172 1900 3908 1040 999 1302 3240 1521 3883 1515 1300 2946 1312 698 2805 1280 1106 2267 790 2590 1904 837 1250 4024 2044 2550 2826 2265 3335 2698 3227 2231 2692 2086 215 2005 864 1705 1085 536 0 747 966 1113 1660 1304 2685 144 3692 275 888 528 1012 842 1180 574 1935 3384 3273 800 1164 90 940 1074 560 3174 1236 1623 1416 1908 1728 1028 1138 2322 384 292 1365 711 1102 
2031 494 1088 1893 1878 622 1566 618 1407 1016 1148 1890 1527 2253 1707 2532 1359 806 682 1750 2028 2832 2172 1968 1498 1746 744 1722 1941 822 1467 1798 2157 1731 908 2430 1662 1546 1353 1070 1530 2175 1026 123 1812 2280 1281 1404 1404 2124 1107 1308 1365 1737 1341 876 1059 1395 1686 1338 646 747 0 548 1860 708 1522 60 891 1365 912 1011 483 924 924 927 1030 2163 1266 1605 1227 666 777 1248 921 362 2238 1318 2085 1926 1569 1611 894 1636 753 1131 790 738 1458 1536 
1822 962 1556 1730 1720 1090 1512 880 1406 1484 1616 1728 1486 1970 1606 2156 1374 1274 1150 2218 2496 2356 1916 1780 1966 1632 964 1616 1762 1016 1446 2266 1906 1622 1376 1546 2130 2014 1370 1538 1488 1744 1152 550 1676 1988 1322 1100 822 1884 1206 1340 1378 1626 1362 1052 1174 1398 1288 1360 1114 966 548 0 1544 940 1776 508 1062 1378 1076 1142 790 1084 1392 1086 1498 1910 1312 1538 1286 1214 986 1412 1082 830 1960 1786 1554 1746 1514 1378 1064 2104 970 1222 1258 960 1440 2004 
2301 1328 1372 1641 1566 1376 1836 1869 2271 1174 1238 1884 1215 2694 1785 2889 1596 1484 1516 1274 1672 2211 1458 2325 1290 1032 1995 1008 2316 1953 1893 1956 1443 1197 1354 2169 1454 1726 1623 1320 1905 1632 1392 1863 558 2646 969 666 1083 2688 1548 1878 1635 1605 1578 1242 1341 1335 948 1026 1238 1113 1860 1544 0 1932 1120 1800 1257 1407 1278 1575 1377 1812 1300 1443 1210 1767 1149 630 1503 1536 1083 756 1734 1018 2076 1506 1347 801 1452 249 1176 1794 1317 1437 994 1761 1695 1340 
2001 886 1252 2484 3204 1014 2048 1608 2628 1054 1128 2596 2308 2550 3060 2943 1888 1198 1074 1812 2210 2802 3020 3184 1688 1839 1332 2420 2529 1880 2284 1836 3000 2672 1234 3316 1798 1526 1764 1462 2824 2976 2032 948 2692 3704 2408 1688 2244 2648 2080 1568 1748 2176 1864 1832 1228 1984 2064 2484 1038 1660 708 940 1932 0 1520 864 1389 2604 1880 873 1308 2016 832 1512 994 2058 1548 1956 1760 1138 1700 1156 1509 550 2808 1226 1947 1788 1952 2244 1008 1674 820 1509 1122 1326 1515 1448 
1926 1560 1728 1834 1830 1688 1616 1478 1906 1530 1720 1774 1268 2028 1464 2294 1420 1716 1748 2046 2444 2246 1650 2068 2076 1460 1562 1444 1776 1614 1618 2312 1734 1570 1710 1678 1912 2118 1474 1552 1502 1320 1292 1524 1492 1608 1432 676 954 2024 1264 1484 1466 1302 1408 1318 1126 1226 864 1470 1784 1304 1522 1776 1120 1520 0 1482 1372 612 1294 1282 1354 1754 1532 1456 1586 1586 998 1208 1338 1768 1284 988 1388 1250 1946 1738 1130 1322 1200 954 1016 2150 1110 1520 1462 1406 1486 1990 
1971 454 1048 2444 3030 582 3012 4065 1796 976 1108 2440 2934 2193 3294 2472 1732 766 642 1710 1988 2772 2816 4694 1458 1686 684 6768 1881 2032 2345 1758 4224 2228 868 3950 1622 1506 5288 1030 3757 2820 4889 105 5027 2960 4884 5674 2240 3504 2466 3328 4392 2997 5294 1360 2403 1780 2766 2130 606 2685 60 508 1800 864 1482 0 831 3915 1420 951 846 1152 884 1445 990 2103 4087 6225 1945 706 3266 1208 861 322 4356 1278 2025 1866 2012 3102 1144 1596 3060 1071 750 678 1398 1496 
1515 1008 812 1377 1335 1136 1050 1389 1485 614 804 1287 1098 2064 1716 2283 756 1050 1124 1348 1626 2316 1569 1728 1136 1143 1446 1119 1665 1593 1053 1396 1554 1128 794 1827 1376 1202 837 886 1254 1572 423 894 1569 1677 852 1086 1503 2145 1404 1335 825 1743 738 273 1080 792 1167 795 632 144 891 1062 1257 1389 1372 831 0 1140 309 1032 408 903 938 852 670 2079 1272 1191 624 1260 174 1036 1218 656 1731 1332 1767 1560 1575 1008 915 1234 774 528 388 1509 855 1198 
2301 1324 1336 2884 3265 1452 3777 5608 3028 1138 1328 2764 3216 2769 3976 3069 2056 1448 1512 1864 2024 3096 2936 6214 1552 1917 1989 5686 2262 5512 3065 1920 4656 2300 1318 3700 1716 1726 5289 1284 4319 2276 3060 2280 5744 1992 4086 2223 1890 4605 3246 5208 5253 2800 4992 1765 3052 2088 1705 2365 1328 3692 1365 1378 1407 2604 612 3915 1140 0 1705 1650 2936 2596 1350 3160 1194 2106 3672 3069 2780 1576 3782 806 1809 1068 5077 1556 1422 1710 2036 2316 1668 1758 4176 1572 1084 1836 1641 1722 
1278 972 654 1520 2260 1048 1355 2225 1664 456 646 1400 1680 1827 2895 2046 692 1064 1138 1316 1640 2079 2028 2485 1150 1095 1209 1785 1686 2435 1360 1238 2510 1532 636 2650 1316 1044 1000 900 2125 1780 740 1525 2535 1824 1455 1845 2540 3250 2403 2260 980 2967 835 60 1835 1084 1980 1360 646 275 912 1076 1278 1880 1294 1420 309 1705 0 1053 715 1232 952 1455 512 2100 2155 2020 1075 1274 325 1050 1239 670 2490 1346 1788 1581 2128 1715 1248 1076 1325 549 402 1530 618 1040 
1644 1004 1014 1506 2046 1132 1179 1383 1614 816 890 1590 1374 2193 2091 2586 1059 1316 1192 1676 2074 2445 2061 2031 1450 1635 1509 1611 2409 1587 1356 1598 2046 1800 996 2130 1560 1288 966 1382 1998 1875 1167 888 1662 2421 1449 909 1326 1629 1203 819 954 1275 1041 1017 564 1536 1191 1506 1070 888 1011 1142 1575 873 1282 951 1032 1650 1053 0 624 1560 594 777 756 1701 804 1110 1368 1018 918 918 1389 312 1749 988 1590 1155 1107 1326 399 1436 258 1152 884 1416 1158 1210 
1635 736 892 1996 2425 864 2340 1962 2140 694 884 1876 2436 2142 3750 2403 1168 1048 924 1428 1706 2436 2252 3802 1216 1263 1107 2604 1785 2370 1955 1476 3474 1664 874 3245 1456 1282 1914 966 2748 2256 1086 810 2778 2396 1944 2034 2390 2895 2202 1854 1890 2492 1716 655 1653 1216 2145 1525 712 528 483 790 1377 1308 1354 846 408 2936 715 624 0 1364 666 740 750 1809 1824 2436 1240 988 588 990 810 384 3702 1060 1698 1539 1620 2256 676 1314 732 648 468 1101 975 1278 
1296 984 666 1544 2492 1060 1108 1804 1688 468 658 1424 1368 1845 2488 2064 716 1296 1172 1328 1726 2097 2052 2012 1492 1113 1227 1452 2271 1972 1112 1250 2032 1704 648 2144 1328 1056 824 1190 2480 1804 1384 1236 1878 2636 1696 2156 2712 2624 2036 2484 808 3052 692 1184 2144 1672 2176 1772 30 1012 924 1084 1812 2016 1754 1152 903 2596 1232 1560 1364 0 1290 1956 524 2499 2436 2148 1572 1282 972 1390 1713 898 2016 1684 2298 2115 2840 2084 1924 1088 1736 1083 758 1542 636 1052 
1346 1254 1264 1254 1614 1382 1036 1172 1326 1066 1140 1310 1166 1712 1644 1974 956 1566 1442 1926 2324 1880 1624 1604 1700 1340 1256 1324 1856 1308 1154 1848 1614 1450 1246 1670 1810 1538 894 1632 1582 1500 1028 842 1358 1864 1216 856 1134 1336 1052 796 886 1100 944 928 626 1274 1044 1254 1320 842 924 1392 1300 832 1532 884 938 1350 952 594 666 1290 0 768 1006 1384 786 990 1162 1268 862 1168 1176 562 1416 1238 1310 1204 988 1134 516 1686 422 1018 1134 1194 1022 1460 
1905 1032 1188 2356 2635 1160 2400 2375 2500 990 1064 2468 2240 2454 3520 2847 1760 1344 1220 1492 1890 2538 2380 3820 1300 1359 1551 2225 2229 2715 2695 1772 2950 2032 1170 3985 1540 1462 2045 1262 3030 2848 1645 1550 1475 2988 1830 1950 2645 3150 2408 1800 2025 2751 2170 1395 1375 1808 2420 1735 1008 1180 927 1086 1443 1512 1456 1445 852 3160 1455 777 740 1956 768 0 930 1962 1775 2285 1980 1192 1230 1092 1254 486 3350 1162 1320 1692 1824 2620 880 1610 865 1092 764 1545 1419 1384 
580 700 498 488 962 828 270 618 560 300 374 544 400 946 1076 1208 190 1012 888 1160 1558 1114 858 838 1208 574 534 558 1230 754 388 1082 848 684 480 904 1044 772 128 906 956 734 760 948 858 1150 564 910 1142 1144 734 958 120 1242 178 488 788 552 804 602 554 574 1030 1498 1210 994 1586 990 670 1194 512 756 750 524 1006 930 0 1382 948 790 664 1430 594 1222 858 724 724 1400 1364 1366 1150 1044 678 920 584 830 866 1356 256 768 
2559 1648 1640 2421 1824 1776 2094 2349 2529 1442 1500 2142 1473 2442 1590 2835 1998 1896 1836 1926 2204 3189 2436 2583 1462 2010 2475 1986 2934 2553 2295 2224 2421 2175 1622 2841 1626 1898 1881 1732 2523 2331 2214 2040 1536 3438 1227 1365 1782 2814 1296 1980 1893 426 1980 2064 1749 2190 1083 1284 1696 1935 2163 1910 1767 2058 1586 2103 2079 2106 2100 1701 1809 2499 1384 1962 1382 0 897 1137 2064 1808 1965 1222 1482 1102 2799 1778 2046 2070 594 1518 1584 2062 1443 2019 1582 1509 2097 1910 
1932 1050 1206 2392 3015 1178 2934 4964 2536 1008 1082 2504 2771 1545 3290 2874 1796 1362 1238 1692 2090 2733 2592 5507 1452 1659 1578 5490 2133 4416 2740 1790 4140 2432 1188 3310 1558 1480 4180 1198 4018 1932 4706 1905 3628 3548 4040 1610 1500 3195 798 2888 4140 1102 4430 2095 2089 1744 1275 2115 1248 3384 1266 1312 1149 1548 998 4087 1272 3672 2155 804 1824 2436 786 1775 948 897 0 4309 2484 1210 3660 634 585 504 4026 1180 1164 1452 404 1800 916 1628 1820 1440 1004 612 1446 1386 
1671 1212 1048 2044 1560 1362 2412 6978 2188 850 908 1672 1170 2220 4033 2259 1480 1304 1422 1550 1612 2472 2496 4293 870 1446 1602 6296 2046 5152 2345 1632 3858 2148 1030 3255 1034 1306 4014 1140 3815 2352 5599 2564 4080 3356 1356 3363 2025 3705 3360 3768 3356 2460 4386 1960 2231 1460 1800 660 1104 3273 1605 1538 630 1956 1208 6225 1191 3069 2020 1110 2436 2148 990 2285 790 1137 4309 0 1545 1226 3728 844 1866 708 3822 1196 1479 933 2112 762 948 1470 4214 882 990 1452 1209 1318 
1482 1108 922 1504 2785 1034 1818 2627 1936 724 782 1936 2094 2031 2380 2418 1228 1274 1296 932 1330 1698 1260 3160 1360 519 1413 1208 2001 2563 2087 1506 1933 912 904 3377 1452 1180 1463 1110 2650 1920 1265 2050 1951 2684 1980 1778 2473 3963 2864 2785 1475 3249 1562 1015 2360 224 2181 1885 816 800 1227 1286 1503 1760 1338 1945 624 2780 1075 1368 1240 1572 1162 1980 664 2064 2484 1545 0 1484 750 974 1554 880 2985 1556 1674 1836 2372 2140 1668 1344 1850 804 572 1845 1020 1192 
1770 1160 1688 1678 1850 1288 1460 1078 1604 1490 1564 1734 1590 2136 1804 2354 1380 1472 1348 2350 2690 2304 2048 1978 2096 1764 1162 1748 1960 1214 1578 2272 2038 1816 1574 2094 2234 1962 1318 1736 1686 1736 1346 748 1782 2186 1452 1092 1370 1760 1404 1220 1310 1524 1368 1250 642 1596 1280 1490 1312 1164 666 1214 1536 1138 1768 706 1260 1576 1274 1018 988 1282 1268 1192 1430 1808 1210 1226 1484 0 1184 1404 1280 986 1840 1254 1546 1628 1412 1370 752 2110 846 1420 1456 1158 1446 1884 
1401 932 736 1684 2035 1060 1872 4423 1828 538 728 1564 1968 1950 3301 2169 856 974 1048 1232 1550 2148 1860 3978 1060 969 1332 3648 1551 3963 1565 1320 2926 1352 718 2855 1300 1126 2632 810 2660 1944 1467 1300 4024 2084 3158 3040 2215 3385 2718 3307 2592 2642 2476 265 2065 824 1655 1135 516 90 777 986 1083 1700 1284 3266 174 3782 325 918 588 972 862 1230 594 1965 3660 3728 750 1184 0 920 1104 580 3234 1256 1593 1386 1868 1668 1068 1158 2788 354 272 1395 741 1122 
1562 1196 1364 1470 1466 1324 1252 1114 1542 1166 1356 1410 904 1664 1100 1930 1056 1352 1384 1682 2080 1882 1286 1704 1712 1096 1198 1080 1412 1250 1254 1948 1370 1206 1346 1314 1548 1754 1110 1188 1138 956 1126 1166 1128 1802 1068 312 590 1660 900 1120 1102 938 1044 1026 762 862 500 1106 1420 940 1248 1412 756 1156 988 1208 1036 806 1050 918 990 1390 1168 1092 1222 1222 634 844 974 1404 920 0 1024 886 1582 1374 766 958 836 590 652 1786 746 1156 1098 1042 1122 1626 
1773 908 1116 1635 1680 1036 1308 1239 1743 918 976 1743 1503 1332 2220 2739 1212 1220 1096 1778 2108 2574 2214 2184 1366 1788 1365 1764 2562 1443 1509 1700 2199 1953 1098 2283 1646 1374 1095 1484 2151 2028 1353 924 1830 2607 1749 1068 1485 2502 186 1668 1107 1056 1194 1203 1437 1722 1350 1725 1172 1074 921 1082 1734 1509 1388 861 1218 1809 1239 1389 810 1713 1176 1254 858 1482 585 1866 1554 1280 1104 1024 0 894 2013 1570 1749 2037 888 1485 1272 1538 1131 1458 1008 1197 1311 1386 
1064 692 982 972 1332 820 754 610 1044 784 858 1028 884 1430 1336 1692 674 1004 880 1644 2042 1598 1342 1322 1418 1058 694 1042 1492 746 872 1566 1332 1168 964 1388 1528 1256 612 1268 1218 1218 746 280 1076 1582 934 574 852 1054 770 514 604 818 662 646 344 992 762 972 928 560 362 830 1018 550 1250 322 656 1068 670 312 384 898 562 486 724 1102 504 708 880 986 580 886 894 0 1134 956 1028 922 706 852 234 1404 140 736 852 774 740 1178 
1596 1162 982 1944 3615 1290 2262 3240 2088 784 858 2056 2652 2145 4803 2538 1348 1474 1350 1644 2042 2397 1912 4014 1524 1587 1527 3126 2571 3648 2180 1452 3996 2336 964 3470 1528 1256 1836 1390 4568 1252 3732 3525 3366 3268 3144 3872 3870 2270 3654 1860 1812 4175 1986 2430 3969 2072 3220 2715 1038 3174 2238 1960 2076 2808 1946 4356 1731 5077 2490 1749 3702 2016 1416 3350 724 2799 4026 3822 2985 1840 3234 1582 2013 1134 0 1810 2586 2664 3088 4584 2176 1404 2982 1971 1350 2625 1110 44 
1740 1648 1658 1648 1820 1776 1430 1566 1720 1460 1534 1704 1560 2106 1850 2368 1350 1960 1836 2320 2660 2274 2018 1998 2066 1734 1650 1718 2144 1702 1548 2242 2008 1786 1640 2064 2204 1932 1288 1920 1870 1706 1316 1236 1752 2258 1422 1062 1340 1730 1446 1190 1280 1494 1338 1322 612 1612 1250 1460 1714 1236 1318 1786 1506 1226 1738 1278 1332 1556 1346 988 1060 1684 1238 1162 1400 1778 1180 1196 1556 1254 1256 1374 1570 956 1810 0 906 1598 1382 1340 722 2080 816 1412 1528 1588 1416 1854 
2556 1338 1506 2418 2412 1466 2091 1884 2526 1308 1498 2328 1569 2709 1863 3108 1797 1494 1526 1824 2222 3036 2142 2769 1854 1857 2010 1833 2331 2088 2094 2090 2268 2022 1488 2184 1690 1896 1878 1330 1920 1647 1902 1962 1905 2916 1815 681 1098 2703 1563 1893 1866 1620 1779 1752 1356 1506 963 1872 1562 1623 2085 1554 1347 1947 1130 2025 1767 1422 1788 1590 1698 2298 1310 1320 1364 2046 1164 1479 1674 1546 1593 766 1749 1028 2586 906 0 1650 1467 1098 1191 1928 1332 1947 1240 1776 1896 1768 
2559 1530 1624 2421 1869 1658 2094 2172 2529 1426 1500 2187 1518 2997 2151 3192 1974 1686 1718 1808 2206 3012 2259 2628 1492 1833 2298 1809 2619 2376 2271 2208 2244 1998 1606 2472 1656 1898 1881 1522 2208 1935 1695 1803 1359 2949 1272 969 1386 2544 1851 1734 1869 1908 1956 1545 1479 1794 1251 1329 1440 1416 1926 1746 801 1788 1322 1866 1560 1710 1581 1155 1539 2115 1204 1692 1366 2070 1452 933 1836 1628 1386 958 2037 922 2664 1598 1650 0 1755 552 1314 2046 1173 1740 1196 2064 2073 1820 
2235 1252 1408 2700 2536 1380 2360 2340 2940 1210 1284 2908 1908 1848 1776 2577 2200 1564 1440 1530 1928 2595 2456 3496 1514 1416 1881 1856 2436 2612 2596 1992 2436 2108 1390 3052 1598 1682 2076 1400 2700 2336 2280 1928 1256 3952 1740 1048 1604 2960 936 1848 2060 224 2176 2080 1540 2148 1100 1816 1450 1908 1569 1514 1452 1952 1200 2012 1575 2036 2128 1107 1620 2840 988 1824 1150 594 404 2112 2372 1412 1868 836 888 706 3088 1382 1467 1755 0 1604 1320 1830 1132 1743 1206 915 1749 1588 
2052 1162 1292 2520 2195 1290 3174 3240 2696 1094 1162 2180 1932 2445 3343 2640 1968 1318 1350 1440 1838 2460 2276 4321 1124 1281 1746 2722 2067 3648 2955 1876 3592 1928 1274 3200 1288 1560 2748 1154 3312 1844 2286 2690 2422 3196 1440 834 1390 4065 2598 3258 2772 2260 2916 1655 2553 1656 1165 1295 1072 1728 1611 1378 249 2244 954 3102 1008 2316 1715 1326 2256 2084 1134 2620 1044 1518 1800 762 2140 1370 1668 590 1485 852 4584 1340 1098 552 1604 0 1236 1714 2136 1188 828 1512 1575 1506 
1527 926 936 1852 2196 1054 1416 1730 1996 738 812 1964 1676 2076 2256 2469 1256 1238 1114 1598 1996 2328 2592 2552 1344 1518 1392 1992 2160 2002 1652 1520 2572 2244 918 2684 1482 1210 1132 1216 2332 1968 1400 1102 2060 3072 1400 680 1236 2016 1448 936 1116 1544 1232 1200 220 1780 1056 1476 992 1028 894 1064 1176 1008 1016 1144 915 1668 1248 399 676 1924 516 880 678 1584 916 948 1668 752 1068 652 1272 234 2176 722 1191 1314 1320 1236 0 1358 188 1035 806 1299 1041 1132 
1260 1380 1062 1168 1642 1456 950 1298 1240 864 1054 1108 1080 1626 1640 1772 754 1692 1568 1724 2122 1794 1422 1402 1888 1138 1214 1122 1910 1382 952 1646 1412 1248 1044 1468 1724 1452 808 1586 1636 1298 1324 1628 1422 1714 1244 1474 1752 1708 1414 1638 800 1922 742 1052 1468 1232 1484 1282 1118 1138 1636 2104 1794 1674 2150 1596 1234 1758 1076 1436 1314 1088 1686 1610 920 2062 1628 1470 1344 2110 1158 1786 1538 1404 1404 2080 1928 2046 1830 1714 1358 0 1264 1394 1430 2036 706 1448 
1386 832 842 1664 2980 960 1842 7027 1808 644 718 1776 2232 1935 3765 2328 1068 1144 1020 1504 1902 2187 2404 4233 1278 1377 1251 5412 2151 3754 1830 1426 3576 2056 824 3120 1388 1116 4655 1210 4060 2156 4391 1198 4002 2884 5406 3724 1780 2285 1890 1496 2320 1886 5025 1265 997 1704 1555 2080 898 2322 753 970 1317 820 1110 3060 774 4176 1325 258 732 1736 422 865 584 1443 1820 4214 1850 846 2788 746 1131 140 2982 816 1332 1173 1132 2136 188 1264 0 894 712 1158 900 1038 
1755 1168 972 1617 1575 1296 1290 1629 1725 774 964 1527 1338 2304 1956 2523 996 1210 1284 1468 1786 2502 1749 1968 1296 1323 1686 1299 1905 1833 1293 1556 1734 1368 954 2067 1536 1362 1077 1046 1494 1812 663 1134 1749 1917 1092 1266 1683 2265 1644 1455 1065 1911 978 513 1200 972 1347 1035 752 384 1131 1222 1437 1509 1520 1071 528 1572 549 1152 648 1083 1018 1092 830 2019 1440 882 804 1420 354 1156 1458 736 1971 1412 1947 1740 1743 1188 1035 1394 894 0 508 1749 1095 1358 
1206 1204 1008 1114 1086 1332 896 1122 1186 810 1000 1054 928 1572 1340 1718 700 1246 1320 1504 1822 1704 1202 1348 1332 918 1160 902 1306 1258 898 1592 1192 948 990 1414 1572 1398 754 1082 1032 1244 478 792 1202 1314 764 786 1064 1626 1132 1086 746 1318 688 378 916 684 934 726 788 292 790 1258 994 1122 1462 750 388 1084 402 884 468 758 1134 764 866 1582 1004 990 572 1456 272 1098 1008 852 1350 1528 1240 1196 1206 828 806 1430 712 508 0 1202 766 1394 
2544 906 1500 2406 2388 1034 2079 1236 2025 1416 1490 2490 1983 2157 2247 3150 1959 1218 1094 2100 2440 3345 2556 2586 1838 2271 1362 2247 2559 1440 2085 2198 2682 2349 1320 2598 1966 1888 1866 1482 2148 2061 1644 741 1857 2898 1791 1095 1512 2529 1011 1695 1854 1083 1941 1494 1464 1920 1377 1848 1058 1365 738 960 1761 1326 1406 678 1509 1836 1530 1416 1101 1542 1194 1545 1356 1509 612 1452 1845 1158 1395 1042 1197 774 2625 1588 1776 2064 915 1512 1299 2036 1158 1749 1202 0 2058 1794 
894 716 398 756 1467 792 429 951 864 200 390 666 624 1443 1464 1662 135 1028 904 1060 1458 1695 1137 1107 1224 711 825 687 1869 1077 432 982 1122 876 380 1206 1060 788 216 922 1458 951 990 1446 1137 1575 870 1215 1632 1566 1125 1461 204 1887 117 582 1206 852 1230 927 454 711 1458 1440 1695 1515 1486 1398 855 1641 618 1158 975 636 1022 1419 256 2097 1446 1209 1020 1446 741 1122 1311 740 1110 1416 1896 2073 1749 1575 1041 706 900 1095 766 2058 0 784 
1108 1206 1026 1016 1490 1334 798 1124 1088 828 902 1072 928 1474 1604 1736 718 1518 1394 1688 2086 1642 1000 1366 1568 1102 1062 1086 1758 1260 916 1496 1376 1212 1008 1432 1572 1300 656 1434 1484 670 1288 1454 968 1678 1092 1314 1592 952 1262 664 648 1700 706 1016 1242 1080 1332 1130 1082 1102 1536 2004 1340 1448 1990 1496 1198 1722 1040 1210 1278 1052 1460 1384 768 1910 1386 1318 1192 1884 1122 1626 1386 1178 44 1854 1768 1820 1588 1506 1132 1448 1038 1358 1394 1794 784 0 
