0 6 0.88502
0 7 0.53541
0 23 0.60051
1 7 0.97048
1 46 0.51497
2 29 0.76043
2 30 0.96069
3 23 0.63016
3 27 0.84017
3 38 0.86565
3 45 0.63356
4 20 0.51272
4 24 0.91022
4 35 0.72212
4 50 0.50247
4 59 0.86554
5 29 0.97345
5 30 0.63836
6 13 0.72239
6 27 0.54727
6 37 0.80497
6 38 0.94914
6 39 0.74307
7 8 0.78103
7 14 0.69636
7 17 0.85168
7 18 0.90066
7 26 0.96974
7 29 0.95153
7 34 0.8079
7 38 0.80375
7 42 0.71957
7 43 0.87728
7 48 0.79567
7 50 0.70955
7 51 0.82388
7 52 0.67005
7 54 0.72534
7 56 0.51813
8 23 0.85982
8 29 0.85338
8 38 0.83597
9 46 0.70399
9 54 0.95672
10 38 0.90989
10 44 0.61267
11 23 0.89128
11 38 0.67836
11 46 0.75569
11 54 0.86303
12 36 0.73879
12 38 0.90023
12 42 0.75465
12 46 0.941
12 54 0.81934
12 58 0.8475
13 37 0.70343
13 50 0.67575
14 15 0.63572
14 22 0.58364
14 33 0.8525
14 53 0.66874
14 58 0.76066
15 23 0.85913
15 30 0.64175
16 41 0.78611
16 47 0.63222
16 52 0.86299
16 54 0.99545
17 40 0.92267
18 42 0.62737
19 32 0.88475
19 35 0.65754
20 33 0.60625
21 28 0.7077
21 32 0.80087
21 38 0.51453
22 23 0.73877
22 27 0.88965
22 41 0.87773
23 27 0.58325
24 51 0.58506
25 27 0.99393
25 40 0.69751
25 54 0.60092
26 29 0.68366
26 38 0.84678
27 29 0.74588
27 32 0.89349
27 33 0.95512
27 38 0.60452
27 44 0.88938
27 54 0.85698
27 57 0.92065
28 29 0.58636
28 40 0.89972
29 30 0.8361
30 54 0.9238
31 49 0.78671
31 54 0.58501
32 35 0.62852
32 44 0.69445
32 54 0.66649
33 42 0.81956
34 54 0.88861
35 48 0.69699
35 54 0.6967
36 46 0.54564
38 42 0.57115
38 50 0.75736
38 52 0.99719
38 54 0.72895
38 57 0.83881
39 40 0.98221
40 42 0.78183
40 46 0.61355
40 47 0.6376
41 47 0.7392
41 86 0.74757
42 51 0.70476
42 55 0.72215
42 56 0.70849
42 61 0.93302
42 69 0.72036
42 70 0.57117
43 51 0.56046
43 67 0.98486
43 78 0.67653
43 85 0.89715
44 60 0.60234
44 64 0.86086
44 75 0.76536
44 90 0.74656
44 99 0.53255
45 54 0.52879
45 69 0.50316
45 70 0.57891
46 53 0.67904
46 59 0.98637
46 61 0.51067
46 67 0.64551
46 77 0.64346
46 78 0.64913
46 79 0.91775
47 48 0.89789
47 54 0.69308
47 57 0.78386
47 58 0.93238
47 66 0.72328
47 69 0.80861
47 74 0.5991
47 78 0.88077
47 79 0.73757
47 82 0.75614
47 83 0.88465
47 88 0.82658
47 90 0.73017
47 91 0.89785
47 92 0.87371
47 94 0.83091
47 96 0.66213
48 63 0.6409
48 69 0.68029
49 51 0.54481
49 54 0.53407
49 86 0.5818
49 94 0.57694
50 78 0.90273
50 84 0.95589
51 78 0.69874
51 86 0.75099
51 94 0.85962
52 54 0.97908
52 76 0.95746
52 79 0.71948
52 82 0.74979
52 86 0.75881
52 94 0.82178
52 98 0.93797
53 58 0.83287
53 77 0.89585
53 90 0.96012
54 55 0.8851
54 62 0.5528
54 73 0.87073
54 93 0.68739
54 98 0.97234
55 61 0.96961
55 70 0.99117
55 79 0.63251
56 81 0.73995
56 87 0.75501
56 92 0.96061
56 94 0.52632
57 80 0.96027
58 82 0.72955
59 61 0.83468
59 72 0.66645
59 75 0.71369
60 73 0.98921
61 65 0.50588
61 68 0.96576
61 71 0.54817
61 72 0.93663
61 82 0.99249
62 67 0.98554
62 81 0.72748
63 67 0.80286
64 79 0.55348
64 91 0.94042
65 67 0.83559
65 80 0.60212
65 94 0.84456
66 69 0.75498
67 69 0.6087
67 72 0.89644
67 73 0.77217
67 78 0.55123
67 84 0.77304
67 94 0.67152
67 97 0.82687
68 69 0.67771
68 80 0.80734
69 70 0.71978
69 79 0.71935
70 94 0.50745
71 89 0.67193
71 94 0.93795
72 75 0.89105
72 84 0.78854
72 94 0.91114
73 82 0.81254
74 94 0.83959
75 88 0.60302
75 94 0.87094
76 86 0.61317
77 79 0.67842
78 82 0.69319
78 90 0.92725
78 94 0.86417
78 97 0.84603
79 80 0.75132
79 91 0.90692
79 92 0.81742
79 95 0.76639
79 97 0.53092
80 82 0.88893
82 91 0.78081
82 95 0.91374
82 96 0.90051
83 91 0.71034
85 94 0.94967
86 99 0.98455
87 88 0.58368
89 91 0.86218
89 94 0.66502
92 94 0.96638
93 98 0.70668
94 95 0.76272
