5 9 10 0 18 36 15 10 0 0 0 1 0 0 0 
3 8 3 0 22 14 8 1 1 0 0 0 0 0 0 
2 3 1 0 2 3 3 0 0 0 0 0 0 0 0 
3 4 3 0 6 8 2 1 0 0 0 0 0 0 0 
2 5 1 0 11 5 4 0 0 0 0 0 0 0 0 
2 3 1 0 10 3 0 0 0 0 0 1 0 0 0 
2 3 1 0 8 3 1 0 0 0 0 0 0 0 0 
3 10 3 0 18 20 22 1 0 0 0 0 0 0 0 
2 4 1 0 10 4 6 0 0 0 0 0 0 0 0 
1 3 0 0 4 0 2 0 0 0 0 1 0 0 0 
5 8 10 0 17 32 15 10 0 0 0 0 0 0 0 
3 16 3 0 30 32 38 1 0 0 0 1 0 0 0 
3 6 3 0 18 12 5 1 0 0 0 1 0 0 0 
1 3 0 0 1 0 3 0 0 0 0 0 0 0 0 
1 2 0 0 8 0 1 0 0 0 0 0 0 0 0 
1 2 0 0 4 0 1 0 0 0 0 0 0 0 0 
1 2 0 0 6 0 1 0 0 0 0 0 0 0 0 
4 1 6 0 3 3 0 4 0 0 0 0 0 0 0 
5 10 10 0 24 40 21 10 0 0 0 1 0 0 0 
2 4 1 0 7 4 3 0 0 0 0 0 0 0 0 
3 3 3 0 5 6 1 1 0 0 0 0 0 0 0 
2 1 1 0 2 1 0 0 0 0 0 0 0 0 0 
4 17 6 0 49 51 42 4 0 0 0 1 0 0 0 
5 14 9 1 24 46 18 7 2 6 3 0 0 0 0 
1 2 0 0 12 0 1 0 0 0 0 0 0 0 0 
2 9 1 0 19 9 15 0 0 0 0 1 0 0 0 
2 2 1 0 2 2 1 0 0 0 0 0 0 0 0 
5 2 10 0 7 8 0 10 0 0 0 0 0 0 0 
3 8 3 0 25 16 5 1 0 0 0 2 0 0 0 
2 3 1 0 6 3 1 0 0 0 0 0 0 0 0 
6 27 15 0 74 135 77 20 0 0 0 2 0 0 0 
2 6 1 0 10 6 7 0 0 0 0 0 0 0 0 
1 3 0 0 12 0 3 0 0 0 0 0 0 0 0 
5 7 10 0 8 28 7 10 0 0 0 0 0 0 0 
1 1 0 0 3 0 0 0 0 0 0 0 0 0 0 
3 20 3 0 38 38 99 1 1 0 0 0 0 0 0 
6 13 15 0 20 65 18 20 0 0 0 1 0 0 0 
8 13 28 0 42 91 13 56 0 0 0 0 0 0 0 
1 4 0 0 8 0 6 0 0 0 0 0 0 0 0 
4 19 6 0 45 57 57 4 0 0 0 1 0 0 0 
4 6 6 0 14 18 3 4 0 0 0 0 0 0 0 
6 21 15 0 39 105 85 20 0 0 0 0 0 0 0 
1 2 0 0 1 0 1 0 0 0 0 0 0 0 0 
5 7 10 0 11 28 4 10 0 0 0 0 0 0 0 
3 6 3 0 16 12 10 1 0 0 0 0 0 0 0 
3 9 3 0 21 16 9 1 1 0 0 1 0 0 0 
9 23 34 2 44 179 51 71 0 5 12 1 1 0 0 
4 13 6 0 27 39 38 4 0 0 0 1 0 0 0 
2 10 1 0 27 10 35 0 0 0 0 1 0 0 0 
5 10 10 0 14 38 9 10 1 0 0 1 0 0 0 
3 4 3 0 2 8 2 1 0 0 0 0 0 0 0 
1 3 0 0 9 0 3 0 0 0 0 0 0 0 0 
1 4 0 0 2 0 6 0 0 0 0 0 0 0 0 
1 2 0 0 9 0 1 0 0 0 0 0 0 0 0 
2 6 1 0 19 6 9 0 0 0 0 1 0 0 0 
2 1 1 0 8 1 0 0 0 0 0 0 0 0 0 
3 8 3 0 23 16 16 1 0 0 0 0 0 0 0 
1 2 0 0 8 0 1 0 0 0 0 0 0 0 0 
2 2 0 1 3 0 1 0 0 2 0 0 0 0 0 
1 1 0 0 3 0 0 0 0 0 0 0 0 0 0 
5 7 10 0 6 28 9 10 0 0 0 0 0 0 0 
3 4 3 0 20 8 1 1 0 0 0 0 0 0 0 
1 13 0 0 33 0 78 0 0 0 0 0 0 0 0 
1 3 0 0 16 0 3 0 0 0 0 0 0 0 0 
3 5 3 0 23 10 3 1 0 0 0 0 0 0 0 
8 20 27 1 47 127 39 50 1 11 6 1 0 0 0 
4 10 6 0 31 30 10 4 0 0 0 0 0 0 0 
7 17 20 1 31 96 21 30 1 4 5 0 0 0 0 
6 15 15 0 34 73 20 20 1 0 0 0 0 0 0 
3 17 3 0 40 34 80 1 0 0 0 0 0 0 0 
3 6 3 0 10 12 7 1 0 0 0 0 0 0 0 
1 1 0 0 2 0 0 0 0 0 0 0 0 0 0 
10 28 44 1 59 241 45 112 1 9 8 0 0 0 0 
2 3 1 0 12 3 3 0 0 0 0 0 0 0 0 
6 8 15 0 11 40 5 20 0 0 0 0 0 0 0 
1 2 0 0 1 0 1 0 0 0 0 0 0 0 0 
4 7 6 0 17 21 5 4 0 0 0 1 0 0 0 
4 15 6 0 36 45 46 4 0 0 0 0 0 0 0 
3 4 3 0 12 8 2 1 0 0 0 0 0 0 0 
1 4 0 0 5 0 6 0 0 0 0 0 0 0 0 
4 17 6 0 39 51 41 4 0 0 0 2 0 0 0 
3 4 3 0 12 8 1 1 0 0 0 0 0 0 0 
4 8 6 0 7 24 10 4 0 0 0 1 0 0 0 
5 13 9 1 27 43 23 7 0 7 3 0 0 1 0 
3 8 3 0 28 16 8 1 0 0 0 1 0 0 0 
1 2 0 0 3 0 1 0 0 0 0 0 0 0 0 
3 3 3 0 10 6 1 1 0 0 0 0 0 0 0 
2 3 1 0 10 3 3 0 0 0 0 0 0 0 0 
7 19 21 0 26 114 23 35 0 0 0 0 0 0 0 
2 6 1 0 18 6 7 0 0 0 0 0 0 0 0 
2 3 1 0 7 3 1 0 0 0 0 0 0 0 0 
2 1 1 0 3 1 0 0 0 0 0 0 0 0 0 
4 17 5 1 45 37 46 2 0 14 2 0 0 0 0 
4 9 6 0 16 27 8 4 0 0 0 1 0 0 0 
1 5 0 0 16 0 10 0 0 0 0 0 0 0 0 
1 2 0 0 4 0 1 0 0 0 0 0 0 0 0 
7 18 21 0 43 108 24 35 0 0 0 1 0 0 0 
1 5 0 0 17 0 10 0 0 0 0 0 0 0 0 
3 12 3 0 33 24 39 1 0 0 0 0 0 0 0 
4 11 6 0 33 33 36 4 0 0 0 1 0 0 0 
4 19 6 0 39 57 46 4 0 0 0 0 0 0 0 
3 6 3 0 10 12 7 1 0 0 0 0 0 0 0 
4 7 6 0 13 19 8 4 1 0 0 1 0 0 0 
4 11 6 0 42 33 12 4 0 0 0 0 0 0 0 
2 4 1 0 12 4 3 0 0 0 0 0 0 0 0 
1 2 0 0 3 0 1 0 0 0 0 0 0 0 0 
4 12 6 0 28 36 29 4 0 0 0 2 0 0 0 
3 10 3 0 19 20 14 1 0 0 0 0 0 0 0 
2 8 1 0 26 8 20 0 0 0 0 1 0 0 0 
2 15 1 0 36 15 79 0 0 0 0 0 0 0 0 
1 7 0 0 20 0 20 0 0 0 0 1 0 0 0 
1 1 0 0 2 0 0 0 0 0 0 0 0 0 0 
1 2 0 0 2 0 1 0 0 0 0 0 0 0 0 
2 2 1 0 4 2 0 0 0 0 0 0 0 0 0 
1 6 0 0 18 0 15 0 0 0 0 0 0 0 0 
3 2 3 0 2 4 0 1 0 0 0 0 0 0 0 
4 8 6 0 20 24 5 4 0 0 0 0 0 0 0 
1 2 0 0 9 0 1 0 0 0 0 0 0 0 0 
4 6 6 0 11 18 4 4 0 0 0 0 0 0 0 
1 3 0 0 8 0 3 0 0 0 0 0 0 0 0 
3 9 3 0 11 18 12 1 0 0 0 0 0 0 0 
3 6 3 0 8 12 3 1 0 0 0 0 0 0 0 
3 7 3 0 15 14 11 1 0 0 0 0 0 0 0 
1 1 0 0 4 0 0 0 0 0 0 0 0 0 0 
1 1 0 0 1 0 0 0 0 0 0 0 0 0 0 
2 6 1 0 27 6 7 0 0 0 0 0 0 0 0 
1 4 0 0 7 0 6 0 0 0 0 0 0 0 0 
1 4 0 0 8 0 6 0 0 0 0 0 0 0 0 
5 27 9 1 72 94 67 7 0 14 3 0 0 0 0 
1 2 0 0 2 0 1 0 0 0 0 0 0 0 0 
2 5 1 0 6 5 3 0 0 0 0 1 0 0 0 
4 7 6 0 9 21 7 4 0 0 0 0 0 0 0 
14 33 91 0 68 427 40 364 1 0 0 1 0 0 0 
1 1 0 0 2 0 0 0 0 0 0 0 0 0 0 
2 2 1 0 2 2 1 0 0 0 0 0 0 0 0 
1 7 0 0 13 0 21 0 0 0 0 0 0 0 0 
1 1 0 0 2 0 0 0 0 0 0 0 0 0 0 
1 3 0 0 13 0 3 0 0 0 0 0 0 0 0 
3 9 3 0 20 18 18 1 0 0 0 0 0 0 0 
3 9 3 0 30 18 10 1 0 0 0 0 0 0 0 
4 11 5 1 17 26 10 2 1 5 2 0 0 0 0 
2 9 0 1 27 0 22 0 0 7 0 0 0 1 0 
3 10 3 0 22 18 20 1 1 0 0 1 0 0 0 
8 11 28 0 43 75 6 56 1 0 0 0 0 0 0 
2 2 1 0 2 2 1 0 0 0 0 0 0 0 0 
4 8 6 0 16 24 15 4 0 0 0 0 0 0 0 
1 7 0 0 13 0 21 0 0 0 0 0 0 0 0 
2 4 1 0 8 4 6 0 0 0 0 0 0 0 0 
2 3 0 1 10 0 1 0 0 3 0 0 0 0 0 
2 4 1 0 7 4 6 0 0 0 0 0 0 0 0 
4 16 6 0 37 48 79 4 0 0 0 0 0 0 0 
2 6 1 0 10 6 6 0 0 0 0 0 0 0 0 
10 26 45 0 55 234 40 120 0 0 0 2 0 0 0 
2 1 1 0 3 1 0 0 0 0 0 0 0 0 0 
4 6 6 0 13 18 4 4 0 0 0 0 0 0 0 
1 1 0 0 4 0 0 0 0 0 0 0 0 0 0 
5 26 10 0 52 102 109 10 1 0 0 0 0 0 0 
2 6 1 0 14 6 7 0 0 0 0 0 0 0 0 
4 13 6 0 39 39 21 4 0 0 0 0 0 0 0 
2 2 1 0 3 2 1 0 0 0 0 0 0 0 0 
3 7 3 0 14 14 5 1 0 0 0 0 0 0 0 
2 4 1 0 19 4 3 0 0 0 0 0 0 0 0 
10 27 44 1 47 235 37 112 0 8 8 0 0 0 0 
1 1 0 0 5 0 0 0 0 0 0 0 0 0 0 
3 5 2 1 13 8 4 0 0 2 1 0 0 0 0 
1 2 0 0 3 0 1 0 0 0 0 0 0 0 0 
1 4 0 0 8 0 6 0 0 0 0 0 0 0 0 
3 3 3 0 11 6 1 1 0 0 0 0 0 0 0 
1 4 0 0 8 0 6 0 0 0 0 0 0 0 0 
2 2 1 0 3 2 1 0 0 0 0 0 0 0 0 
3 3 3 0 4 6 1 1 0 0 0 0 0 0 0 
4 8 5 1 20 23 20 2 0 1 2 1 0 0 0 
2 3 1 0 8 3 1 0 0 0 0 0 0 0 0 
3 8 3 0 15 16 9 1 0 0 0 0 0 0 0 
1 3 0 0 3 0 3 0 0 0 0 0 0 0 0 
2 2 1 0 1 2 0 0 0 0 0 0 0 0 0 
1 1 0 0 4 0 0 0 0 0 0 0 0 0 0 
2 3 1 0 7 3 3 0 0 0 0 0 0 0 0 
1 1 0 0 3 0 0 0 0 0 0 0 0 0 0 
3 2 3 0 2 4 1 1 0 0 0 0 0 0 0 
1 7 0 0 11 0 21 0 0 0 0 0 0 0 0 
1 5 0 0 17 0 10 0 0 0 0 0 0 0 0 
2 2 0 1 3 0 1 0 0 2 0 0 0 0 0 
2 4 1 0 3 4 2 0 0 0 0 0 0 0 0 
2 1 1 0 1 1 0 0 0 0 0 0 0 0 0 
1 2 0 0 2 0 1 0 0 0 0 0 0 0 0 
5 13 9 1 22 46 18 7 1 4 3 0 0 0 0 
2 3 1 0 7 3 3 0 0 0 0 0 0 0 0 
3 15 3 0 44 30 78 1 0 0 0 0 0 0 0 
5 8 10 0 18 32 11 10 0 0 0 0 0 0 0 
2 2 1 0 8 2 1 0 0 0 0 0 0 0 0 
1 9 0 0 27 0 35 0 0 0 0 1 0 0 0 
3 4 3 0 4 8 3 1 0 0 0 0 0 0 0 
2 3 1 0 2 3 2 0 0 0 0 1 0 0 0 
2 6 1 0 13 6 6 0 0 0 0 0 0 0 0 
1 3 0 0 7 0 3 0 0 0 0 0 0 0 0 
2 2 1 0 1 2 1 0 0 0 0 0 0 0 0 
1 3 0 0 7 0 3 0 0 0 0 0 0 0 0 
1 4 0 0 5 0 6 0 0 0 0 0 0 0 0 
1 4 0 0 7 0 6 0 0 0 0 0 0 0 0 
1 3 0 0 8 0 3 0 0 0 0 0 0 0 0 
1 1 0 0 2 0 0 0 0 0 0 0 0 0 0 
1 3 0 0 9 0 3 0 0 0 0 0 0 0 0 
3 6 3 0 16 12 10 1 0 0 0 0 0 0 0 
1 1 0 0 3 0 0 0 0 0 0 0 0 0 0 
1 1 0 0 3 0 0 0 0 0 0 0 0 0 0 
3 1 3 0 3 2 0 1 0 0 0 0 0 0 0 
6 17 15 0 42 85 39 20 0 0 0 1 0 0 0 
2 4 1 0 12 4 5 0 0 0 0 1 0 0 0 
1 1 0 0 3 0 0 0 0 0 0 0 0 0 0 
6 16 15 0 36 78 45 20 1 0 0 1 0 0 0 
3 9 3 0 12 18 16 1 0 0 0 0 0 0 0 
1 5 0 0 8 0 10 0 0 0 0 0 0 0 0 
1 6 0 0 18 0 15 0 0 0 0 0 0 0 0 
1 2 0 0 7 0 1 0 0 0 0 0 0 0 0 
1 1 0 0 1 0 0 0 0 0 0 0 0 0 0 
2 6 1 0 10 6 5 0 0 0 0 1 0 0 0 
2 4 1 0 20 4 3 0 0 0 0 0 0 0 0 
1 3 0 0 8 0 3 0 0 0 0 0 0 0 0 
4 8 6 0 14 24 11 4 0 0 0 0 0 0 0 
2 6 1 0 18 6 15 0 0 0 0 0 0 0 0 
1 1 0 0 2 0 0 0 0 0 0 0 0 0 0 
1 3 0 0 13 0 3 0 0 0 0 0 0 0 0 
2 6 1 0 33 6 10 0 0 0 0 0 0 0 0 
4 16 6 0 41 48 79 4 0 0 0 0 0 0 0 
4 13 6 0 25 39 27 4 0 0 0 0 0 0 0 
2 9 1 0 38 7 16 0 1 0 0 0 0 0 0 
2 4 1 0 6 4 5 0 0 0 0 1 0 0 0 
3 6 3 0 12 12 4 1 0 0 0 0 0 0 0 
1 1 0 0 3 0 0 0 0 0 0 0 0 0 0 
1 2 0 0 1 0 1 0 0 0 0 0 0 0 0 
3 1 3 0 4 2 0 1 0 0 0 0 0 0 0 
2 9 1 0 25 9 36 0 0 0 0 0 0 0 0 
2 2 1 0 9 2 1 0 0 0 0 0 0 0 0 
2 3 1 0 5 3 1 0 0 0 0 0 0 0 0 
1 4 0 0 7 0 6 0 0 0 0 0 0 0 0 
4 17 6 0 57 51 49 4 0 0 0 0 0 0 0 
3 8 3 0 23 16 13 1 0 0 0 0 0 0 0 
5 11 10 0 19 40 8 10 2 0 0 1 0 0 0 
5 28 10 0 79 112 106 10 0 0 0 2 0 0 0 
2 6 1 0 10 6 7 0 0 0 0 0 0 0 0 
1 3 0 0 6 0 3 0 0 0 0 0 0 0 0 
3 3 3 0 8 6 3 1 0 0 0 0 0 0 0 
1 1 0 0 3 0 0 0 0 0 0 0 0 0 0 
2 5 1 0 14 5 10 0 0 0 0 0 0 0 0 
2 7 1 0 17 7 11 0 0 0 0 0 0 0 0 
2 20 1 0 40 18 99 0 1 0 0 0 0 0 0 
1 1 0 0 5 0 0 0 0 0 0 0 0 0 0 
1 3 0 0 5 0 3 0 0 0 0 0 0 0 0 
4 5 6 0 4 15 5 4 0 0 0 1 0 0 0 
2 4 1 0 8 4 3 0 0 0 0 0 0 0 0 
2 8 1 0 28 8 12 0 0 0 0 1 0 0 0 
4 10 6 0 29 30 18 4 0 0 0 0 0 0 0 
5 5 10 0 8 20 2 10 0 0 0 0 0 0 0 
3 14 3 0 40 28 40 1 0 0 0 0 0 0 0 
1 1 0 0 1 0 0 0 0 0 0 0 0 0 0 
1 2 0 0 5 0 1 0 0 0 0 0 0 0 0 
2 10 1 0 28 10 36 0 0 0 0 0 0 0 0 
4 11 6 0 28 31 23 4 1 0 0 1 0 0 0 
2 3 1 0 6 3 3 0 0 0 0 0 0 0 0 
3 7 3 0 25 14 11 1 0 0 0 0 0 0 0 
1 4 0 0 2 0 6 0 0 0 0 0 0 0 0 
3 8 3 0 25 16 6 1 0 0 0 1 0 0 0 
3 1 3 0 7 2 0 1 0 0 0 0 0 0 0 
2 1 1 0 5 1 0 0 0 0 0 0 0 0 0 
3 6 3 0 18 12 4 1 0 0 0 0 0 0 0 
3 7 3 0 6 14 10 1 0 0 0 0 0 0 0 
1 2 0 0 6 0 1 0 0 0 0 0 0 0 0 
1 1 0 0 3 0 0 0 0 0 0 0 0 0 0 
1 3 0 0 8 0 3 0 0 0 0 0 0 0 0 
1 4 0 0 7 0 6 0 0 0 0 0 0 0 0 
1 2 0 0 20 0 1 0 0 0 0 0 0 0 0 
3 9 2 1 22 10 13 0 0 8 1 0 0 0 0 
1 3 0 0 11 0 3 0 0 0 0 0 0 0 0 
4 13 6 0 31 37 38 4 1 0 0 1 0 0 0 
2 3 1 0 5 3 3 0 0 0 0 0 0 0 0 
1 5 0 0 17 0 10 0 0 0 0 0 0 0 0 
3 5 3 0 3 10 6 1 0 0 0 0 0 0 0 
2 5 1 0 11 5 6 0 0 0 0 0 0 0 0 
3 8 2 1 29 8 12 0 0 8 1 0 0 0 0 
3 4 3 0 9 8 3 1 0 0 0 0 0 0 0 
1 8 0 0 23 0 26 0 0 0 0 2 0 0 0 
2 3 1 0 9 3 3 0 0 0 0 0 0 0 0 
1 2 0 0 5 0 1 0 0 0 0 0 0 0 0 
4 12 6 0 15 36 23 4 0 0 0 0 0 0 0 
1 2 0 0 2 0 1 0 0 0 0 0 0 0 0 
1 3 0 0 9 0 3 0 0 0 0 0 0 0 0 
4 9 6 0 22 27 18 4 0 0 0 0 0 0 0 
2 2 1 0 2 2 1 0 0 0 0 0 0 0 0 
1 3 0 0 6 0 3 0 0 0 0 0 0 0 0 
1 1 0 0 6 0 0 0 0 0 0 0 0 0 0 
4 9 5 1 16 23 7 2 0 4 2 0 0 0 0 
2 3 1 0 12 3 3 0 0 0 0 0 0 0 0 
4 9 6 0 10 27 7 4 0 0 0 0 0 0 0 
1 2 0 0 2 0 1 0 0 0 0 0 0 0 0 
2 5 1 0 20 5 4 0 0 0 0 0 0 0 0 
1 5 0 0 19 0 9 0 0 0 0 1 0 0 0 
1 5 0 0 21 0 10 0 0 0 0 0 0 0 0 
1 1 0 0 2 0 0 0 0 0 0 0 0 0 0 
2 2 1 0 5 2 0 0 0 0 0 1 0 0 0 
1 1 0 0 2 0 0 0 0 0 0 0 0 0 0 
2 3 1 0 4 3 3 0 0 0 0 0 0 0 0 
1 9 0 0 28 0 35 0 0 0 0 1 0 0 0 
3 2 2 1 3 2 1 0 0 2 1 0 0 0 0 
2 5 1 0 20 5 10 0 0 0 0 0 0 0 0 
2 9 1 0 10 9 22 0 0 0 0 0 0 0 0 
2 7 1 0 14 7 11 0 0 0 0 0 0 0 0 
5 7 9 1 7 25 4 7 0 3 3 0 0 0 0 
1 1 0 0 1 0 0 0 0 0 0 0 0 0 0 
1 2 0 0 1 0 1 0 0 0 0 0 0 0 0 
1 3 0 0 16 0 3 0 0 0 0 0 0 0 0 
2 5 1 0 20 5 10 0 0 0 0 0 0 0 0 
2 1 1 0 2 1 0 0 0 0 0 0 0 0 0 
3 3 3 0 7 6 0 1 0 0 0 0 0 0 0 
1 1 0 0 13 0 0 0 0 0 0 0 0 0 0 
1 1 0 0 4 0 0 0 0 0 0 0 0 0 0 
1 3 0 0 13 0 3 0 0 0 0 0 0 0 0 
1 3 0 0 10 0 3 0 0 0 0 0 0 0 0 
1 5 0 0 8 0 10 0 0 0 0 0 0 0 0 
1 9 0 0 26 0 36 0 0 0 0 0 0 0 0 
8 22 27 1 52 144 44 50 0 10 6 0 0 0 0 
2 1 1 0 1 1 0 0 0 0 0 0 0 0 0 
1 3 0 0 3 0 3 0 0 0 0 0 0 0 0 
1 4 0 0 13 0 5 0 0 0 0 1 0 0 0 
1 6 0 0 17 0 14 0 0 0 0 1 0 0 0 
2 2 1 0 4 2 1 0 0 0 0 0 0 0 0 
1 9 0 0 28 0 35 0 0 0 0 1 0 0 0 
1 3 0 0 11 0 3 0 0 0 0 0 0 0 0 
1 7 0 0 22 0 20 0 0 0 0 1 0 0 0 
1 1 0 0 3 0 0 0 0 0 0 0 0 0 0 
1 1 0 0 2 0 0 0 0 0 0 0 0 0 0 
1 7 0 0 22 0 20 0 0 0 0 1 0 0 0 
3 6 2 1 9 7 4 0 0 5 1 0 0 0 0 
1 7 0 0 11 0 21 0 0 0 0 0 0 0 0 
2 1 1 0 9 1 0 0 0 0 0 0 0 0 0 
1 4 0 0 10 0 6 0 0 0 0 0 0 0 0 
2 4 1 0 6 4 6 0 0 0 0 0 0 0 0 
2 2 1 0 4 2 1 0 0 0 0 0 0 0 0 
1 2 0 0 3 0 1 0 0 0 0 0 0 0 0 
3 5 3 0 12 10 4 1 0 0 0 0 0 0 0 
6 7 15 0 13 35 3 20 0 0 0 0 0 0 0 
1 3 0 0 1 0 3 0 0 0 0 0 0 0 0 
1 3 0 0 11 0 3 0 0 0 0 0 0 0 0 
4 4 5 1 14 11 3 2 0 1 2 0 0 0 0 
2 3 1 0 7 3 3 0 0 0 0 0 0 0 0 
1 3 0 0 7 0 3 0 0 0 0 0 0 0 0 
1 3 0 0 10 0 3 0 0 0 0 0 0 0 0 
1 2 0 0 1 0 1 0 0 0 0 0 0 0 0 
1 2 0 0 10 0 1 0 0 0 0 0 0 0 0 
1 2 0 0 7 0 1 0 0 0 0 0 0 0 0 
1 1 0 0 3 0 0 0 0 0 0 0 0 0 0 
1 2 0 0 4 0 1 0 0 0 0 0 0 0 0 
1 1 0 0 2 0 0 0 0 0 0 0 0 0 0 
1 5 0 0 15 0 10 0 0 0 0 0 0 0 0 
1 4 0 0 7 0 5 0 0 0 0 1 0 0 0 
1 2 0 0 6 0 1 0 0 0 0 0 0 0 0 
1 5 0 0 7 0 10 0 0 0 0 0 0 0 0 
1 2 0 0 6 0 1 0 0 0 0 0 0 0 0 
2 3 1 0 7 3 3 0 0 0 0 0 0 0 0 
1 5 0 0 13 0 10 0 0 0 0 0 0 0 0 
1 3 0 0 17 0 2 0 0 0 0 1 0 0 0 
1 5 0 0 16 0 10 0 0 0 0 0 0 0 0 
2 4 1 0 12 4 6 0 0 0 0 0 0 0 0 
1 3 0 0 3 0 3 0 0 0 0 0 0 0 0 
2 4 1 0 11 4 3 0 0 0 0 0 0 0 0 
4 10 6 0 27 30 35 4 0 0 0 1 0 0 0 
2 5 1 0 6 5 6 0 0 0 0 0 0 0 0 
1 4 0 0 26 0 6 0 0 0 0 0 0 0 0 
3 7 3 0 11 14 7 1 0 0 0 0 0 0 0 
1 2 0 0 1 0 1 0 0 0 0 0 0 0 0 
1 1 0 0 6 0 0 0 0 0 0 0 0 0 0 
1 3 0 0 6 0 3 0 0 0 0 0 0 0 0 
1 3 0 0 7 0 3 0 0 0 0 0 0 0 0 
1 3 0 0 7 0 3 0 0 0 0 0 0 0 0 
2 9 1 0 22 9 26 0 0 0 0 2 0 0 0 
1 2 0 0 2 0 0 0 0 0 0 1 0 0 0 
4 3 6 0 5 9 3 4 0 0 0 0 0 0 0 
2 11 1 0 29 11 29 0 0 0 0 2 0 0 0 
1 1 0 0 1 0 0 0 0 0 0 0 0 0 0 
1 1 0 0 1 0 0 0 0 0 0 0 0 0 0 
6 19 14 1 47 90 84 16 0 5 4 0 0 0 0 
4 7 6 0 14 21 6 4 0 0 0 0 0 0 0 
4 3 6 0 2 9 0 4 0 0 0 0 0 0 0 
2 6 1 0 6 6 15 0 0 0 0 0 0 0 0 
1 4 0 0 2 0 6 0 0 0 0 0 0 0 0 
2 6 1 0 8 6 7 0 0 0 0 0 0 0 0 
1 2 0 0 10 0 1 0 0 0 0 0 0 0 0 
