12 101 51 15 358 665 511 114 66 250 65 31 38 32 3 
11 93 40 15 365 519 448 66 54 255 65 38 32 24 2 
2 26 1 0 100 26 288 0 0 0 0 37 0 0 0 
27 101 314 37 358 2049 243 2146 86 337 642 9 128 34 9 
18 116 128 25 303 1361 497 503 96 331 233 15 73 44 7 
3 28 2 1 186 27 148 0 1 17 1 27 0 5 0 
9 77 27 9 426 394 322 38 31 122 31 36 13 19 2 
5 42 8 2 276 89 190 5 19 25 4 40 1 8 0 
6 70 11 4 306 200 446 10 14 90 4 46 6 16 0 
11 80 50 5 555 606 364 126 42 62 33 32 6 24 0 
5 35 8 2 235 85 153 5 7 25 4 25 1 8 0 
18 132 124 29 346 1619 516 468 67 415 241 16 98 38 9 
2 11 1 0 97 7 23 0 2 0 0 4 0 0 0 
4 47 5 1 220 98 379 2 1 25 2 48 0 8 0 
8 85 25 3 540 451 840 41 9 124 12 26 3 1 0 
13 71 76 2 547 771 438 264 18 37 22 17 0 4 0 
8 68 26 2 489 342 304 45 39 28 10 47 1 14 0 
7 74 18 3 324 272 472 22 44 54 11 50 2 15 0 
2 8 1 0 60 8 19 0 0 0 0 2 0 0 0 
2 2 1 0 8 2 0 0 0 0 0 0 0 0 0 
5 47 10 0 379 176 276 10 6 0 0 14 0 0 0 
10 108 44 1 865 871 1340 112 25 41 8 79 0 5 0 
3 11 3 0 98 20 22 1 1 0 0 2 0 0 0 
2 8 1 0 83 8 13 0 0 0 0 3 0 0 0 
4 25 5 1 146 52 83 2 2 15 2 8 0 2 0 
6 14 14 1 96 60 12 16 3 4 4 1 0 0 0 
5 20 8 2 81 59 69 5 1 17 4 4 1 1 0 
5 7 9 1 31 22 5 7 0 4 3 1 0 1 0 
1 10 0 0 47 0 41 0 0 0 0 4 0 0 0 
11 47 51 4 431 407 107 132 5 49 30 13 3 2 0 
17 95 116 20 373 1075 410 440 59 257 183 26 54 35 3 
8 77 20 8 322 291 455 23 25 146 19 43 13 26 1 
11 119 52 3 795 1097 946 140 21 47 23 45 2 2 0 
6 73 14 1 687 319 551 16 13 18 4 57 0 1 0 
4 40 5 1 210 73 313 2 9 23 2 38 0 3 0 
3 7 2 1 30 7 9 0 0 7 1 0 0 0 0 
1 4 0 0 15 0 6 0 0 0 0 0 0 0 0 
5 15 10 0 109 60 64 10 0 0 0 5 0 0 0 
46 309 977 58 1614 12252 1745 12924 123 1333 1988 66 240 37 28 
12 179 60 6 1217 1558 2377 166 36 259 49 94 4 40 1 
8 49 27 1 213 296 316 50 8 31 6 45 0 0 0 
9 19 36 0 156 150 40 84 1 0 0 0 0 0 0 
2 22 1 0 68 20 118 0 1 0 0 1 0 0 0 
7 64 21 0 481 372 599 35 6 0 0 16 0 0 0 
33 265 514 14 1482 7747 2478 5045 99 445 393 98 13 45 5 
11 71 51 4 542 635 588 130 6 59 34 26 1 2 0 
13 94 73 5 856 1002 543 233 32 56 51 32 2 3 0 
1 1 0 0 26 0 0 0 0 0 0 0 0 0 0 
11 112 54 1 979 1052 599 156 28 12 9 53 0 0 0 
7 40 20 1 318 220 115 30 2 16 5 9 0 0 0 
2 10 0 1 115 0 16 0 0 8 0 5 0 1 0 
8 81 22 6 562 390 1006 28 8 149 20 67 8 6 0 
8 63 23 5 393 286 242 33 27 79 16 48 7 11 0 
5 47 9 1 331 149 491 7 0 39 3 18 0 0 0 
6 74 12 3 332 210 489 11 28 68 6 44 3 18 0 
2 3 1 0 15 3 1 0 0 0 0 0 0 0 0 
3 4 3 0 28 8 3 1 0 0 0 0 0 0 0 
29 262 390 16 1700 6858 1548 3236 99 272 405 77 12 4 1 
8 51 27 1 247 324 348 50 1 31 6 38 0 0 0 
4 41 6 0 452 111 198 4 6 0 0 31 0 0 0 
9 52 29 7 338 308 202 45 4 94 31 18 6 3 2 
8 54 21 7 321 221 190 26 21 91 18 33 12 12 0 
17 118 119 17 701 1577 1089 460 29 241 186 67 33 6 1 
7 69 20 1 456 374 445 30 12 16 5 13 0 0 0 
13 58 78 0 439 668 150 286 14 0 0 9 0 0 0 
5 81 10 0 660 298 883 10 13 0 0 41 0 0 0 
2 2 1 0 1 2 0 0 0 0 0 0 0 0 0 
5 45 10 0 285 174 311 10 3 0 0 13 0 0 0 
15 129 93 12 840 1513 817 321 10 255 113 46 20 9 1 
12 81 61 5 651 781 396 176 10 86 38 43 6 2 0 
7 58 15 6 289 176 333 14 30 80 12 34 9 16 0 
1 4 0 0 17 0 6 0 0 0 0 0 0 0 0 
5 17 10 0 196 66 25 10 1 0 0 4 0 0 0 
9 185 23 13 1139 702 2352 27 26 632 31 67 18 47 8 
20 206 183 7 1346 3402 2143 1026 78 300 103 103 10 28 1 
19 163 160 11 1213 2537 1000 799 44 277 153 71 17 16 0 
2 32 1 0 264 32 482 0 0 0 0 14 0 0 0 
9 59 32 4 311 395 376 59 2 65 22 17 3 4 0 
6 55 12 3 277 210 358 9 1 63 10 10 1 0 0 
1 3 0 0 10 0 2 0 0 0 0 1 0 0 0 
4 10 5 1 54 20 17 2 1 6 2 0 0 1 0 
3 15 2 1 83 17 41 0 1 9 1 2 0 1 0 
2 30 1 0 243 18 203 0 6 0 0 16 0 0 0 
2 3 0 1 18 0 1 0 0 3 0 0 0 0 0 
3 5 2 1 34 8 4 0 0 2 1 0 0 0 0 
3 45 2 1 352 84 769 0 1 4 1 57 0 0 0 
2 5 0 1 80 0 5 0 0 5 0 1 0 0 0 
6 29 14 1 186 134 120 16 1 9 4 14 0 0 0 
11 51 52 3 398 444 164 139 9 32 25 27 1 8 0 
9 65 36 0 568 472 240 84 24 0 0 27 0 0 0 
4 41 5 1 356 80 210 2 7 25 2 20 0 2 0 
5 34 9 1 307 116 130 7 4 12 3 4 0 0 0 
5 76 9 1 525 276 1075 7 8 12 3 65 0 0 0 
3 7 3 0 57 14 4 1 0 0 0 3 0 0 0 
2 13 1 0 58 13 52 0 0 0 0 4 0 0 0 
5 16 10 0 132 62 30 10 1 0 0 2 0 0 0 
2 10 1 0 53 10 21 0 0 0 0 0 0 0 0 
16 128 114 6 1264 1651 722 486 37 173 64 66 10 11 0 
2 35 1 0 234 33 278 0 1 0 0 17 0 0 0 
5 28 7 3 132 73 77 4 3 29 3 5 3 2 0 
7 28 18 3 171 128 57 21 5 22 13 3 1 4 0 
3 51 3 0 497 86 381 1 8 0 0 31 0 0 0 
18 185 135 18 1148 2293 1916 584 46 668 190 56 28 46 14 
10 76 42 3 663 591 683 97 16 59 22 24 1 1 0 
2 13 1 0 70 11 37 0 1 0 0 1 0 0 0 
9 56 35 1 481 405 405 77 7 27 7 15 0 1 0 
16 111 120 0 901 1615 851 560 25 0 0 50 0 0 0 
22 215 219 12 1438 4025 1630 1315 65 310 210 98 15 25 0 
42 317 805 56 1637 11224 1778 9527 142 1411 1692 54 235 39 26 
25 113 293 7 668 2611 297 2146 27 47 148 24 5 0 1 
2 13 0 1 67 0 40 0 0 13 0 2 0 0 0 
3 47 2 1 220 35 372 0 11 25 1 39 0 6 0 
21 219 188 22 1353 3430 2027 984 46 756 290 72 40 51 16 
15 83 99 6 695 1065 354 381 11 67 70 33 4 4 0 
9 54 35 1 380 372 208 77 21 16 7 7 0 1 0 
6 59 12 3 275 190 418 11 10 63 6 46 3 11 0 
8 58 23 5 533 283 248 32 10 99 18 19 6 2 0 
2 7 1 0 64 7 9 0 0 0 0 0 0 0 0 
5 52 10 0 404 206 462 10 1 0 0 55 0 0 0 
31 308 417 48 1621 7559 2294 3319 126 1345 982 65 172 42 22 
5 31 8 2 181 80 119 5 7 22 4 16 1 4 0 
4 11 4 2 80 13 26 1 1 18 2 2 1 0 0 
3 17 2 1 108 23 50 0 0 9 1 2 0 1 0 
8 65 28 0 439 445 609 56 5 0 0 18 0 0 0 
2 10 1 0 85 8 22 0 1 0 0 2 0 0 0 
4 33 6 0 199 97 130 4 1 0 0 6 0 0 0 
5 54 8 2 407 201 779 4 1 13 6 58 0 0 0 
5 20 9 1 180 73 49 7 1 5 3 4 0 0 0 
3 31 3 0 177 52 155 1 5 0 0 20 0 0 0 
9 46 33 3 431 329 149 64 3 31 19 10 1 1 0 
5 64 7 3 517 171 797 3 8 69 5 62 2 0 0 
17 70 126 10 318 982 207 549 11 104 114 13 15 6 2 
6 52 11 4 335 183 312 8 3 59 9 29 2 6 1 
1 32 0 0 265 0 482 0 0 0 0 14 0 0 0 
4 53 6 0 307 149 454 4 5 0 0 22 0 0 0 
3 16 3 0 94 30 47 1 1 0 0 5 0 0 0 
10 116 42 3 928 861 1289 97 25 115 22 68 1 9 0 
11 75 53 2 587 721 573 147 7 15 18 51 0 0 0 
4 33 6 0 187 97 151 4 1 0 0 5 0 0 0 
5 34 7 3 299 75 189 3 1 59 5 12 2 0 0 
3 20 3 0 263 38 65 1 1 0 0 12 0 0 0 
3 11 3 0 115 22 20 1 0 0 0 3 0 0 0 
14 81 85 6 539 828 299 297 61 57 62 48 5 23 0 
1 45 0 0 309 0 932 0 0 0 0 58 0 0 0 
4 12 6 0 114 36 23 4 0 0 0 1 0 0 0 
5 44 10 0 245 174 206 10 1 0 0 5 0 0 0 
13 75 78 0 569 886 543 286 7 0 0 27 0 0 0 
5 19 9 1 156 66 28 7 1 8 3 5 0 0 0 
2 16 1 0 83 14 75 0 1 0 0 6 0 0 0 
2 60 1 0 425 50 1031 0 5 0 0 64 0 0 0 
14 64 85 6 329 692 151 307 24 80 42 12 15 6 0 
4 37 6 0 163 105 198 4 3 0 0 7 0 0 0 
3 29 2 1 151 28 171 0 1 24 1 12 0 2 0 
15 104 97 8 647 1317 516 359 12 97 88 46 8 9 0 
4 33 6 0 258 95 183 4 2 0 0 12 0 0 0 
2 10 1 0 89 10 19 0 0 0 0 5 0 0 0 
3 9 3 0 37 18 16 1 0 0 0 0 0 0 0 
7 24 21 0 158 140 53 35 2 0 0 4 0 0 0 
14 116 86 5 906 1330 809 307 27 104 54 64 3 10 0 
5 26 10 0 210 102 77 10 1 0 0 8 0 0 0 
3 10 3 0 72 18 10 1 1 0 0 3 0 0 0 
1 3 0 0 17 0 3 0 0 0 0 0 0 0 0 
4 17 6 0 116 51 49 4 0 0 0 7 0 0 0 
2 22 1 0 218 22 99 0 0 0 0 12 0 0 0 
13 151 68 10 1110 1399 1470 190 36 283 83 84 12 29 1 
5 31 9 1 125 97 118 7 8 11 3 12 0 0 0 
1 7 0 0 60 0 19 0 0 0 0 2 0 0 0 
8 60 26 2 392 353 360 45 11 37 10 21 1 4 0 
9 136 31 5 878 813 1723 54 16 197 25 87 5 23 0 
4 52 4 2 222 80 396 0 12 38 4 39 0 7 0 
15 96 102 3 693 1264 396 416 18 36 39 16 0 4 0 
3 39 2 1 388 56 258 0 1 20 1 12 0 0 0 
3 11 3 0 50 20 16 1 1 0 0 0 0 0 0 
6 33 15 0 217 161 165 20 2 0 0 11 0 0 0 
4 25 5 1 201 54 90 2 1 17 2 4 0 1 0 
3 9 3 0 39 16 12 1 1 0 0 1 0 0 0 
3 27 2 1 141 27 253 0 0 25 1 6 0 1 0 
7 34 19 2 160 157 167 26 2 37 8 10 1 3 0 
10 91 40 5 744 684 497 84 6 97 32 38 4 13 0 
2 44 0 1 309 0 889 0 0 44 0 57 0 0 0 
4 32 5 1 177 61 164 2 4 17 2 11 0 5 0 
5 15 10 0 86 58 24 10 1 0 0 1 0 0 0 
3 16 3 0 35 32 44 1 0 0 0 1 0 0 0 
7 62 18 3 308 308 427 21 13 38 13 8 1 0 0 
8 89 27 1 713 548 936 50 12 45 6 65 0 3 0 
5 45 10 0 272 178 337 10 1 0 0 12 0 0 0 
6 12 13 2 37 48 15 13 1 10 6 0 1 0 0 
1 5 0 0 12 0 8 0 0 0 0 2 0 0 0 
6 18 15 0 116 84 31 20 3 0 0 0 0 0 0 
2 15 1 0 110 15 105 0 0 0 0 0 0 0 0 
3 15 3 0 216 30 61 1 0 0 0 8 0 0 0 
13 195 70 8 1239 1839 2442 210 50 319 66 106 8 41 2 
6 44 14 1 343 191 184 16 3 21 4 14 0 1 0 
1 10 0 0 61 0 39 0 0 0 0 6 0 0 0 
11 61 49 6 453 494 233 122 4 104 33 14 9 2 1 
5 59 10 0 411 234 665 10 1 0 0 26 0 0 0 
3 22 2 1 191 26 93 0 0 16 1 1 0 1 0 
14 119 88 3 730 1445 844 329 21 58 34 31 1 1 0 
2 41 1 0 296 41 387 0 0 0 0 25 0 0 0 
3 15 2 1 67 11 29 0 4 11 1 2 0 0 0 
8 56 24 4 376 324 300 34 2 52 21 25 0 6 1 
6 19 15 0 140 95 62 20 0 0 0 4 0 0 0 
8 43 27 1 397 290 173 50 1 9 6 21 0 0 0 
5 33 9 1 233 113 154 7 4 9 3 3 0 1 0 
9 89 32 4 949 555 548 60 16 103 20 57 4 11 0 
16 152 112 8 1116 1966 1388 454 39 194 100 99 6 21 0 
7 34 17 4 273 140 145 19 0 56 12 9 4 4 0 
20 156 176 14 1085 2582 1429 905 23 308 220 79 13 14 2 
11 40 54 1 320 389 166 156 1 9 9 31 0 0 0 
11 73 53 2 353 660 319 147 15 30 18 12 0 5 0 
2 55 1 0 347 55 976 0 0 0 0 59 0 0 0 
5 48 10 0 350 186 264 10 3 0 0 22 0 0 0 
2 4 1 0 40 2 3 0 1 0 0 0 0 0 0 
6 34 13 2 227 118 164 13 3 30 6 9 1 8 0 
6 40 13 2 414 170 244 12 3 22 8 21 0 1 0 
5 17 10 0 103 68 32 10 0 0 0 3 0 0 0 
3 8 3 0 30 16 9 1 0 0 0 0 0 0 0 
4 22 6 0 234 64 53 4 1 0 0 5 0 0 0 
13 131 71 7 1007 1191 1430 218 29 273 61 77 5 25 2 
15 181 94 11 1225 1972 2007 331 36 420 107 96 15 35 2 
7 64 20 1 524 347 284 30 5 27 5 25 0 0 0 
15 90 103 2 668 1232 401 430 6 16 24 25 1 0 0 
3 18 3 0 107 36 92 1 0 0 0 2 0 0 0 
11 47 52 3 284 420 144 138 7 26 27 18 0 5 0 
21 110 199 11 927 2003 468 1135 15 153 181 36 14 7 0 
6 81 13 2 560 346 1026 13 4 49 6 65 1 1 0 
9 69 31 5 558 437 597 54 11 93 25 19 5 0 0 
12 143 61 5 1026 1371 1574 173 20 128 44 95 3 17 0 
7 37 17 4 334 168 119 19 7 36 13 15 2 2 1 
7 49 16 5 237 183 196 17 16 67 12 9 5 6 1 
5 33 10 0 248 128 108 10 2 0 0 7 0 0 0 
2 8 1 0 59 8 14 0 0 0 0 2 0 0 0 
3 27 3 0 133 54 269 1 0 0 0 8 0 0 0 
4 17 5 1 126 37 45 2 1 12 2 4 0 0 0 
1 3 0 0 17 0 2 0 0 0 0 1 0 0 0 
12 108 57 9 710 871 1116 144 10 283 63 55 12 7 1 
4 62 6 0 372 174 495 4 6 0 0 13 0 0 0 
6 12 14 1 54 54 17 16 0 4 4 0 0 1 0 
1 5 0 0 12 0 9 0 0 0 0 1 0 0 0 
8 52 26 2 272 347 377 45 6 5 10 20 1 0 0 
1 45 0 0 309 0 932 0 0 0 0 58 0 0 0 
5 28 9 1 317 90 92 7 2 16 3 13 0 1 0 
2 11 1 0 75 9 43 0 1 0 0 2 0 0 0 
10 104 42 3 672 798 1106 98 3 122 20 90 2 5 0 
9 99 35 1 850 721 716 77 14 35 7 63 0 4 0 
4 25 2 4 216 22 93 0 2 45 1 13 2 2 1 
7 74 19 2 617 377 489 26 1 63 8 27 1 1 0 
6 46 14 1 412 192 367 16 3 30 4 14 0 1 0 
5 25 10 0 235 100 95 10 0 0 0 5 0 0 0 
6 37 13 2 196 134 136 13 5 35 6 15 1 3 0 
2 16 1 0 88 16 59 0 0 0 0 6 0 0 0 
7 22 21 0 144 132 41 35 0 0 0 3 0 0 0 
5 18 10 0 77 72 30 10 0 0 0 2 0 0 0 
6 88 13 2 638 322 1114 13 2 104 6 57 1 5 0 
4 9 4 2 60 14 11 1 0 13 2 0 1 0 0 
3 12 2 1 69 16 22 0 0 6 1 0 0 1 0 
3 17 3 0 104 30 70 1 2 0 0 0 0 0 0 
3 16 3 0 82 28 68 1 2 0 0 0 0 0 0 
5 20 7 3 118 49 56 3 0 31 5 5 2 0 0 
2 18 0 1 97 0 71 0 0 18 0 1 0 0 0 
6 41 15 0 248 187 157 20 9 0 0 34 0 0 0 
14 90 80 11 396 835 481 261 33 203 78 29 21 33 4 
6 47 13 2 285 161 175 13 17 26 6 16 1 7 0 
6 91 12 3 618 295 1179 10 2 142 9 61 0 7 1 
3 18 3 0 123 32 53 1 2 0 0 5 0 0 0 
4 20 6 0 200 46 41 4 7 0 0 6 0 0 0 
2 6 1 0 35 6 3 0 0 0 0 3 0 0 0 
4 12 4 2 29 22 15 1 0 14 2 0 1 0 0 
2 44 0 1 309 0 889 0 0 44 0 57 0 0 0 
2 13 1 0 84 13 28 0 0 0 0 8 0 0 0 
12 46 63 3 277 459 133 191 3 35 28 8 1 3 0 
1 11 0 0 46 0 52 0 0 0 0 3 0 0 0 
1 12 0 0 51 0 66 0 0 0 0 0 0 0 0 
13 51 78 0 362 600 175 286 6 0 0 10 0 0 0 
1 45 0 0 309 0 932 0 0 0 0 58 0 0 0 
3 8 3 0 64 16 6 1 0 0 0 1 0 0 0 
4 33 5 1 197 70 210 2 0 23 2 8 0 3 0 
14 189 74 17 1182 1592 2012 213 36 699 111 67 27 47 13 
1 10 0 0 47 0 42 0 0 0 0 3 0 0 0 
5 57 10 0 479 218 656 10 5 0 0 36 0 0 0 
5 25 10 0 117 96 64 10 2 0 0 3 0 0 0 
1 11 0 0 46 0 52 0 0 0 0 3 0 0 0 
14 60 79 12 338 624 178 242 7 134 102 9 18 4 2 
1 10 0 0 47 0 41 0 0 0 0 4 0 0 0 
7 25 21 0 121 150 65 35 0 0 0 2 0 0 0 
4 12 6 0 36 36 22 4 0 0 0 0 0 0 0 
8 60 27 1 469 390 305 50 7 16 6 22 0 0 0 
9 55 31 5 339 354 227 53 3 74 28 9 2 3 1 
9 95 33 3 641 627 977 65 4 109 17 62 2 8 0 
1 7 0 0 56 0 17 0 0 0 0 4 0 0 0 
1 8 0 0 20 0 28 0 0 0 0 0 0 0 0 
9 20 36 0 149 146 32 84 7 0 0 0 0 0 0 
4 69 5 1 428 178 1038 2 4 17 2 61 0 2 0 
7 52 20 1 519 278 277 30 4 26 5 29 0 0 0 
5 102 8 2 705 254 1650 5 11 98 4 84 1 17 0 
1 8 0 0 104 0 26 0 0 0 0 2 0 0 0 
9 104 34 2 645 718 1687 70 12 58 14 84 0 16 0 
1 8 0 0 59 0 24 0 0 0 0 4 0 0 0 
8 54 27 1 473 341 221 50 5 25 6 18 0 1 0 
2 18 0 1 203 0 89 0 0 18 0 8 0 0 0 
6 69 13 2 495 304 1027 12 10 17 8 68 0 2 0 
1 8 0 0 69 0 23 0 0 0 0 5 0 0 0 
2 3 1 0 27 3 1 0 0 0 0 0 0 0 0 
3 18 2 1 123 20 63 0 0 12 1 10 0 2 0 
5 70 9 1 532 212 913 7 5 52 3 59 0 3 0 
3 8 3 0 27 14 6 1 1 0 0 1 0 0 0 
2 22 1 0 193 22 108 0 0 0 0 6 0 0 0 
3 21 3 0 216 40 64 1 1 0 0 15 0 0 0 
4 53 5 1 376 151 945 2 1 6 2 61 0 0 0 
3 47 3 0 334 78 549 1 8 0 0 16 0 0 0 
2 27 1 0 160 27 171 0 0 0 0 0 0 0 0 
10 66 38 7 545 537 313 73 6 45 38 19 9 0 0 
2 14 1 0 72 14 47 0 0 0 0 4 0 0 0 
2 8 0 1 101 0 13 0 0 8 0 3 0 0 0 
10 18 44 1 60 151 22 112 1 9 8 3 0 0 0 
5 18 10 0 131 72 74 10 0 0 0 6 0 0 0 
3 15 3 0 76 30 69 1 0 0 0 0 0 0 0 
3 21 3 0 134 36 88 1 3 0 0 0 0 0 0 
3 6 3 0 42 6 3 1 3 0 0 0 0 0 0 
2 13 1 0 129 13 45 0 0 0 0 3 0 0 0 
7 40 20 1 280 203 116 30 14 7 5 16 0 1 0 
1 32 0 0 265 0 482 0 0 0 0 14 0 0 0 
8 30 28 0 136 172 50 56 19 0 0 6 0 0 0 
6 36 15 0 125 128 88 20 26 0 0 6 0 0 0 
2 4 1 0 26 4 2 0 0 0 0 0 0 0 0 
1 12 0 0 75 0 66 0 0 0 0 0 0 0 0 
3 27 1 2 180 24 144 0 1 28 0 12 1 0 0 
3 18 3 0 147 34 55 1 1 0 0 3 0 0 0 
4 14 6 0 153 42 29 4 0 0 0 3 0 0 0 
9 130 33 3 862 863 1828 64 7 123 19 94 1 20 0 
1 2 0 0 19 0 1 0 0 0 0 0 0 0 0 
3 19 3 0 137 38 90 1 0 0 0 3 0 0 0 
8 36 27 1 190 192 74 50 27 6 6 7 0 0 0 
2 8 1 0 53 8 27 0 0 0 0 1 0 0 0 
2 11 1 0 79 9 41 0 1 0 0 4 0 0 0 
7 39 21 0 222 210 145 35 12 0 0 32 0 0 0 
4 33 6 0 212 95 195 4 2 0 0 3 0 0 0 
5 28 8 2 125 73 121 5 5 23 4 10 1 3 0 
4 35 6 0 283 105 484 4 0 0 0 15 0 0 0 
1 3 0 0 35 0 3 0 0 0 0 0 0 0 0 
4 40 4 2 294 58 172 1 10 26 2 36 1 8 0 
7 76 18 3 536 357 618 23 16 65 9 20 3 1 0 
2 10 1 0 38 10 21 0 0 0 0 0 0 0 0 
2 29 0 1 168 0 208 0 0 23 0 8 0 3 0 
4 22 6 0 138 48 60 4 9 0 0 10 0 0 0 
3 30 2 1 200 32 134 0 3 22 1 8 0 0 0 
3 16 1 2 113 7 37 0 1 17 0 2 1 3 0 
8 42 26 2 142 213 101 45 30 15 10 4 1 3 0 
4 23 6 0 96 69 75 4 0 0 0 0 0 0 0 
4 35 4 2 158 57 172 1 2 32 2 10 1 6 0 
2 12 1 0 115 10 46 0 1 0 0 9 0 0 0 
6 45 15 0 194 203 362 20 11 0 0 8 0 0 0 
5 26 10 0 164 60 61 10 22 0 0 5 0 0 0 
4 13 5 1 97 23 19 2 3 8 2 6 0 1 0 
11 67 53 2 498 591 492 147 13 53 18 22 0 0 0 
5 30 9 1 179 101 192 7 0 19 3 10 0 0 0 
2 10 1 0 60 10 28 0 0 0 0 1 0 0 0 
3 8 3 0 81 16 21 1 0 0 0 0 0 0 0 
3 20 3 0 144 40 77 1 0 0 0 1 0 0 0 
3 10 3 0 104 20 13 1 0 0 0 0 0 0 0 
2 37 1 0 282 37 492 0 0 0 0 14 0 0 0 
4 20 6 0 98 60 71 4 0 0 0 12 0 0 0 
3 19 3 0 176 38 82 1 0 0 0 6 0 0 0 
4 34 6 0 169 98 216 4 2 0 0 14 0 0 0 
4 16 6 0 77 46 56 4 1 0 0 3 0 0 0 
2 22 0 1 118 0 164 0 0 22 0 10 0 0 0 
2 13 0 1 127 0 32 0 0 13 0 4 0 0 0 
3 66 1 2 551 27 849 0 0 95 0 61 1 5 0 
5 31 9 1 145 100 100 7 5 10 3 9 0 2 0 
2 23 1 0 93 21 118 0 1 0 0 3 0 0 0 
2 9 1 0 55 9 21 0 0 0 0 7 0 0 0 
3 22 2 1 111 23 79 0 1 15 1 11 0 2 0 
8 36 24 4 212 163 76 35 25 35 18 4 3 2 0 
3 26 3 0 122 50 120 1 1 0 0 4 0 0 0 
2 54 1 0 423 46 837 0 4 0 0 61 0 0 0 
3 20 3 0 101 38 93 1 1 0 0 1 0 0 0 
1 7 0 0 52 0 19 0 0 0 0 2 0 0 0 
3 15 3 0 112 28 53 1 1 0 0 5 0 0 0 
4 28 6 0 252 84 173 4 0 0 0 8 0 0 0 
4 28 6 0 325 78 87 4 3 0 0 10 0 0 0 
2 8 1 0 94 8 25 0 0 0 0 3 0 0 0 
2 13 1 0 52 13 66 0 0 0 0 0 0 0 0 
2 9 1 0 68 9 16 0 0 0 0 2 0 0 0 
4 33 6 0 257 89 129 4 5 0 0 10 0 0 0 
5 26 10 0 148 104 94 10 0 0 0 0 0 0 0 
5 31 10 0 95 72 79 10 26 0 0 5 0 0 0 
1 16 0 0 118 0 103 0 0 0 0 17 0 0 0 
1 10 0 0 67 0 43 0 0 0 0 2 0 0 0 
2 26 1 0 172 26 151 0 0 0 0 9 0 0 0 
1 6 0 0 34 0 13 0 0 0 0 2 0 0 0 
2 39 1 0 395 37 418 0 1 0 0 53 0 0 0 
6 42 12 3 272 134 190 10 13 34 8 8 2 8 0 
4 28 6 0 145 84 126 4 0 0 0 5 0 0 0 
2 5 1 0 39 5 4 0 0 0 0 0 0 0 0 
3 27 3 0 312 48 180 1 3 0 0 25 0 0 0 
5 15 10 0 107 60 32 10 0 0 0 1 0 0 0 
1 4 0 0 15 0 6 0 0 0 0 0 0 0 0 
3 19 3 0 102 38 61 1 0 0 0 2 0 0 0 
2 17 1 0 119 17 63 0 0 0 0 3 0 0 0 
1 5 0 0 19 0 10 0 0 0 0 0 0 0 0 
1 4 0 0 31 0 5 0 0 0 0 1 0 0 0 
6 43 15 0 288 213 247 20 1 0 0 3 0 0 0 
1 2 0 0 20 0 1 0 0 0 0 0 0 0 0 
16 167 109 11 1144 2175 1747 419 22 256 128 111 13 15 0 
2 5 1 0 6 5 6 0 0 0 0 0 0 0 0 
2 4 1 0 20 4 3 0 0 0 0 0 0 0 0 
5 13 10 0 93 52 14 10 0 0 0 5 0 0 0 
2 5 1 0 42 5 10 0 0 0 0 0 0 0 0 
3 22 3 0 140 42 108 1 1 0 0 11 0 0 0 
1 13 0 0 116 0 73 0 0 0 0 5 0 0 0 
12 53 62 4 364 489 172 184 15 48 32 30 4 8 0 
4 7 6 0 57 19 5 4 1 0 0 0 0 0 0 
2 5 1 0 32 5 6 0 0 0 0 0 0 0 0 
4 21 5 1 132 42 103 2 0 13 2 17 0 4 0 
15 53 104 1 362 715 147 442 9 9 13 26 0 0 0 
6 37 14 1 243 161 172 16 2 16 4 13 0 2 0 
6 23 14 1 105 107 37 16 1 4 4 2 0 1 0 
19 121 161 10 873 1995 639 814 18 143 141 31 13 2 1 
4 40 6 0 281 120 251 4 0 0 0 16 0 0 0 
5 32 10 0 257 126 225 10 1 0 0 19 0 0 0 
1 4 0 0 32 0 6 0 0 0 0 0 0 0 0 
2 28 1 0 198 28 190 0 0 0 0 17 0 0 0 
10 44 42 3 369 347 150 99 5 39 18 14 3 0 0 
2 5 1 0 35 5 4 0 0 0 0 2 0 0 0 
2 4 1 0 33 4 6 0 0 0 0 0 0 0 0 
5 34 10 0 260 134 219 10 1 0 0 10 0 0 0 
9 102 31 5 658 681 765 55 12 105 23 36 6 3 0 
2 4 1 0 5 4 2 0 0 0 0 0 0 0 0 
3 3 3 0 3 6 1 1 0 0 0 0 0 0 0 
2 9 1 0 53 9 16 0 0 0 0 2 0 0 0 
4 25 6 0 256 75 80 4 0 0 0 4 0 0 0 
9 74 29 7 406 468 449 42 0 122 36 18 5 1 1 
1 2 0 0 14 0 1 0 0 0 0 0 0 0 0 
3 14 3 0 84 28 46 1 0 0 0 0 0 0 0 
1 10 0 0 57 0 45 0 0 0 0 0 0 0 0 
11 57 55 0 375 564 351 165 3 0 0 19 0 0 0 
8 84 27 1 909 500 475 50 26 32 6 62 0 2 0 
3 12 3 0 193 24 58 1 0 0 0 8 0 0 0 
1 2 0 0 12 0 1 0 0 0 0 0 0 0 0 
4 14 6 0 94 42 44 4 0 0 0 4 0 0 0 
1 14 0 0 181 0 80 0 0 0 0 11 0 0 0 
2 7 1 0 55 7 15 0 0 0 0 0 0 0 0 
2 7 1 0 30 7 15 0 0 0 0 0 0 0 0 
1 2 0 0 9 0 1 0 0 0 0 0 0 0 0 
3 9 3 0 102 18 14 1 0 0 0 2 0 0 0 
4 8 6 0 63 24 5 4 0 0 0 0 0 0 0 
4 29 6 0 208 85 135 4 1 0 0 13 0 0 0 
8 113 27 1 814 742 1462 50 17 15 6 78 0 0 0 
11 123 50 5 1087 1056 846 123 19 114 39 90 3 11 0 
5 40 10 0 369 154 225 10 3 0 0 22 0 0 0 
9 112 32 4 947 700 1214 58 13 134 25 80 0 18 1 
4 24 6 0 227 72 171 4 0 0 0 22 0 0 0 
5 33 7 3 191 70 160 3 1 52 6 4 0 4 1 
5 65 8 2 594 179 514 5 3 69 4 30 1 3 0 
10 128 40 5 906 942 1248 82 19 156 36 77 2 8 0 
3 4 3 0 33 8 3 1 0 0 0 0 0 0 0 
1 4 0 0 32 0 6 0 0 0 0 0 0 0 0 
1 10 0 0 51 0 42 0 0 0 0 3 0 0 0 
2 4 1 0 22 4 3 0 0 0 0 0 0 0 0 
6 33 15 0 121 161 139 20 2 0 0 1 0 0 0 
1 5 0 0 33 0 10 0 0 0 0 0 0 0 0 
3 27 3 0 221 54 134 1 0 0 0 23 0 0 0 
3 15 3 0 157 28 37 1 1 0 0 5 0 0 0 
2 3 1 0 5 3 3 0 0 0 0 0 0 0 0 
4 6 6 0 34 18 4 4 0 0 0 0 0 0 0 
3 30 3 0 146 60 177 1 0 0 0 10 0 0 0 
4 27 4 2 186 53 144 1 1 26 2 12 1 0 0 
2 34 1 0 271 34 483 0 0 0 0 14 0 0 0 
3 8 3 0 139 14 6 1 1 0 0 3 0 0 0 
7 93 18 3 624 382 1579 22 2 142 12 78 0 15 1 
6 63 15 0 529 293 360 20 11 0 0 27 0 0 0 
2 29 1 0 149 27 278 0 1 0 0 8 0 0 0 
13 78 64 14 525 670 402 165 12 196 90 40 29 23 2 
7 36 20 1 289 206 165 30 0 10 5 20 0 0 0 
1 2 0 0 3 0 1 0 0 0 0 0 0 0 0 
7 43 21 0 314 250 261 35 4 0 0 17 0 0 0 
3 16 3 0 174 32 54 1 0 0 0 3 0 0 0 
2 22 1 0 129 20 109 0 1 0 0 2 0 0 0 
4 4 6 0 19 12 1 4 0 0 0 0 0 0 0 
3 3 3 0 10 6 3 1 0 0 0 0 0 0 0 
2 26 1 0 100 26 288 0 0 0 0 37 0 0 0 
4 20 6 0 112 56 38 4 2 0 0 3 0 0 0 
19 211 154 17 1297 3157 1648 713 43 511 224 95 31 22 1 
10 89 43 2 822 711 445 105 13 54 14 41 1 5 0 
5 29 7 3 180 86 155 3 0 26 5 11 2 2 0 
3 19 3 0 146 38 57 1 0 0 0 6 0 0 0 
7 75 19 2 683 379 706 26 9 51 8 31 1 1 0 
3 12 3 0 69 24 64 1 0 0 0 2 0 0 0 
3 14 3 0 92 26 27 1 1 0 0 1 0 0 0 
3 21 3 0 235 42 78 1 0 0 0 6 0 0 0 
2 10 1 0 66 10 43 0 0 0 0 2 0 0 0 
11 102 52 3 696 916 685 139 8 82 25 38 1 3 0 
2 11 1 0 101 11 42 0 0 0 0 3 0 0 0 
6 41 14 1 353 180 199 16 2 15 4 11 0 3 0 
1 3 0 0 12 0 3 0 0 0 0 0 0 0 0 
2 4 1 0 23 4 3 0 0 0 0 0 0 0 0 
2 1 1 0 3 1 0 0 0 0 0 0 0 0 0 
1 1 0 0 10 0 0 0 0 0 0 0 0 0 0 
1 18 0 0 163 0 142 0 0 0 0 11 0 0 0 
10 55 45 0 479 479 275 120 8 0 0 17 0 0 0 
1 4 0 0 4 0 6 0 0 0 0 0 0 0 0 
5 4 10 0 11 16 1 10 0 0 0 0 0 0 0 
5 50 8 2 442 146 340 4 2 44 6 22 0 3 0 
1 4 0 0 50 0 4 0 0 0 0 2 0 0 0 
10 76 33 12 456 369 385 57 29 201 32 34 29 28 2 
4 13 6 0 136 39 15 4 0 0 0 2 0 0 0 
1 1 0 0 14 0 0 0 0 0 0 0 0 0 0 
2 14 1 0 103 14 83 0 0 0 0 8 0 0 0 
3 10 3 0 102 20 33 1 0 0 0 3 0 0 0 
2 2 1 0 9 2 1 0 0 0 0 0 0 0 0 
3 62 3 0 405 124 994 1 0 0 0 62 0 0 0 
1 1 0 0 5 0 0 0 0 0 0 0 0 0 0 
4 42 6 0 367 122 272 4 2 0 0 14 0 0 0 
3 65 2 1 572 68 982 0 3 44 1 66 0 6 0 
2 39 1 0 218 39 363 0 0 0 0 40 0 0 0 
7 40 21 0 396 238 178 35 1 0 0 21 0 0 0 
5 25 9 1 227 95 142 7 0 5 3 17 0 0 0 
2 5 1 0 24 5 5 0 0 0 0 1 0 0 0 
6 29 14 1 151 122 110 16 1 17 4 3 0 2 0 
4 32 6 0 186 94 196 4 1 0 0 13 0 0 0 
2 12 1 0 63 12 46 0 0 0 0 0 0 0 0 
7 47 21 0 272 280 185 35 1 0 0 7 0 0 0 
5 34 9 1 314 114 182 7 1 16 3 15 0 2 0 
4 28 3 3 193 24 129 1 0 56 0 10 3 2 0 
3 45 1 2 217 17 328 0 2 55 0 48 1 7 0 
1 10 0 0 123 0 40 0 0 0 0 5 0 0 0 
10 43 42 3 316 335 118 99 2 48 18 5 3 0 0 
1 3 0 0 24 0 3 0 0 0 0 0 0 0 0 
11 68 51 4 387 607 403 131 1 67 33 19 0 2 1 
3 15 3 0 212 30 52 1 0 0 0 6 0 0 0 
2 11 1 0 31 11 36 0 0 0 0 1 0 0 0 
4 5 6 0 19 15 2 4 0 0 0 0 0 0 0 
3 10 3 0 13 16 12 1 2 0 0 0 0 0 0 
3 2 3 0 51 4 1 1 0 0 0 0 0 0 0 
3 53 3 0 367 104 948 1 1 0 0 58 0 0 0 
1 10 0 0 68 0 41 0 0 0 0 4 0 0 0 
1 2 0 0 2 0 1 0 0 0 0 0 0 0 0 
3 15 3 0 36 28 50 1 1 0 0 1 0 0 0 
2 5 1 0 6 5 5 0 0 0 0 1 0 0 0 
9 35 32 4 172 224 118 58 1 54 24 4 2 0 0 
2 9 1 0 45 9 25 0 0 0 0 3 0 0 0 
9 42 33 3 414 272 197 65 5 42 17 19 2 6 0 
5 64 10 0 282 228 451 10 14 0 0 45 0 0 0 
1 5 0 0 43 0 10 0 0 0 0 0 0 0 0 
4 8 6 0 30 18 7 4 3 0 0 0 0 0 0 
3 18 3 0 170 36 51 1 0 0 0 3 0 0 0 
1 4 0 0 70 0 5 0 0 0 0 1 0 0 0 
2 15 0 1 107 0 45 0 0 11 0 4 0 2 0 
4 36 2 4 195 16 247 0 0 90 1 6 2 1 1 
1 8 0 0 46 0 25 0 0 0 0 3 0 0 0 
2 12 1 0 110 12 36 0 0 0 0 3 0 0 0 
6 82 14 1 590 347 1081 16 1 53 4 80 0 4 0 
4 48 5 1 345 98 467 2 1 42 2 22 0 1 0 
3 38 2 1 182 49 315 0 1 21 1 17 0 2 0 
5 22 10 0 131 88 67 10 0 0 0 5 0 0 0 
7 73 21 0 584 422 547 35 8 0 0 61 0 0 0 
5 10 10 0 41 34 8 10 3 0 0 0 0 0 0 
1 3 0 0 23 0 3 0 0 0 0 0 0 0 0 
4 23 6 0 215 69 170 4 0 0 0 7 0 0 0 
4 51 6 0 347 149 784 4 2 0 0 57 0 0 0 
1 3 0 0 51 0 3 0 0 0 0 0 0 0 0 
1 5 0 0 29 0 9 0 0 0 0 1 0 0 0 
7 103 18 3 668 428 1622 22 9 142 12 80 0 15 1 
4 21 6 0 106 63 71 4 0 0 0 6 0 0 0 
1 4 0 0 32 0 6 0 0 0 0 0 0 0 0 
1 14 0 0 83 0 85 0 0 0 0 6 0 0 0 
1 10 0 0 75 0 43 0 0 0 0 2 0 0 0 
3 3 3 0 8 6 1 1 0 0 0 0 0 0 0 
2 9 1 0 76 9 22 0 0 0 0 0 0 0 0 
1 11 0 0 53 0 51 0 0 0 0 4 0 0 0 
4 26 6 0 257 78 134 4 0 0 0 18 0 0 0 
1 1 0 0 15 0 0 0 0 0 0 0 0 0 0 
2 15 1 0 110 15 105 0 0 0 0 0 0 0 0 
8 75 28 0 568 515 1127 56 5 0 0 72 0 0 0 
3 16 3 0 57 32 55 1 0 0 0 2 0 0 0 
6 80 14 1 620 370 888 16 5 20 4 80 0 0 0 
2 7 1 0 77 5 6 0 1 0 0 5 0 0 0 
4 10 5 1 66 28 12 2 0 2 2 0 0 0 0 
3 3 2 1 12 3 1 0 0 3 1 0 0 0 0 
1 4 0 0 15 0 6 0 0 0 0 0 0 0 0 
2 10 1 0 48 10 20 0 0 0 0 0 0 0 0 
2 20 1 0 155 20 157 0 0 0 0 14 0 0 0 
2 15 1 0 72 15 68 0 0 0 0 1 0 0 0 
4 24 5 1 85 55 64 2 1 15 2 3 0 0 0 
2 21 1 0 139 21 109 0 0 0 0 3 0 0 0 
1 4 0 0 18 0 6 0 0 0 0 0 0 0 0 
2 4 1 0 16 4 3 0 0 0 0 0 0 0 0 
1 1 0 0 5 0 0 0 0 0 0 0 0 0 0 
2 5 1 0 32 5 10 0 0 0 0 0 0 0 0 
2 1 1 0 4 1 0 0 0 0 0 0 0 0 0 
1 1 0 0 1 0 0 0 0 0 0 0 0 0 0 
13 166 68 10 1073 1464 1843 196 31 400 74 77 12 33 4 
1 16 0 0 118 0 103 0 0 0 0 17 0 0 0 
1 8 0 0 19 0 28 0 0 0 0 0 0 0 0 
2 12 1 0 67 12 30 0 0 0 0 4 0 0 0 
1 4 0 0 7 0 5 0 0 0 0 1 0 0 0 
1 10 0 0 71 0 41 0 0 0 0 4 0 0 0 
2 53 1 0 434 41 823 0 6 0 0 63 0 0 0 
1 3 0 0 23 0 3 0 0 0 0 0 0 0 0 
2 33 0 1 156 0 293 0 0 21 0 35 0 6 0 
1 3 0 0 4 0 3 0 0 0 0 0 0 0 0 
2 7 1 0 23 5 7 0 1 0 0 2 0 0 0 
9 52 36 0 353 408 238 84 4 0 0 6 0 0 0 
1 2 0 0 12 0 1 0 0 0 0 0 0 0 0 
5 49 10 0 430 194 464 10 1 0 0 25 0 0 0 
4 24 5 1 146 51 88 2 1 17 2 5 0 1 0 
9 33 36 0 237 260 79 84 2 0 0 3 0 0 0 
4 20 5 1 134 54 46 2 0 6 2 2 0 0 0 
1 8 0 0 102 0 23 0 0 0 0 5 0 0 0 
1 4 0 0 26 0 6 0 0 0 0 0 0 0 0 
3 5 3 0 19 10 3 1 0 0 0 0 0 0 0 
2 10 1 0 36 10 29 0 0 0 0 0 0 0 0 
3 9 3 0 54 16 20 1 1 0 0 2 0 0 0 
3 45 1 2 343 25 298 0 1 57 0 24 1 3 0 
4 17 5 1 151 40 30 2 1 9 2 1 0 0 0 
5 36 9 1 237 136 165 7 0 8 3 9 0 0 0 
6 83 13 2 767 297 698 13 13 72 6 64 1 10 0 
4 10 5 1 63 25 7 2 0 3 2 1 0 1 0 
4 11 4 2 67 22 11 1 0 9 2 2 1 1 0 
3 9 3 0 40 18 21 1 0 0 0 0 0 0 0 
2 4 1 0 22 4 2 0 0 0 0 0 0 0 0 
1 3 0 0 35 0 3 0 0 0 0 0 0 0 0 
1 1 0 0 18 0 0 0 0 0 0 0 0 0 0 
2 18 1 0 120 18 143 0 0 0 0 10 0 0 0 
8 82 22 6 639 413 556 28 6 141 21 30 6 4 1 
7 50 21 0 207 300 345 35 0 0 0 11 0 0 0 
1 10 0 0 71 0 41 0 0 0 0 4 0 0 0 
3 29 3 0 160 54 128 1 2 0 0 4 0 0 0 
1 5 0 0 29 0 9 0 0 0 0 1 0 0 0 
3 41 2 1 236 50 316 0 1 26 1 13 0 2 0 
4 21 6 0 130 61 144 4 1 0 0 10 0 0 0 
8 49 26 2 407 303 179 44 7 20 12 9 0 3 0 
2 24 0 1 156 0 148 0 0 20 0 9 0 2 0 
1 13 0 0 64 0 72 0 0 0 0 6 0 0 0 
1 7 0 0 40 0 21 0 0 0 0 0 0 0 0 
8 40 28 0 280 280 152 56 0 0 0 4 0 0 0 
11 69 53 2 658 619 529 148 5 55 16 34 1 3 0 
2 1 1 0 10 1 0 0 0 0 0 0 0 0 0 
1 2 0 0 8 0 1 0 0 0 0 0 0 0 0 
2 22 1 0 230 22 115 0 0 0 0 11 0 0 0 
6 55 15 0 440 273 434 20 1 0 0 22 0 0 0 
2 3 1 0 20 3 1 0 0 0 0 0 0 0 0 
3 19 3 0 118 38 107 1 0 0 0 1 0 0 0 
4 12 6 0 77 34 17 4 1 0 0 0 0 0 0 
6 31 15 0 101 153 110 20 1 0 0 6 0 0 0 
1 12 0 0 71 0 64 0 0 0 0 2 0 0 0 
3 9 3 0 67 18 16 1 0 0 0 0 0 0 0 
1 2 0 0 9 0 1 0 0 0 0 0 0 0 0 
3 15 3 0 87 30 45 1 0 0 0 6 0 0 0 
2 6 1 0 28 6 7 0 0 0 0 0 0 0 0 
2 6 1 0 17 6 9 0 0 0 0 1 0 0 0 
2 11 1 0 79 11 24 0 0 0 0 1 0 0 0 
1 1 0 0 32 0 0 0 0 0 0 0 0 0 0 
1 4 0 0 49 0 6 0 0 0 0 0 0 0 0 
1 3 0 0 28 0 3 0 0 0 0 0 0 0 0 
4 28 6 0 122 84 272 4 0 0 0 7 0 0 0 
3 36 3 0 331 68 216 1 2 0 0 21 0 0 0 
1 6 0 0 23 0 15 0 0 0 0 0 0 0 0 
7 23 21 0 200 136 51 35 1 0 0 3 0 0 0 
1 5 0 0 19 0 10 0 0 0 0 0 0 0 0 
6 72 14 1 704 323 638 16 12 13 4 23 0 0 0 
1 10 0 0 68 0 41 0 0 0 0 4 0 0 0 
4 16 5 1 141 47 79 2 0 1 2 12 0 0 0 
3 24 3 0 140 44 99 1 2 0 0 1 0 0 0 
5 44 10 0 197 170 254 10 3 0 0 9 0 0 0 
5 47 9 1 344 163 280 7 6 13 3 21 0 0 0 
5 14 10 0 75 56 34 10 0 0 0 0 0 0 0 
3 13 3 0 75 26 42 1 0 0 0 6 0 0 0 
2 12 1 0 77 12 28 0 0 0 0 6 0 0 0 
3 23 3 0 170 40 75 1 3 0 0 11 0 0 0 
1 7 0 0 60 0 19 0 0 0 0 2 0 0 0 
2 6 1 0 12 6 6 0 0 0 0 0 0 0 0 
4 71 5 1 528 153 875 2 6 46 2 60 0 1 0 
6 60 15 0 448 292 810 20 4 0 0 60 0 0 0 
1 1 0 0 4 0 0 0 0 0 0 0 0 0 0 
2 4 1 0 12 4 6 0 0 0 0 0 0 0 0 
1 14 0 0 129 0 79 0 0 0 0 12 0 0 0 
1 5 0 0 60 0 10 0 0 0 0 0 0 0 0 
2 10 1 0 77 10 24 0 0 0 0 0 0 0 0 
2 20 1 0 87 18 94 0 1 0 0 0 0 0 0 
3 13 3 0 80 26 20 1 0 0 0 2 0 0 0 
1 2 0 0 7 0 1 0 0 0 0 0 0 0 0 
3 7 3 0 41 14 15 1 0 0 0 0 0 0 0 
4 43 6 0 358 129 496 4 0 0 0 17 0 0 0 
4 27 6 0 134 75 99 4 3 0 0 7 0 0 0 
2 4 1 0 13 4 6 0 0 0 0 0 0 0 0 
3 12 3 0 73 24 24 1 0 0 0 1 0 0 0 
4 30 5 1 196 73 122 2 0 15 2 10 0 1 0 
2 10 1 0 100 10 22 0 0 0 0 2 0 0 0 
2 1 1 0 19 1 0 0 0 0 0 0 0 0 0 
1 1 0 0 1 0 0 0 0 0 0 0 0 0 0 
1 4 0 0 7 0 5 0 0 0 0 1 0 0 0 
2 7 1 0 12 3 9 0 2 0 0 0 0 0 0 
5 19 10 0 261 74 44 10 1 0 0 8 0 0 0 
2 11 1 0 53 11 24 0 0 0 0 1 0 0 0 
4 27 5 1 253 67 89 2 0 14 2 7 0 0 0 
2 20 1 0 221 20 137 0 0 0 0 17 0 0 0 
2 2 1 0 8 2 1 0 0 0 0 0 0 0 0 
2 3 1 0 4 3 3 0 0 0 0 0 0 0 0 
1 2 0 0 3 0 1 0 0 0 0 0 0 0 0 
2 19 1 0 276 15 73 0 2 0 0 20 0 0 0 
3 17 3 0 203 34 65 1 0 0 0 11 0 0 0 
3 6 3 0 59 12 4 1 0 0 0 0 0 0 0 
3 5 3 0 41 10 10 1 0 0 0 0 0 0 0 
2 9 1 0 54 9 16 0 0 0 0 2 0 0 0 
1 3 0 0 7 0 3 0 0 0 0 0 0 0 0 
2 3 1 0 25 3 1 0 0 0 0 0 0 0 0 
1 5 0 0 45 0 10 0 0 0 0 0 0 0 0 
4 35 6 0 252 105 162 4 0 0 0 6 0 0 0 
2 17 1 0 105 17 73 0 0 0 0 11 0 0 0 
1 2 0 0 2 0 1 0 0 0 0 0 0 0 0 
1 2 0 0 6 0 1 0 0 0 0 0 0 0 0 
3 6 3 0 51 12 6 1 0 0 0 0 0 0 0 
2 39 1 0 166 25 360 0 7 0 0 43 0 0 0 
2 13 1 0 41 13 40 0 0 0 0 2 0 0 0 
1 5 0 0 12 0 8 0 0 0 0 2 0 0 0 
4 37 5 1 464 92 252 2 2 15 2 19 0 0 0 
1 2 0 0 3 0 1 0 0 0 0 0 0 0 0 
2 10 1 0 45 10 33 0 0 0 0 3 0 0 0 
2 9 1 0 44 7 17 0 1 0 0 1 0 0 0 
1 3 0 0 14 0 3 0 0 0 0 0 0 0 0 
1 10 0 0 69 0 43 0 0 0 0 2 0 0 0 
1 2 0 0 4 0 1 0 0 0 0 0 0 0 0 
2 19 1 0 136 17 87 0 1 0 0 0 0 0 0 
1 13 0 0 60 0 66 0 0 0 0 12 0 0 0 
1 2 0 0 12 0 1 0 0 0 0 0 0 0 0 
1 6 0 0 43 0 15 0 0 0 0 0 0 0 0 
1 6 0 0 40 0 15 0 0 0 0 0 0 0 0 
2 2 1 0 26 2 1 0 0 0 0 0 0 0 0 
1 1 0 0 2 0 0 0 0 0 0 0 0 0 0 
1 3 0 0 8 0 3 0 0 0 0 0 0 0 0 
4 8 6 0 31 24 7 4 0 0 0 0 0 0 0 
1 1 0 0 4 0 0 0 0 0 0 0 0 0 0 
2 4 1 0 18 4 5 0 0 0 0 1 0 0 0 
2 2 1 0 7 2 0 0 0 0 0 0 0 0 0 
1 13 0 0 81 0 72 0 0 0 0 6 0 0 0 
1 6 0 0 50 0 15 0 0 0 0 0 0 0 0 
1 8 0 0 35 0 24 0 0 0 0 4 0 0 0 
2 18 1 0 138 18 78 0 0 0 0 3 0 0 0 
2 9 1 0 94 9 25 0 0 0 0 3 0 0 0 
1 4 0 0 19 0 6 0 0 0 0 0 0 0 0 
5 19 10 0 101 76 45 10 0 0 0 4 0 0 0 
2 16 1 0 79 16 53 0 0 0 0 7 0 0 0 
1 10 0 0 40 0 44 0 0 0 0 1 0 0 0 
6 40 14 1 324 180 145 16 1 18 4 18 0 0 0 
3 19 3 0 122 32 64 1 3 0 0 1 0 0 0 
2 14 1 0 115 14 38 0 0 0 0 5 0 0 0 
2 22 1 0 121 20 113 0 1 0 0 6 0 0 0 
2 16 1 0 93 16 57 0 0 0 0 0 0 0 0 
1 4 0 0 34 0 5 0 0 0 0 1 0 0 0 
1 6 0 0 93 0 12 0 0 0 0 3 0 0 0 
1 15 0 0 152 0 97 0 0 0 0 8 0 0 0 
1 4 0 0 33 0 5 0 0 0 0 1 0 0 0 
4 24 6 0 161 72 100 4 0 0 0 7 0 0 0 
1 1 0 0 2 0 0 0 0 0 0 0 0 0 0 
2 45 0 1 460 0 474 0 0 33 0 52 0 6 0 
1 8 0 0 104 0 26 0 0 0 0 2 0 0 0 
2 4 1 0 26 4 3 0 0 0 0 0 0 0 0 
1 20 0 0 219 0 168 0 0 0 0 22 0 0 0 
2 11 1 0 99 11 27 0 0 0 0 0 0 0 0 
4 27 6 0 268 81 85 4 0 0 0 14 0 0 0 
1 1 0 0 4 0 0 0 0 0 0 0 0 0 0 
2 4 1 0 13 4 6 0 0 0 0 0 0 0 0 
2 22 0 1 104 0 113 0 0 22 0 1 0 0 0 
1 8 0 0 35 0 24 0 0 0 0 4 0 0 0 
2 15 1 0 114 13 67 0 1 0 0 12 0 0 0 
1 6 0 0 36 0 14 0 0 0 0 1 0 0 0 
1 4 0 0 4 0 6 0 0 0 0 0 0 0 0 
4 75 3 3 669 105 766 0 3 108 2 64 2 3 0 
1 5 0 0 59 0 7 0 0 0 0 3 0 0 0 
4 26 6 0 212 74 106 4 2 0 0 4 0 0 0 
5 49 9 1 417 155 438 7 0 39 3 50 0 1 0 
1 13 0 0 116 0 73 0 0 0 0 5 0 0 0 
1 1 0 0 3 0 0 0 0 0 0 0 0 0 0 
3 12 3 0 159 24 50 1 0 0 0 5 0 0 0 
1 2 0 0 12 0 1 0 0 0 0 0 0 0 0 
1 8 0 0 20 0 28 0 0 0 0 0 0 0 0 
2 11 1 0 90 11 25 0 0 0 0 6 0 0 0 
1 8 0 0 33 0 28 0 0 0 0 0 0 0 0 
1 8 0 0 19 0 28 0 0 0 0 0 0 0 0 
1 12 0 0 166 0 56 0 0 0 0 10 0 0 0 
1 9 0 0 18 0 35 0 0 0 0 1 0 0 0 
1 2 0 0 13 0 1 0 0 0 0 0 0 0 0 
2 12 1 0 73 12 44 0 0 0 0 2 0 0 0 
3 8 3 0 73 16 21 1 0 0 0 0 0 0 0 
2 7 1 0 24 7 9 0 0 0 0 0 0 0 0 
4 6 6 0 31 16 4 4 1 0 0 2 0 0 0 
3 34 2 1 331 41 189 0 0 25 1 13 0 1 0 
2 5 1 0 33 5 4 0 0 0 0 0 0 0 0 
1 12 0 0 131 0 59 0 0 0 0 7 0 0 0 
4 37 6 0 395 103 227 4 4 0 0 20 0 0 0 
1 9 0 0 43 0 33 0 0 0 0 3 0 0 0 
1 1 0 0 1 0 0 0 0 0 0 0 0 0 0 
2 1 1 0 6 1 0 0 0 0 0 0 0 0 0 
1 4 0 0 28 0 4 0 0 0 0 2 0 0 0 
2 48 1 0 319 48 935 0 0 0 0 58 0 0 0 
1 3 0 0 21 0 2 0 0 0 0 1 0 0 0 
2 9 1 0 80 9 14 0 0 0 0 8 0 0 0 
3 13 3 0 61 26 23 1 0 0 0 1 0 0 0 
3 24 3 0 229 48 170 1 0 0 0 7 0 0 0 
1 2 0 0 7 0 0 0 0 0 0 1 0 0 0 
1 9 0 0 55 0 36 0 0 0 0 0 0 0 0 
1 10 0 0 40 0 44 0 0 0 0 1 0 0 0 
1 8 0 0 69 0 23 0 0 0 0 5 0 0 0 
1 15 0 0 111 0 105 0 0 0 0 0 0 0 0 
1 2 0 0 8 0 1 0 0 0 0 0 0 0 0 
1 1 0 0 4 0 0 0 0 0 0 0 0 0 0 
2 2 1 0 5 2 1 0 0 0 0 0 0 0 0 
2 4 1 0 31 4 3 0 0 0 0 0 0 0 0 
1 11 0 0 53 0 51 0 0 0 0 4 0 0 0 
1 2 0 0 3 0 1 0 0 0 0 0 0 0 0 
1 7 0 0 49 0 20 0 0 0 0 1 0 0 0 
2 17 1 0 69 17 110 0 0 0 0 10 0 0 0 
2 19 1 0 77 15 112 0 2 0 0 11 0 0 0 
1 3 0 0 5 0 3 0 0 0 0 0 0 0 0 
1 7 0 0 49 0 20 0 0 0 0 1 0 0 0 
1 14 0 0 83 0 85 0 0 0 0 6 0 0 0 
1 5 0 0 12 0 9 0 0 0 0 1 0 0 0 
2 6 1 0 89 6 9 0 0 0 0 1 0 0 0 
1 5 0 0 34 0 8 0 0 0 0 2 0 0 0 
2 7 1 0 33 7 13 0 0 0 0 2 0 0 0 
3 46 3 0 419 86 302 1 3 0 0 33 0 0 0 
1 4 0 0 15 0 6 0 0 0 0 0 0 0 0 
2 6 1 0 103 6 7 0 0 0 0 0 0 0 0 
3 60 3 0 476 116 906 1 2 0 0 67 0 0 0 
1 13 0 0 189 0 61 0 0 0 0 17 0 0 0 
1 2 0 0 8 0 1 0 0 0 0 0 0 0 0 
3 8 3 0 33 16 12 1 0 0 0 1 0 0 0 
4 17 6 0 187 51 37 4 0 0 0 4 0 0 0 
1 6 0 0 25 0 15 0 0 0 0 0 0 0 0 
4 35 6 0 154 93 153 4 6 0 0 9 0 0 0 
1 1 0 0 2 0 0 0 0 0 0 0 0 0 0 
2 32 1 0 342 26 227 0 3 0 0 29 0 0 0 
2 14 1 0 125 14 41 0 0 0 0 2 0 0 0 
1 7 0 0 51 0 20 0 0 0 0 1 0 0 0 
1 13 0 0 90 0 67 0 0 0 0 11 0 0 0 
1 32 0 0 265 0 482 0 0 0 0 14 0 0 0 
1 28 0 0 262 0 362 0 0 0 0 16 0 0 0 
2 11 1 0 61 11 28 0 0 0 0 3 0 0 0 
4 12 6 0 84 30 11 4 3 0 0 1 0 0 0 
1 14 0 0 53 0 90 0 0 0 0 1 0 0 0 
1 10 0 0 57 0 45 0 0 0 0 0 0 0 0 
3 28 3 0 298 52 140 1 2 0 0 21 0 0 0 
1 2 0 0 4 0 1 0 0 0 0 0 0 0 0 
1 9 0 0 76 0 33 0 0 0 0 3 0 0 0 
2 13 1 0 70 13 34 0 0 0 0 2 0 0 0 
2 22 1 0 68 20 118 0 1 0 0 1 0 0 0 
1 4 0 0 15 0 6 0 0 0 0 0 0 0 0 
1 20 0 0 110 0 179 0 0 0 0 11 0 0 0 
1 1 0 0 2 0 0 0 0 0 0 0 0 0 0 
1 1 0 0 1 0 0 0 0 0 0 0 0 0 0 
3 15 3 0 147 30 47 1 0 0 0 4 0 0 0 
1 2 0 0 9 0 1 0 0 0 0 0 0 0 0 
1 2 0 0 16 0 1 0 0 0 0 0 0 0 0 
3 6 3 0 64 12 6 1 0 0 0 1 0 0 0 
1 2 0 0 6 0 1 0 0 0 0 0 0 0 0 
1 4 0 0 42 0 4 0 0 0 0 2 0 0 0 
1 3 0 0 6 0 3 0 0 0 0 0 0 0 0 
2 17 1 0 120 11 63 0 3 0 0 1 0 0 0 
2 18 1 0 70 18 96 0 0 0 0 1 0 0 0 
1 5 0 0 45 0 10 0 0 0 0 0 0 0 0 
1 4 0 0 22 0 6 0 0 0 0 0 0 0 0 
1 5 0 0 34 0 8 0 0 0 0 2 0 0 0 
1 1 0 0 1 0 0 0 0 0 0 0 0 0 0 
2 1 1 0 8 1 0 0 0 0 0 0 0 0 0 
1 4 0 0 20 0 4 0 0 0 0 2 0 0 0 
1 19 0 0 156 0 157 0 0 0 0 14 0 0 0 
2 9 1 0 24 9 28 0 0 0 0 0 0 0 0 
1 2 0 0 27 0 0 0 0 0 0 1 0 0 0 
2 17 1 0 120 11 63 0 3 0 0 1 0 0 0 
1 2 0 0 15 0 1 0 0 0 0 0 0 0 0 
1 10 0 0 73 0 43 0 0 0 0 2 0 0 0 
1 6 0 0 103 0 12 0 0 0 0 3 0 0 0 
3 24 3 0 235 48 171 1 0 0 0 22 0 0 0 
1 8 0 0 19 0 28 0 0 0 0 0 0 0 0 
2 14 1 0 144 14 60 0 0 0 0 7 0 0 0 
1 1 0 0 3 0 0 0 0 0 0 0 0 0 0 
1 5 0 0 41 0 9 0 0 0 0 1 0 0 0 
1 1 0 0 4 0 0 0 0 0 0 0 0 0 0 
1 1 0 0 15 0 0 0 0 0 0 0 0 0 0 
2 19 1 0 205 19 164 0 0 0 0 7 0 0 0 
1 4 0 0 30 0 5 0 0 0 0 1 0 0 0 
1 16 0 0 70 0 110 0 0 0 0 10 0 0 0 
1 14 0 0 53 0 90 0 0 0 0 1 0 0 0 
1 2 0 0 15 0 1 0 0 0 0 0 0 0 0 
1 10 0 0 40 0 44 0 0 0 0 1 0 0 0 
3 7 2 1 26 11 6 0 0 3 1 1 0 0 0 
2 1 1 0 16 1 0 0 0 0 0 0 0 0 0 
1 1 0 0 1 0 0 0 0 0 0 0 0 0 0 
1 1 0 0 1 0 0 0 0 0 0 0 0 0 0 
2 1 1 0 4 1 0 0 0 0 0 0 0 0 0 
1 6 0 0 22 0 15 0 0 0 0 0 0 0 0 
1 12 0 0 78 0 52 0 0 0 0 14 0 0 0 
1 2 0 0 5 0 1 0 0 0 0 0 0 0 0 
1 2 0 0 12 0 1 0 0 0 0 0 0 0 0 
1 1 0 0 8 0 0 0 0 0 0 0 0 0 0 
1 1 0 0 2 0 0 0 0 0 0 0 0 0 0 
2 2 1 0 23 2 1 0 0 0 0 0 0 0 0 
2 9 1 0 108 9 18 0 0 0 0 0 0 0 0 
1 4 0 0 14 0 6 0 0 0 0 0 0 0 0 
1 4 0 0 15 0 6 0 0 0 0 0 0 0 0 
1 14 0 0 53 0 90 0 0 0 0 1 0 0 0 
1 2 0 0 5 0 1 0 0 0 0 0 0 0 0 
2 5 1 0 4 5 6 0 0 0 0 0 0 0 0 
2 11 1 0 25 11 36 0 0 0 0 1 0 0 0 
2 11 1 0 70 11 43 0 0 0 0 2 0 0 0 
1 12 0 0 71 0 64 0 0 0 0 2 0 0 0 
1 6 0 0 64 0 15 0 0 0 0 0 0 0 0 
1 4 0 0 28 0 5 0 0 0 0 1 0 0 0 
1 6 0 0 52 0 14 0 0 0 0 1 0 0 0 
1 3 0 0 21 0 2 0 0 0 0 1 0 0 0 
1 4 0 0 57 0 6 0 0 0 0 0 0 0 0 
1 1 0 0 26 0 0 0 0 0 0 0 0 0 0 
2 12 1 0 59 12 30 0 0 0 0 1 0 0 0 
1 32 0 0 265 0 482 0 0 0 0 14 0 0 0 
2 19 1 0 184 19 100 0 0 0 0 11 0 0 0 
1 4 0 0 19 0 6 0 0 0 0 0 0 0 0 
1 9 0 0 44 0 33 0 0 0 0 3 0 0 0 
1 1 0 0 19 0 0 0 0 0 0 0 0 0 0 
1 1 0 0 1 0 0 0 0 0 0 0 0 0 0 
1 16 0 0 95 0 100 0 0 0 0 20 0 0 0 
1 1 0 0 4 0 0 0 0 0 0 0 0 0 0 
2 4 1 0 56 4 6 0 0 0 0 0 0 0 0 
1 16 0 0 70 0 110 0 0 0 0 10 0 0 0 
1 11 0 0 53 0 51 0 0 0 0 4 0 0 0 
1 2 0 0 3 0 0 0 0 0 0 1 0 0 0 
1 5 0 0 33 0 10 0 0 0 0 0 0 0 0 
1 4 0 0 44 0 6 0 0 0 0 0 0 0 0 
1 2 0 0 10 0 1 0 0 0 0 0 0 0 0 
1 10 0 0 69 0 43 0 0 0 0 2 0 0 0 
1 4 0 0 25 0 6 0 0 0 0 0 0 0 0 
1 8 0 0 52 0 28 0 0 0 0 0 0 0 0 
2 5 1 0 38 5 5 0 0 0 0 1 0 0 0 
2 1 1 0 1 1 0 0 0 0 0 0 0 0 0 
2 18 1 0 69 16 72 0 1 0 0 1 0 0 0 
1 10 0 0 80 0 40 0 0 0 0 5 0 0 0 
1 8 0 0 56 0 27 0 0 0 0 1 0 0 0 
1 6 0 0 52 0 14 0 0 0 0 1 0 0 0 
1 14 0 0 181 0 80 0 0 0 0 11 0 0 0 
1 10 0 0 61 0 39 0 0 0 0 6 0 0 0 
1 1 0 0 1 0 0 0 0 0 0 0 0 0 0 
2 10 1 0 70 10 23 0 0 0 0 1 0 0 0 
1 3 0 0 21 0 3 0 0 0 0 0 0 0 0 
1 2 0 0 17 0 1 0 0 0 0 0 0 0 0 
1 7 0 0 43 0 20 0 0 0 0 1 0 0 0 
1 2 0 0 15 0 1 0 0 0 0 0 0 0 0 
1 7 0 0 75 0 21 0 0 0 0 0 0 0 0 
1 9 0 0 18 0 35 0 0 0 0 1 0 0 0 
1 17 0 0 116 0 111 0 0 0 0 25 0 0 0 
1 1 0 0 8 0 0 0 0 0 0 0 0 0 0 
1 8 0 0 42 0 25 0 0 0 0 3 0 0 0 
2 29 0 1 168 0 208 0 0 23 0 8 0 3 0 
1 4 0 0 81 0 6 0 0 0 0 0 0 0 0 
1 2 0 0 16 0 1 0 0 0 0 0 0 0 0 
1 3 0 0 16 0 3 0 0 0 0 0 0 0 0 
1 2 0 0 22 0 1 0 0 0 0 0 0 0 0 
1 7 0 0 30 0 21 0 0 0 0 0 0 0 0 
1 4 0 0 13 0 6 0 0 0 0 0 0 0 0 
1 4 0 0 47 0 5 0 0 0 0 1 0 0 0 
1 6 0 0 36 0 14 0 0 0 0 1 0 0 0 
1 8 0 0 130 0 25 0 0 0 0 3 0 0 0 
1 7 0 0 85 0 18 0 0 0 0 3 0 0 0 
1 9 0 0 91 0 31 0 0 0 0 5 0 0 0 
1 6 0 0 23 0 15 0 0 0 0 0 0 0 0 
1 15 0 0 167 0 94 0 0 0 0 11 0 0 0 
1 4 0 0 34 0 6 0 0 0 0 0 0 0 0 
1 3 0 0 6 0 3 0 0 0 0 0 0 0 0 
1 3 0 0 37 0 3 0 0 0 0 0 0 0 0 
1 45 0 0 309 0 932 0 0 0 0 58 0 0 0 
1 15 0 0 111 0 105 0 0 0 0 0 0 0 0 
1 13 0 0 90 0 67 0 0 0 0 11 0 0 0 
1 8 0 0 19 0 28 0 0 0 0 0 0 0 0 
1 4 0 0 49 0 5 0 0 0 0 1 0 0 0 
