387 0 0.136741101984327
388 1 0.281003058566764
2 3 0.103087193746057
2 0 0.138261790190154
2 4 0.124600197866946
387 5 0.149719941146973
0 6 0.100267454866567
2 389 0.127124105586461
2 7 0.117649550428589
8 4 0.105577725672621
390 7 0.115236835098828
387 8 0.132048121566657
2 5 0.175436597434024
391 1 0.207142879273008
9 10 0.119072337879754
387 11 0.112015760821616
2 8 0.124435177525508
12 4 0.101479470914686
13 392 0.165017189764024
387 389 0.113977407597235
8 11 0.142950162574748
390 11 0.101233872979387
14 15 0.111859496237028
16 393 0.122231571626763
17 18 0.102803935689284
394 395 0.174758809092508
0 389 0.147997780735798
396 19 0.11506962656741
397 20 0.145553744252438
21 22 0.148257640654921
23 1 0.257717668093673
24 18 0.192468404683483
25 26 0.136357072957419
2 11 0.131285621657589
27 28 0.12664262408343
398 1 0.202483335381124
29 399 0.127940140031614
30 31 0.100771352703483
400 32 0.160350349418259
388 401 0.123485557713084
33 34 0.174929368975761
16 391 0.121431814581108
12 11 0.108394403358272
8 389 0.152744207860429
402 35 0.108403673475295
397 403 0.177356061643409
404 31 0.147428603518574
36 397 0.122948273486719
405 406 0.161315549974883
37 31 0.157941227545125
16 38 0.100780174505287
39 407 0.113403516702644
408 20 0.105665609665117
409 35 0.116507621910314
40 41 0.142215976950256
42 31 0.117917566678551
38 1 0.177545118037098
410 392 0.183826504178625
43 34 0.117743642556399
411 44 0.13591001838166
45 4 0.108859288166399
412 413 0.128627145842522
46 47 0.117743212877324
0 20 0.10642842872234
48 21 0.121487884234084
45 5 0.136639062978041
414 31 0.18388047307395
49 50 0.185497485213508
415 416 0.112878610161927
0 403 0.137164410681145
400 417 0.100877307179654
32 418 0.125792382593831
419 420 0.133978957636967
421 422 0.131553677331573
423 51 0.257524799477468
424 425 0.102202727584757
426 52 0.120796627397391
427 53 0.102523904826402
54 55 0.114052128360966
56 57 0.112545342747108
48 418 0.145528191000975
428 58 0.10037728876083
59 60 0.112727521657251
61 404 0.18044523068875
62 63 0.109617003727259
64 429 0.11484920419758
46 65 0.101164766268786
45 7 0.105345473420594
408 397 0.137717972722263
40 66 0.118014061761262
430 51 0.130618062752068
67 389 0.10046645188944
431 68 0.139074133550152
40 69 0.110048407620286
70 1 0.209985043233219
48 71 0.120231209787121
432 433 0.10533105112398
72 65 0.120742515128519
27 46 0.114146752783583
32 21 0.116159593821487
434 397 0.119010011637644
435 436 0.100506135922321
73 31 0.235703161641772
33 11 0.144051959732332
23 437 0.117053007261555
408 403 0.116750307032851
27 47 0.144340437412806
438 63 0.116994886966106
439 74 0.157052194130156
397 75 0.106029831186332
440 441 0.227856526064947
76 77 0.10274615050647
442 31 0.142717543390242
78 66 0.175738267462888
19 443 0.183233584631451
79 31 0.160507667519107
64 31 0.344710944324823
80 81 0.107420331519016
82 429 0.105144301992058
83 84 0.117924480327137
387 85 0.161557656816505
27 444 0.166429255501912
445 38 0.174256118785091
446 447 0.182416580649766
439 448 0.111725486972823
86 85 0.107280250099666
27 449 0.104209013457159
87 450 0.111885522908981
65 429 0.108197660979676
451 76 0.106181582731468
54 417 0.115808341705729
431 88 0.228015661208352
89 90 0.103075622052374
91 452 0.104951546600582
453 60 0.108835644798333
454 92 0.110832436899031
8 85 0.206449323253334
93 455 0.118569658489687
37 28 0.117734272656721
456 457 0.145038197028176
94 87 0.121308921497869
458 459 0.12604856827896
460 19 0.170530271837352
95 85 0.122034167020486
96 97 0.112102633529761
98 99 0.107796989014075
100 461 0.107542845427056
54 99 0.143585715570349
101 66 0.166334663186311
76 102 0.18506050650453
103 88 0.109711170941997
27 462 0.101249780216877
87 463 0.185771928605342
32 71 0.139371385094682
2 397 0.159467163953975
2 85 0.157945086528476
464 104 0.101284924106428
439 105 0.117112168350056
32 457 0.154841189616904
56 106 0.114850685885072
61 107 0.18245031718602
465 466 0.142881458764648
108 461 0.138051212735964
81 447 0.195865337312558
64 109 0.101363506410075
110 467 0.11982406149063
9 37 0.126195981297525
27 35 0.107347160483168
111 459 0.106209952927748
112 468 0.146741190085136
409 425 0.100155386556647
113 469 0.134952331587546
114 37 0.102108488304459
470 60 0.115611148265707
115 58 0.100173454311439
116 471 0.130462898306007
472 473 0.111995316744207
33 117 0.116317389025672
118 35 0.100599036316849
474 475 0.203287253267625
476 8 0.147840883551037
424 477 0.146478480796501
37 10 0.119006318795284
48 447 0.20366773277363
36 85 0.135006478281224
27 119 0.114252144408278
120 18 0.138185719969305
81 478 0.144207445682896
117 457 0.177294281747739
35 479 0.10317181602453
480 422 0.153879436805763
121 122 0.138914313906236
413 123 0.109598112426524
0 85 0.199325788160648
124 47 0.193201601815135
481 482 0.15119200274689
483 484 0.196766839376366
81 485 0.114885080448069
411 125 0.14765480445283
440 126 0.1100552917658
127 128 0.118118632165938
486 487 0.148123263263807
108 488 0.119987956535376
129 130 0.101384340140547
397 6 0.143396333192837
489 490 0.119575472938565
108 73 0.12110169760615
400 131 0.10210972905526
61 132 0.138758597783894
133 134 0.122727708074645
411 491 0.104308406423323
27 135 0.126705656233973
457 472 0.104477926827507
492 457 0.180429734303966
400 436 0.185166237989441
66 132 0.10936163269094
27 128 0.166449185539892
493 80 0.139606339537386
136 475 0.105512161772848
102 129 0.128431678937219
72 137 0.128929967533918
126 123 0.105818411975035
494 487 0.142479120866398
138 495 0.104733986656151
79 457 0.168573069941324
139 41 0.106499160213011
496 140 0.134527586040509
426 10 0.153040743813897
497 498 0.176295321591931
27 141 0.115377763713441
499 500 0.12518515718745
501 447 0.166659437432653
502 447 0.141416047260563
394 503 0.203441440890621
476 504 0.20687200859723
12 85 0.103218204180768
493 478 0.169003435088524
483 105 0.12041317589615
434 142 0.107355641635457
49 88 0.126192096476778
9 31 0.253525172993677
387 143 0.137233058454599
505 397 0.141154411524256
144 65 0.12676896677504
452 21 0.100672001481023
145 463 0.119921140984279
146 108 0.152074350323475
65 131 0.127527752385002
147 506 0.117531372129454
27 148 0.141635508381374
387 397 0.146118608086077
507 71 0.141548356248084
96 128 0.231859110663243
508 149 0.10368158856947
509 150 0.113242265839913
27 510 0.106825035160383
91 151 0.118953285042239
511 44 0.123191696052328
9 488 0.129848618014803
12 397 0.100372862749571
131 31 0.148238141242768
100 488 0.109445995050553
46 31 0.143103281907075
56 467 0.109851163075179
152 65 0.108814238179018
460 117 0.172793484058479
491 416 0.155436756888408
153 485 0.102338297482104
154 31 0.116613222633892
99 512 0.154159973257959
508 155 0.139730469836467
513 76 0.198562092045462
19 514 0.105766586072699
491 66 0.124039608799195
27 65 0.114038487831258
451 88 0.119627205308301
515 516 0.190067654793722
118 103 0.12664075039598
44 125 0.114657721157949
517 518 0.126790004485078
19 518 0.124697005924462
519 19 0.230765724263386
116 520 0.112566534838537
27 15 0.130683252940055
521 522 0.113133576918481
523 27 0.140223994988487
141 28 0.14528338537479
127 31 0.205573872503845
156 524 0.116746993896617
486 494 0.131385013479765
491 69 0.100518281191562
126 441 0.282504341651592
525 526 0.127286513266101
157 49 0.102289801989033
30 158 0.107370313334408
33 60 0.16055655922306
527 159 0.101384209844033
118 425 0.134628216125474
528 127 0.105767203195434
395 503 0.102991017604094
529 484 0.118228885023048
530 77 0.168426376943887
531 425 0.101376178895814
532 416 0.127971601887674
491 500 0.121669049541514
61 533 0.128884406090641
78 69 0.124328870072468
492 443 0.105238777313385
513 530 0.109078026482633
409 485 0.115219420506559
409 463 0.110885270309362
46 15 0.105783094506253
160 534 0.110614124227644
499 416 0.106551642518174
161 31 0.272729723718349
79 71 0.102193194033594
535 150 0.11098448110479
162 47 0.185793821863944
82 536 0.125798068158136
489 485 0.10468124016907
424 467 0.166652529056121
66 107 0.105428337447247
43 441 0.206720509102743
537 534 0.101248263725138
538 104 0.119196566564011
163 500 0.129837651465402
127 10 0.182471659852413
539 447 0.157505497783758
540 541 0.104085320630776
87 479 0.206405215377851
105 448 0.116390067204892
21 164 0.120410740479673
8 403 0.103764564052473
434 165 0.149441227390905
166 31 0.145956102509189
167 542 0.109752746091752
168 461 0.114914102162898
169 447 0.18917433682031
491 499 0.179525048278303
118 72 0.209661877972552
543 88 0.112680953062175
492 117 0.162365910139736
144 170 0.100822801327164
152 27 0.112788464621479
171 544 0.104916964165966
172 173 0.104771560501311
483 69 0.152409834743397
494 159 0.121698157611827
457 71 0.179914555871808
545 58 0.10650894135898
174 69 0.117496973741391
2 143 0.194236182084889
519 131 0.143263053313448
400 175 0.104245557745444
511 125 0.125194076338286
517 19 0.235205416087232
76 116 0.112208119884503
176 542 0.131585919068752
61 31 0.59477673223704
17 147 0.110440895062171
96 177 0.10187457157374
101 50 0.143118032074697
118 527 0.102653119756175
476 119 0.141582311399115
76 546 0.111412496789879
547 548 0.1034982312674
2 178 0.100226645544748
483 21 0.103822488350093
179 127 0.109580303700203
497 180 0.117960595530183
103 409 0.118921013627296
549 125 0.13753939786158
513 77 0.142466693002805
519 65 0.142255832448081
550 477 0.13976803281208
17 19 0.125675675154808
76 88 0.148815500323079
181 127 0.100042502005003
182 183 0.191884914623711
497 551 0.103608981415651
49 552 0.129182987777156
179 10 0.139177039252797
455 495 0.119989765776822
184 131 0.138156502203071
182 428 0.219204662291594
553 41 0.101835485317274
185 542 0.137828361973236
80 504 0.104995799422398
186 407 0.108027176167254
186 546 0.127544265326181
37 187 0.134548176377765
114 66 0.186507892460048
501 177 0.10597829396773
179 31 0.204864092416518
513 407 0.13485039883301
460 468 0.123826677988067
445 171 0.104788210209512
8 20 0.113317399569766
124 60 0.202255267167706
485 487 0.148014740205296
554 125 0.203930575698297
127 100 0.102393391848358
83 28 0.166491374782728
555 556 0.156414391304701
188 433 0.12110595000505
113 557 0.100149098633303
486 159 0.161137510848221
408 4 0.101764741299048
496 513 0.119429800430449
114 173 0.130900546446675
558 31 0.116047344499533
513 559 0.102910251281906
162 183 0.244471439666917
168 189 0.103900806026626
87 477 0.428502987114451
560 125 0.105302016092552
532 561 0.139281568784382
87 409 0.295709704950871
161 10 0.249335541175064
190 125 0.160788529722638
179 128 0.11638676329645
191 526 0.114215280623593
182 162 0.11214148244408
145 479 0.126534984791875
118 192 0.111054867551809
167 193 0.111353558462571
483 50 0.133412190151463
508 562 0.115857503134383
76 552 0.103808777022575
194 407 0.109424231853928
186 195 0.113272326455553
196 58 0.117483431419359
114 533 0.111948381799584
160 403 0.11775690485698
549 44 0.119865860594358
557 107 0.1296101376594
196 183 0.275138406622457
114 80 0.191582327226383
511 563 0.10057999983671
197 65 0.128172489013128
564 150 0.108193935788211
196 162 0.139866589622409
445 164 0.119252114281322
116 407 0.10934065919384
491 565 0.115455108014148
407 77 0.148019346227283
513 195 0.149869088632542
496 88 0.12434043486311
88 102 0.108984057942584
545 183 0.139763523539234
44 566 0.120078671354971
148 462 0.105119544249208
94 489 0.102437610124813
162 58 0.111124435503808
567 47 0.119437652822698
460 568 0.106382672469384
519 429 0.105207913405219
496 546 0.120002925507035
519 198 0.104492849265338
567 554 0.108239048149204
496 102 0.124938356958433
159 489 0.107528861657871
545 526 0.144515818802563
185 526 0.112783797078172
150 563 0.13539980759518
569 150 0.109445280973816
49 195 0.124281675260886
176 183 0.143762499375197
179 187 0.140815530446256
154 413 0.159417633364721
19 131 0.101912875511488
199 34 0.136621941520092
486 409 0.181730440895401
530 130 0.23004217504485
196 526 0.126556985602234
200 128 0.208546418395121
553 66 0.123959225261273
476 80 0.260813644987918
43 570 0.197206028820001
185 201 0.139789772172697
571 409 0.136796540932237
167 183 0.134283680304175
546 407 0.121338047881891
167 201 0.14654818806999
409 479 0.130608722950569
202 187 0.102525381311307
114 189 0.113305459333677
513 88 0.193820426241754
114 128 0.15436769180609
193 19 0.237229682131553
508 572 0.132610412673587
176 201 0.107884063635846
196 542 0.194036471232708
190 554 0.201561758104251
185 115 0.105442520151009
96 181 0.10888550909284
387 178 0.108993522238158
0 178 0.108568124442151
163 180 0.113980990099848
203 102 0.16646166839936
103 204 0.118326911528803
545 115 0.100876453277156
179 146 0.125737427475274
409 467 0.152727968564847
513 552 0.133588074036858
402 205 0.137764426514859
150 562 0.176070606830476
553 69 0.140156415902366
409 487 0.139023246448917
144 31 0.155323518818864
494 409 0.172151056768446
483 469 0.193815279467429
87 205 0.266074330930226
116 537 0.113556293469955
483 573 0.100648134219273
121 516 0.144603763624456
206 566 0.125501237208277
185 183 0.156383899029406
114 127 0.14686388400477
114 41 0.174431073710053
424 205 0.1238587194573
196 191 0.153850434118241
162 428 0.14606217866001
545 542 0.147500850600894
116 534 0.144111751073193
424 487 0.161796016900215
431 574 0.131728704733096
575 576 0.103739576936557
196 201 0.222948199997574
171 577 0.118049797895131
49 66 0.145305594583026
9 146 0.189542532533669
207 187 0.11163786369997
118 409 0.149765016438514
476 536 0.111316034211536
196 193 0.151172622983858
513 49 0.122590518443505
550 205 0.109396697851275
118 159 0.197236299149092
96 187 0.169538713843928
409 205 0.157834118336276
515 551 0.172878071528118
193 162 0.103415848766013
114 187 0.274106608873336
87 103 0.180727367124343
208 471 0.186447043963192
409 477 0.180191254279601
501 541 0.125240008083458
184 175 0.158149914120622
209 193 0.116386741152931
105 469 0.104987766039583
513 116 0.10288876867805
76 407 0.150509522877623
114 69 0.169148578100331
114 578 0.127746714552862
181 187 0.124355267151165
560 566 0.114151738879501
145 187 0.143211280263262
564 579 0.100309010341593
167 428 0.114054534702207
161 146 0.197964336048541
519 492 0.134400347061703
66 50 0.124037098566897
35 205 0.130619831481363
545 201 0.144675811380984
200 187 0.151732355800704
508 563 0.112750896372316
502 541 0.107926479399198
497 575 0.143919095429535
431 60 0.266859686603732
94 485 0.111153423889123
505 403 0.143078664738206
210 68 0.156539660857516
580 581 0.125728474054108
423 582 0.117651525768286
8 143 0.153537648186022
485 512 0.226867461195647
36 1 0.114400778534871
0 143 0.181281490027981
583 578 0.140392137648702
584 88 0.10074384651229
453 585 0.125922944508514
211 397 0.153749361681352
586 122 0.132098243935927
36 143 0.120600980860229
505 165 0.191503628585014
2 1 0.246560919594832
139 587 0.115682156166094
397 588 0.395471847575084
589 477 0.198855971502805
65 467 0.129224765149177
431 27 0.256031387065825
398 38 0.130027839218486
590 212 0.188668604882096
452 464 0.152833472911607
213 591 0.106059122803641
592 593 0.158189082050491
586 170 0.115090802173366
594 595 0.113623575228203
434 596 0.106743665828546
597 214 0.114716103092348
210 598 0.124232792371716
599 215 0.12629260961691
216 102 0.107636815017693
468 518 0.11101324735996
80 150 0.143178962680146
110 217 0.111788874092257
600 595 0.126597119432279
23 6 0.125983687662711
218 219 0.182358741999114
601 602 0.146564906929741
46 603 0.111979051818712
595 433 0.125432670578584
604 605 0.15564287599902
567 606 0.130466265649805
481 607 0.109424976784563
220 608 0.152009003985533
609 610 0.179981451021973
221 573 0.108125891311357
611 222 0.1712369357944
33 223 0.105465749475827
612 467 0.125213587868365
398 437 0.1146812726275
96 224 0.211331089029674
431 613 0.112458829347578
614 92 0.10727523380267
210 225 0.129769791859387
226 429 0.130806112159222
65 526 0.121629054815084
599 227 0.14069262873316
592 615 0.122187131961447
126 66 0.153873987671117
43 66 0.17153453503336
616 51 0.117688548901589
617 550 0.108306881046245
0 1 0.245640433261449
228 229 0.126123712515201
65 60 0.149504819121547
230 443 0.112546194390519
618 552 0.124233622910146
619 620 0.190923062576414
37 447 0.11757580126849
231 447 0.107386476143848
621 88 0.13893308468969
622 623 0.109827695068106
408 165 0.119937909851531
65 232 0.120382089179829
233 495 0.1123810395347
454 544 0.150405252631189
66 234 0.111203264688488
103 438 0.101418823486031
624 2 0.119002089046773
67 143 0.102370906860447
235 472 0.15184192595415
170 602 0.189070148938217
233 522 0.102301288188229
9 84 0.161818052966948
625 215 0.117242579812957
133 506 0.109489798069271
434 408 0.100038444961764
626 51 0.113243471569783
106 236 0.114414572984546
237 80 0.11292282810616
627 98 0.12790013062145
628 516 1.0
238 1 0.101049877788863
590 629 0.120735135148721
239 240 0.102571108948485
474 630 0.107705074210372
118 600 0.137281551481255
95 143 0.102002828927169
241 232 0.125682322823708
66 600 0.160310563463768
65 28 0.12468388769277
540 73 0.102778628921654
631 429 0.12866221961374
632 10 0.257686345324589
39 60 0.129031163327672
567 633 0.100991060538016
210 125 0.153469339463277
139 52 0.13103111694332
52 80 0.108944841197449
634 92 0.19310732709129
635 187 0.11499569975848
636 637 0.118902507433096
624 4 0.121334762878538
634 28 0.11403129315672
387 1 0.221916281371958
448 242 0.117430409309365
472 50 0.113558700113028
37 63 0.105336721932229
235 50 0.123305147158604
465 133 0.135460748990829
638 516 0.15229415232254
156 68 0.107574249214603
639 640 0.101022692129837
6 1 0.103702236861581
635 641 0.105951409411881
642 48 0.142305494382
603 125 0.125966556121156
508 453 0.122757182235565
643 240 0.147902589764373
644 645 0.105375314242417
646 647 0.117762254631231
2 243 0.112486270179574
648 613 0.1225268660096
649 650 0.102648250518274
651 652 0.122997324665744
37 475 0.144564222262821
653 38 0.105912581476054
583 654 0.208881526335576
655 602 0.157578473345169
152 656 0.108435165844194
560 595 0.111452384510044
114 657 0.108977360422196
45 11 0.104413119718669
179 658 0.174680364387398
659 660 0.140517039497831
48 459 0.109308295893943
36 243 0.102078836664387
661 244 0.128806556036225
662 122 0.114008013203186
550 487 0.136775292135271
87 487 0.231059092492353
663 212 0.104725815722963
225 37 0.176464452690441
664 665 0.104665356625498
387 245 0.101480370704003
120 106 0.109880096520066
246 223 0.12048255519919
624 3 0.140036215032841
505 20 0.108424134072595
431 77 0.171884309331711
138 85 0.167881066439905
624 8 0.101869878177091
30 63 0.104329780827368
432 606 0.109156722784281
636 247 0.197998623051091
666 613 0.110686216450332
667 606 0.165488546345655
668 669 0.166989783212061
670 671 0.106773029753777
426 80 0.163051078206017
248 249 0.136510676584948
667 672 0.109383019161512
248 250 0.122493166420876
538 673 0.145906581403782
79 65 0.120098568344566
674 395 0.163135709514663
474 665 0.158433616280052
411 88 0.120422466117773
440 121 0.150258206127094
475 665 0.100223529636873
540 447 0.121001276263728
538 675 0.186379389852604
508 600 0.126414422038828
65 192 0.109014671543486
251 252 0.126564195136739
676 1 0.317444222536214
677 578 0.110879311166187
515 477 0.276916155590213
678 671 0.112260138078747
30 447 0.130051079878324
253 626 0.120120280319867
188 150 0.106330953986204
676 658 0.241179056511409
531 254 0.101144376989575
452 673 0.117937608758024
118 603 0.112474826399442
124 441 0.280486678839279
27 526 0.10276885454343
679 595 0.106136144613616
152 603 0.111386578835392
600 680 0.107717538513634
629 612 0.112275053994922
531 47 0.125803951613397
440 255 0.112480431615334
256 221 0.137569625083376
217 257 0.167389026458307
258 213 0.110457439772891
612 475 0.123020422211989
67 1 0.150522924316828
681 66 0.112254953792648
636 68 0.171649138643074
176 55 0.112006212455695
27 249 0.127091839474833
682 51 0.176027455804337
68 158 0.116141514077643
259 477 0.115341610336902
683 671 0.105094666156579
260 261 0.109865216999927
79 22 0.100723472195141
684 685 0.107767247290919
262 423 0.104391016783325
65 47 0.148795172538075
531 65 0.107878978974906
226 213 0.116069129955752
486 94 0.106210616465144
239 257 0.134765833538428
543 68 0.121507439311128
431 240 0.138485743537865
686 232 0.180554594291004
233 603 0.105914362129713
233 47 0.127980014029158
251 587 0.139193754535813
118 65 0.119785562696043
118 47 0.171248122784096
211 687 0.137464291944291
664 475 0.164048585603458
213 21 0.108857975906455
643 429 0.323031447894701
48 592 0.129424594473349
66 680 0.187986964731084
592 263 0.122961695369799
435 400 0.115360509307011
688 68 0.132958997192436
397 8 0.130814013595352
689 80 0.113930463105389
264 690 0.122879728147221
679 600 0.121232251900289
211 691 0.148537255342534
27 467 0.156177623646666
570 41 0.217674153282881
206 265 0.184145734045514
440 124 0.107741169862292
411 239 0.103939946138487
624 5 0.140906596461965
65 441 0.192636284661164
96 73 0.101134458029238
228 41 0.130930196753168
692 266 0.104965120322228
476 482 0.157339526746601
79 253 0.101603775023932
693 690 0.135572170238205
105 41 0.105134880119781
429 626 0.155268200739736
694 472 0.107621622731579
211 165 0.202804342185417
243 6 0.120288717771324
65 421 0.120945467092552
590 665 0.13758916590405
695 136 0.127059603362526
211 20 0.143510095764286
267 77 0.101548367714804
32 544 0.10477240677075
696 697 0.148418110110223
686 240 0.100373244762025
464 698 0.281933433493208
699 471 0.110548932810423
27 232 0.138635446506442
465 212 0.211691104707698
700 475 0.106717967321754
426 137 0.126642768965795
590 475 0.14841666738334
506 212 0.113556500966645
465 629 0.112441678086563
152 457 0.135852081814082
701 41 0.127592668249412
72 27 0.199434950722472
538 702 0.160992632132343
240 158 0.136918741352502
8 1 0.190103493141776
481 429 0.199586737755178
483 703 0.105415981003935
480 457 0.104318673550074
163 268 0.153751800824975
704 171 0.119515756339713
705 706 0.190327691778508
269 707 0.119389381809647
648 151 0.294585136572475
270 259 0.151453342293042
409 271 0.108626239173279
662 602 0.183849777710448
29 708 0.153720789335247
683 709 0.131884539579109
710 395 0.10617910663202
270 223 0.120786659802899
400 711 0.174819319932394
712 124 0.106837130781532
261 713 0.112895453950919
485 428 0.250804960584041
261 26 0.118513456923549
272 1 0.140559391805435
247 68 0.139822020076982
627 714 0.160542759888552
143 1 0.11492946339458
156 226 0.109529614044124
54 273 0.202793374432671
63 274 0.104717168044861
141 610 0.13225445905436
604 715 0.106919545236318
118 275 0.111410929417275
452 702 0.120658125763113
56 72 0.145514640345474
675 716 0.145906581403782
717 228 0.119252316482588
439 718 0.189260244555328
719 598 0.119429354851009
703 38 0.13789332504737
45 1 0.114415667772303
454 720 0.152779452503332
646 252 0.156754640611451
721 722 0.118025607921315
491 276 0.169896721028525
72 28 0.106512850400381
723 125 0.103488353869808
277 724 0.123664800546323
483 663 0.122097523811755
48 278 0.117592785553859
725 726 0.103943530762387
12 1 0.106109478442932
727 728 0.100458443142012
547 729 0.104593605083836
82 480 0.128455875013801
730 731 0.107547650787211
431 154 0.172977745597712
502 84 0.111368161367783
279 103 0.127006166005096
497 173 0.113213356698172
661 247 0.14317643636065
505 142 0.127148294110111
486 280 0.170924581196362
111 213 0.109439440920291
400 732 0.105910000429744
167 281 0.108141585867763
661 733 0.157085361151351
282 66 0.132030996073432
216 734 0.105887552324696
724 283 0.111114003471589
532 276 0.117396322116244
279 475 0.102690218179078
56 482 0.124730482822275
523 68 0.115436048644905
604 467 0.21039376896205
735 518 0.101812616825141
87 736 0.129651269421408
141 47 0.177644268529682
465 506 0.171191206149315
737 738 0.108835508412576
284 137 0.124061900757083
637 285 0.101958394036198
739 556 0.105007828117936
210 740 0.107266718205215
200 247 0.187960934905455
423 633 0.122778945637524
37 741 0.120665937548711
431 284 0.104181147318931
27 159 0.1203685273679
286 287 1.0
742 288 0.168057740274371
289 10 0.199204754239961
743 744 0.119467547723134
745 498 0.130332759358327
486 695 0.104548323463838
60 265 0.113091002155149
398 4 0.10344477400383
290 498 0.104732407829403
27 222 0.167156149548816
27 409 0.18487422826154
270 65 0.114691226275471
746 18 0.126380473911183
553 747 0.115304467039892
614 468 0.147955873757256
120 741 0.110187344812964
213 459 0.152133062507487
207 158 0.126340274145754
414 748 0.107967632120404
72 48 0.155709896491403
749 275 0.149077618557235
750 291 0.143530409572711
751 60 0.115467163482429
114 100 0.110418397057159
752 753 0.106326077869595
411 103 0.125458545567911
27 124 0.102630093776902
754 471 0.154492068960484
292 15 0.126870957761816
667 755 0.12426736094325
756 420 0.113396764846312
424 293 0.175341287357791
742 757 0.124604348504174
48 758 0.208708885166116
717 722 0.143586767750902
123 214 0.126749475287747
27 524 0.108865536412871
508 561 0.104449400538431
424 759 0.153803801653958
760 726 0.11790241688091
614 761 0.139155224571998
294 18 0.135998253024879
124 724 0.124091643677565
483 453 0.173744628985178
96 751 0.172249333843898
762 459 0.107917212044086
483 242 0.107862735584546
405 569 0.168099209549452
763 678 0.102818106320044
65 764 0.109399705581398
598 283 0.150279660959618
751 295 0.101839148457234
152 72 0.13640106527577
72 278 0.118613051073022
765 296 0.148315647310039
411 766 0.133450021448089
474 136 0.114467271135673
767 295 0.151251291376278
226 631 0.142464763306198
8 70 0.121588600337506
693 768 0.142704208612511
555 69 0.165943307938488
717 297 0.106954662629516
636 518 0.108536195220686
769 724 0.100612102134004
243 4 0.207453841602372
97 224 0.11575959145818
210 37 0.169974342826598
614 518 0.120775134949809
298 299 0.106566612020565
245 1 0.10064674275704
482 44 0.120537742594736
435 273 0.143389582493155
770 512 0.103714680164875
411 279 0.107682407826765
56 137 0.119270543048605
718 738 0.186964779538426
695 223 0.105130755123876
589 399 0.13363312497097
87 300 0.302358606135465
759 771 0.121891020702847
772 280 0.118144761434194
484 559 0.109786410920329
584 252 0.127354290420284
144 403 0.11018674733291
675 773 0.128403147499612
27 239 0.10301563823579
43 11 0.134859103608993
222 44 0.119166801772933
636 125 0.160363181655246
693 774 0.181498831311097
775 776 0.168131021865181
777 395 0.27221178853594
678 778 0.106624024419087
678 512 0.141741878301133
663 522 0.115200507494053
630 726 0.163730239134876
397 1 0.329699986293148
524 603 0.122581503861407
222 779 0.12696917963884
133 780 0.132502171944146
301 137 0.121799242983096
299 658 0.13676453024691
699 288 0.171752868660328
239 302 0.103776086693657
663 138 0.104723685686348
727 781 0.141947987739531
87 288 0.212235042420485
626 283 0.133116503616617
213 518 0.106453949383484
156 224 0.101325171877794
431 65 0.13553728286496
670 782 0.116896639375443
435 417 0.135445215274809
589 450 0.101336146509547
628 783 0.166224575473275
398 687 0.133983414868049
547 702 0.104608859577902
14 495 0.155529914494467
163 610 0.121467093257047
72 46 0.110186840277394
618 265 0.218065935707012
431 278 0.118330422551616
232 784 0.1355176078026
270 785 0.10927677420728
64 535 0.113856322615724
269 660 0.121035467438074
557 786 0.1391494381933
498 759 0.134221133823125
517 294 0.132153080753626
787 578 0.118662618570626
499 303 0.105359293564951
431 72 0.20392090564569
586 788 0.196083446355089
675 702 0.118213078172119
286 789 0.118241637911928
553 790 0.116192578803017
70 51 0.181148928801593
304 41 0.13693405741699
33 79 0.140280691390824
79 123 0.110655979904833
438 150 0.108276606189876
37 213 0.103197865636608
305 143 0.208925304080585
32 459 0.122898168922902
248 791 0.144361098395355
792 793 0.134429870223408
27 136 0.139153732675431
239 429 0.130485939191673
54 106 0.110544657211901
663 477 0.136322945617868
162 21 0.125128696394868
306 1 0.154701868675625
464 612 0.156145393150314
659 794 0.156439688911214
465 795 0.165312635908546
598 429 0.105992469932946
72 60 0.187307402871591
655 586 0.196309516809852
404 58 0.110032665412574
66 280 0.282701713138239
497 519 0.117483810222613
796 467 0.144555586394636
264 797 0.136067966471328
56 48 0.114673666031999
460 131 0.111056118200136
247 798 0.132004922555272
611 406 0.144741431237751
210 158 0.102467391936508
228 706 0.110639834074282
799 452 0.134579601684037
483 738 0.120944590536675
800 606 0.14921919354678
801 284 0.119272292759126
716 453 0.113495110690253
301 758 0.124890056264653
152 60 0.113932707796943
307 227 0.140896326498369
802 447 0.186057839944714
23 389 0.163678410307541
513 803 0.124876021575502
70 189 0.143082232681933
632 308 0.131578775095611
309 626 0.120106269725518
804 658 0.161984199965307
805 310 0.15409853957766
806 807 0.144127958202747
667 600 0.157715080199464
808 809 0.108911171855098
617 810 0.119607749878567
811 85 0.103293375903494
241 221 0.127886966791705
802 73 0.147714249773335
481 152 0.205113926568474
668 28 0.205191636266357
796 429 0.122308036388915
513 136 0.248779042243453
96 150 0.159342830161086
758 68 0.114971570251258
631 158 0.10853044552729
411 475 0.146105741622228
42 429 0.104027277395728
513 681 0.129553041541596
686 27 0.191087371820305
311 280 0.109793049394809
614 213 0.124639670987622
34 389 0.123135175619686
270 457 0.136502918163927
675 812 0.142812900566501
312 10 0.105654864498575
717 454 0.120861168182552
37 15 0.102533542377144
519 813 0.152003660791841
814 779 0.146469460288876
176 8 1.0
284 37 0.124005164566946
481 239 0.108074205637001
241 51 0.151968305547381
313 247 0.136220676145485
427 503 0.150961061892996
471 602 0.122922926619197
485 314 0.13501976067132
220 280 0.465638306119803
116 239 0.118030864241997
476 315 0.18539088462582
316 143 0.179675958098306
270 453 0.109373015568604
580 645 0.129685443118261
815 15 0.126577192964975
270 60 0.18350096875244
631 317 0.126838165475314
745 468 0.129980056819265
675 816 0.118200463793047
716 464 1.0
738 318 0.104549595085489
264 215 1.0
277 283 0.118315740172699
817 664 0.106667598320347
681 680 0.107157759468319
14 522 0.15234764776105
65 524 0.11370615746796
818 232 0.101861133415467
17 131 0.121430846313628
118 819 0.114905488611707
820 473 0.119014984644888
75 142 0.101139822039523
72 22 0.124644318507155
72 124 0.110109770922368
821 68 0.177291464340928
643 219 0.204076070892544
822 652 0.10103690757876
103 239 1.0
823 60 0.107952145791216
319 526 0.104695497009724
824 613 0.128263675558293
431 320 0.107665229524028
27 656 0.134046905868337
598 242 0.110187230184032
96 132 0.100652341308537
815 522 0.101605741728537
421 480 0.106063591990536
48 128 0.132562648457694
676 41 0.159483515669554
659 24 0.114618171013352
545 718 0.162666126059349
480 498 0.1103407671033
746 596 0.137679137239646
152 224 0.119303548444477
152 431 0.124791324722378
64 274 0.10408688989868
75 602 0.11311183405556
693 825 0.140623630100344
474 321 0.127367036707201
826 827 0.135281638482181
72 31 0.228151867098142
72 204 0.103646043148057
661 68 0.128753913720119
427 231 0.125706666617402
47 137 0.111884036572845
72 457 0.133412022812298
322 477 0.293345894460125
712 65 0.107874741935211
675 323 0.122198929901065
225 284 0.140403734226261
13 459 0.116167992942901
64 222 0.222826461410671
686 65 0.192296949008142
296 582 0.108835971989348
324 143 0.100590733792271
316 223 0.106774879528638
235 828 0.140902326505425
325 645 0.107704284154733
684 753 0.104353487359795
152 784 0.101886100753951
827 759 0.164264674476375
279 646 0.138235144778471
210 283 0.133689235664312
232 488 0.115282246256464
163 453 0.127896999865205
64 389 0.215581243279897
326 37 0.222910891915953
829 70 0.119021009125654
517 283 0.177582726009775
316 830 0.181803668939746
683 512 0.147494908006155
40 312 0.117049489496819
831 72 0.136375582709928
411 723 0.113366642726974
72 453 0.122182220806779
832 453 0.131240370269603
667 66 0.177085122781954
717 240 0.114681390565766
456 284 0.100628699543138
833 619 0.104601235921673
49 709 0.110482876601475
770 793 0.110782458902702
448 809 0.108186022690133
440 33 0.122621906697335
72 128 0.168037698998207
279 252 0.102646605516312
281 10 0.132598154666834
111 257 0.134046948244656
695 624 0.101887570961524
313 288 0.112586730526214
611 7 0.109165177023283
483 757 0.114263399708813
304 603 0.100658871625498
327 328 0.124801755598301
643 283 0.237211052115652
279 37 0.11660690156505
834 522 0.114086176381636
659 18 0.175491716395215
683 778 0.18620968299481
99 22 0.11834776689868
796 329 0.101854446440188
111 295 0.131988391143407
775 700 0.121804289864785
651 136 0.178950578546907
717 835 0.112500581677359
211 140 0.157449536760007
76 667 0.104457656077098
515 608 0.242913665316197
297 41 0.109462005846495
45 624 0.100093936527972
32 22 0.157806762008596
29 836 0.105613924760975
717 259 0.174843972978157
270 837 0.138203665713807
455 468 0.103799013875986
538 838 0.127703939215648
772 212 0.133444230466259
821 275 0.108393994153165
37 495 0.126585578586106
664 259 0.125661360238176
188 758 0.108089504204432
760 839 0.175743243232726
9 284 0.101053854901656
453 47 0.109845602740243
120 131 0.117986722778919
840 841 0.10947551829154
682 842 0.192574541834452
394 330 0.227844279677625
331 158 0.102623099577736
481 56 0.137971872731144
118 595 0.130051881682167
291 332 0.19002604684507
693 556 0.131928277320966
480 429 0.104217006732473
624 245 0.108243350157603
831 453 0.101736930516663
156 475 0.162087579094295
843 124 0.19153888887324
400 31 0.516027013216232
239 223 0.111478488279956
279 137 0.110974324426013
240 107 0.108086082443106
618 136 0.225576621231571
96 213 0.104888733680856
844 475 0.150704107613667
333 247 0.105962844564093
256 136 0.140130384641174
211 223 0.113797178129162
845 846 0.111942060466375
546 847 0.119288814292034
445 334 0.104906351762522
29 288 0.24255585052544
90 71 0.100158063116561
408 588 0.144608824599587
96 468 0.159517271292191
64 287 0.102395424395823
676 51 0.169650527529097
848 588 0.136323348156896
849 20 0.106089991932836
82 61 0.121115785863322
72 223 0.104660133006785
598 631 0.106968248002134
511 850 0.106635867606983
176 436 0.134944961357911
653 51 0.146157375869142
717 235 0.167959146941984
851 570 0.104624288439876
24 335 0.122318055930543
643 852 0.126750286052991
299 332 0.124812111753533
233 60 0.126090652324897
508 214 0.100813701082943
210 65 0.147877104848082
763 330 0.109728457295283
150 293 0.106806477004554
27 60 0.182641695072264
235 60 0.132699553863679
230 79 0.119468159840658
664 117 0.176997674212314
727 738 0.164148741103772
476 336 0.10203927444243
523 568 0.127860414884599
598 66 0.126353008157381
853 127 0.155488272973481
684 65 0.18966195404025
624 7 0.103167472008226
64 337 0.146019986935761
505 602 0.303168380714243
39 295 0.128513793216853
261 47 0.13246307378396
88 650 0.108595462064394
338 841 0.103936253153174
631 31 0.414286228965796
597 854 0.152309502420552
655 429 0.131158720674467
643 318 0.101483666849328
304 620 0.123422640952622
855 786 0.110115158108129
339 798 0.11499390167527
321 591 0.116392156124159
33 213 0.14799945402527
211 340 0.122400575384547
725 287 0.108985736782129
27 475 0.183918347513988
37 222 0.115303899361631
240 22 0.107251479759903
48 429 0.105318669768407
56 59 0.103987912412246
628 856 0.111894828610298
398 857 0.10019250295628
76 858 0.106129302310317
258 623 0.144887399062076
95 1 0.119942859943818
32 301 0.124368738512917
221 104 0.116480224390788
578 447 0.112729685251717
74 477 0.136030534752318
2 142 0.111799021207208
186 859 0.10410765279633
460 65 0.114362499591724
643 280 0.413575317589783
481 475 0.228075894341629
481 27 0.212898199514805
481 225 0.175194265198959
270 106 0.11436398137051
667 741 0.215657851481406
683 850 0.167688085074345
44 282 0.100745494651489
627 768 0.133862185656022
670 860 0.111245485482022
304 453 0.103211903139059
391 8 0.12548347771506
398 861 0.143833897985437
105 66 0.13434178905101
152 44 0.124452476804767
341 68 0.120756912068928
133 862 0.112456637228563
863 257 0.143656234796418
439 65 0.15153710149099
864 479 0.177978211281351
865 846 0.179522745760515
292 274 0.113046894830491
431 223 0.128424790621898
474 726 0.139375545299407
481 342 0.157783280834715
866 575 0.1379961398624
867 343 0.11128119099886
117 138 0.121844034370091
152 868 0.109059969546102
869 870 0.173636048083668
621 774 0.126472195540405
20 1 0.112909848578254
871 741 0.218083740554673
515 872 0.128260755335317
508 675 0.134238242940851
87 344 0.110302785514693
873 781 0.128411609640323
124 874 0.10379676500351
65 31 0.170922857824229
875 631 0.12961701632277
38 876 0.100949411030047
624 223 0.140892402847358
37 138 0.100251158224049
225 623 0.168464898722458
460 27 0.166977666158061
877 143 0.292940309122438
56 88 0.105274747427609
411 252 0.108034674657386
515 753 0.110290085980894
345 31 0.299455439619424
630 582 0.169630799287645
226 764 0.150175625868613
878 37 0.143390415229742
721 620 0.194188044734126
523 247 0.100368699845919
64 132 0.129206786335057
76 859 0.107734347305008
646 429 0.276361396270995
39 28 0.116812748267107
176 629 0.101088289799515
227 177 0.1209795812945
98 734 0.142532810796261
141 41 0.18766790768248
400 544 0.117590892146179
570 825 0.122575761138452
282 600 0.121455632714169
346 252 0.109576613284581
65 106 0.112040836023613
796 292 0.107539787418753
86 330 0.111318672024969
42 125 0.10862384043325
347 300 0.149572455652564
27 52 0.218942276026445
693 65 0.145647102122806
589 348 0.106144298788875
879 602 0.146927311674567
880 165 0.122946670164071
87 757 0.110197920359548
592 88 0.125765434346841
483 816 0.145397757979505
881 406 0.116604579787719
676 389 0.240713709758748
61 349 0.150874123527828
350 283 0.104682665354884
40 44 0.119509211039176
460 136 0.141056211275016
589 351 0.111256135504061
226 65 0.122579159193818
352 26 0.111177633389577
882 125 0.108596015479259
643 344 0.152140018668615
855 353 0.111266110711753
411 37 0.104065013199747
108 62 0.127540171434166
285 883 0.109483529582552
870 807 0.130102185298116
118 472 0.108955355032948
150 488 0.10768097125582
213 99 0.111691817086298
211 403 0.137073484419717
211 53 0.130703294178025
884 404 0.1315427618609
59 47 0.136321269031969
867 107 0.108073810162474
66 602 0.227674444697019
56 117 0.124480078717654
716 799 0.112725959351054
885 276 0.104617201217249
721 849 0.120869777387304
321 658 0.133876493398978
598 68 0.157640657590115
875 274 0.106177669647746
354 236 0.119158029233996
56 449 0.142880498936054
886 887 0.102801718608749
888 5 0.186672386751263
515 577 0.161427992800093
482 224 0.10985838103498
426 293 0.12577510184276
889 330 0.116344465399673
482 575 0.116553022787724
890 15 0.1268904324754
89 158 0.121843236263821
769 495 0.102744766593241
559 807 0.192369292413595
431 239 0.136369359697229
891 589 0.171572454915653
38 10 0.106568233637254
226 475 0.200214977177574
517 741 0.276849353998261
65 295 0.131071410356914
72 467 0.135437083220828
892 553 0.181833447687632
277 741 0.108667861821145
70 389 0.128299082091356
72 224 0.14840801048103
29 280 0.152017588723411
682 14 0.125824476649381
48 343 0.124056404455001
682 893 0.113354426130218
545 568 0.153074400235096
894 479 0.131849509044727
735 213 0.121902019745496
235 747 0.100624445816011
226 656 0.142594212210228
895 896 0.102321321761333
871 581 0.141137343258125
394 897 0.132016868375856
346 687 0.122024003178459
898 475 0.128888537712722
682 183 0.259145627572174
899 863 0.104308735359428
144 131 0.141051446330162
424 10 0.151332909702095
470 66 0.159110395728082
431 874 0.101257895946675
239 658 0.20415806605806
636 37 0.119351916463473
424 28 0.12870886524528
667 223 0.109483232147894
871 725 0.120487261869423
101 355 0.127728731175618
900 15 0.112712615617153
48 457 0.14275765873642
33 292 0.104827652476164
891 313 0.105238981715661
901 673 0.118541524692647
902 477 0.203228037719828
693 37 0.103665414902898
481 240 0.107207726249433
686 903 0.180540897495143
317 252 0.108758395497483
326 63 0.234606264794007
663 300 0.118352286247798
42 224 0.101518430905087
559 356 0.109489588859126
661 300 0.12619950465848
785 242 0.130363763633436
239 475 0.186523174567519
228 219 0.1162598357409
61 473 0.129255912764494
659 239 0.109711170941997
213 731 0.1221727568355
48 125 0.178941486433998
89 213 0.102605384617666
29 904 0.103594570863853
82 473 0.113892309169031
64 177 0.11549373635952
178 165 0.114396319888077
27 31 0.251493850974267
668 573 0.109807424240222
695 65 0.11101133702289
89 106 0.101734868027303
217 21 0.118837588043424
167 570 0.126980772037532
36 770 0.12617987271529
56 572 0.112928211523262
745 905 0.117960740668969
743 288 0.203773062308939
48 646 0.151408480155759
270 602 0.18233627385459
906 782 0.102837279605344
57 125 0.12392037899882
35 524 0.145578597274626
907 242 0.142920317892197
871 544 0.114209662130037
653 27 0.115680824233715
908 771 0.120445342714888
357 109 0.15951460325649
890 522 0.117260787472948
686 753 0.103967399874497
738 753 0.121260472365759
909 47 0.117556129707074
61 15 0.122613992081796
696 275 0.101477165571913
387 51 0.136074161575337
275 37 0.10320450500817
554 358 0.14187191707825
76 910 0.123691295685759
481 65 0.173229278863236
30 249 0.110558998247304
291 66 0.1100552917658
687 420 0.10442145839583
636 138 0.130874746208867
589 911 0.164042883220526
21 71 0.134573477762128
912 110 0.101194423279317
476 359 0.21666983975853
821 639 0.137144970928771
913 74 0.102439786825891
718 74 0.126190010234167
914 915 0.144794746947637
916 917 0.123293260753641
27 270 0.160400721527116
496 301 0.113919100440326
72 429 0.142190038870184
497 918 0.139298989038521
33 47 0.187673357480653
27 257 0.151595023064959
411 756 0.141740733971328
32 758 0.192874637515824
482 446 0.115617555972897
30 265 0.142091577083727
32 278 0.157505834712386
211 0 0.144464618448431
65 224 0.117098994674976
900 522 0.109588814152084
624 360 0.109872868889484
329 518 0.111220206637961
213 342 0.113333012412864
787 919 0.101063486311548
538 669 0.219141753005833
632 920 0.177983970696156
921 198 0.115576200107565
49 142 0.100308320672368
564 63 0.116641549220196
76 44 0.1765913097318
27 534 0.132717685789367
361 922 0.142129410650815
923 259 0.116428976707214
197 453 0.113672248148702
37 47 0.107274867182543
133 142 0.112121457059951
243 1 0.404882933604039
924 759 0.126096661941125
925 26 0.11850803555227
239 544 0.10215253153561
926 589 0.118079860240843
339 551 0.104311121079367
787 362 0.103799013875986
363 810 0.118825472037082
663 303 0.106988361915898
538 364 0.225234839104941
162 485 0.149412666936002
636 28 0.107449467432798
313 696 0.101329066168569
32 37 0.141200328980701
97 47 0.100752001464915
446 244 0.1349473349229
284 365 0.115070583495361
27 457 0.148972517558399
366 10 0.134979078397423
162 128 0.14953966239225
73 63 0.419012178831805
30 927 0.112669142114569
621 543 0.12872868116787
492 928 0.130833630874831
547 31 0.106022738954195
210 213 0.130176938830807
226 468 0.137255340758872
347 344 0.117897743648855
210 723 0.122251641895964
156 367 0.133110902713894
210 326 0.102511353377673
760 667 0.119456744013492
33 106 0.13279585959687
244 125 0.109467146242961
481 192 0.12674547542579
636 884 0.187722944577873
105 69 0.149146568486851
929 588 0.165750003904281
770 31 0.227938307018436
364 91 0.218473865105118
589 446 0.11257878241597
213 734 0.156257001406604
154 930 0.101972431099329
431 270 0.17892143221208
199 773 0.111148113431965
238 368 1.0
840 187 0.133404125833526
48 331 0.100057484464047
108 369 0.129337070400763
621 68 0.122524135522386
452 850 0.156900279343535
451 267 0.10498425473675
258 37 0.141039797026421
124 905 0.146046403467257
213 468 0.103688133599111
931 31 0.232504625055346
230 397 0.130395845268355
96 274 0.105964944885392
8 51 0.153401087554612
210 932 0.191241738013825
831 34 0.107336950352776
880 60 0.137766915827887
324 3 0.107286204012584
933 779 0.10056305930516
440 34 0.172877567212271
595 370 0.100407234039686
21 31 0.300824960425208
32 26 0.103793597560766
210 72 0.180417739058116
64 152 0.260373684417101
327 128 0.182855409983107
636 165 0.167553794859671
909 934 0.11521999081966
640 935 0.122381545877778
316 667 0.111026816277822
73 841 0.202923150428793
347 807 0.103834134423433
64 578 0.10269687051134
96 764 0.125211565742094
695 779 0.124079042745375
391 582 0.122008214703746
85 503 0.128976433007196
397 936 0.114017139374317
937 371 0.155495270081028
76 372 0.100703422334611
211 938 0.108694501182967
551 602 0.162637867488024
37 467 0.110231819905557
440 400 0.169114707001504
56 28 0.146345383192641
126 278 0.117451553556181
939 697 0.135519529236923
940 99 0.114120827078285
347 463 0.134553358164269
701 756 0.104265349359647
594 475 0.16038565233278
634 274 0.116350940622286
529 365 0.104439958381617
56 52 0.11101246571909
398 658 0.186244707520365
627 842 0.120406488207842
277 244 0.105732955577398
270 321 0.100547785088322
14 429 0.106325500144347
519 138 0.120234553776691
72 117 0.187418696284529
643 764 0.222313278293625
941 757 0.124784040025745
419 756 0.151618406919456
657 1 0.151413564609165
454 518 0.10330280129687
111 413 0.139204021737142
290 772 0.102951810607845
305 121 0.104462950685656
942 651 0.10592406494277
943 284 0.103586221288073
210 242 0.122434439532749
284 577 0.100296061267664
560 561 0.127150272087716
139 944 0.108017283784277
474 314 0.177013493982943
815 886 0.107433706165244
945 274 0.115741209482537
476 228 0.11881435666522
558 471 0.162572745359334
507 58 0.108045085973183
154 371 0.113775392435174
194 946 0.132007925071516
373 410 0.254316308722693
717 947 0.182310563283074
643 450 0.140665167209422
539 670 0.112079841730958
686 574 0.125137437672088
374 389 0.100298898953521
851 47 0.126916826752474
430 423 0.125736431521011
350 753 0.120902663522056
12 243 0.127288452290645
948 63 0.145811856508812
590 34 0.109879806923568
622 31 0.295228204208638
243 272 0.103073130341685
156 949 0.112938929858617
769 645 0.109661198040711
481 950 0.10594105647702
951 468 0.117586802189154
373 952 0.157418100297535
48 239 0.112112508582948
64 473 0.102054216705827
124 773 0.118478409669951
65 343 0.113004914384588
76 231 0.154934402998385
253 455 0.116855772496765
517 953 0.105397394939622
481 407 0.10933208683306
734 375 0.127597494644132
111 71 0.109159435286094
19 433 0.117470646104783
306 85 0.132018206410515
954 785 0.121032862158436
823 72 0.112068549487721
667 680 0.151386238564742
226 150 0.120728038000565
517 429 0.175800648541143
316 234 0.117258563729822
468 459 0.106216544450313
292 31 0.21858386349753
955 472 0.140583445725478
483 429 0.153133232906593
327 302 0.100455794347706
113 31 0.251075777990589
923 450 0.133200558166451
813 896 0.10653618761011
539 956 0.105891479387116
738 233 0.12017457896635
120 125 0.13051198812737
626 633 0.109007687244205
460 79 0.125441216375523
595 573 0.11436566009928
693 957 0.120125802563438
589 143 0.18283603764547
821 590 0.111877863768512
538 958 0.157553697714159
2 959 0.101964983681714
953 742 0.108126682527292
258 151 0.11367289189944
899 522 0.200529925400861
72 259 0.143641150985025
655 526 1.0
113 830 0.142275606698354
880 278 0.103560681947994
742 793 0.128143675491944
239 252 0.135350673253309
83 35 0.151539107961715
72 433 0.12530481055039
376 174 0.419533507689623
431 46 0.101447500072181
237 41 0.118551220553732
66 130 0.243114296179825
960 252 0.161651023616709
636 568 0.133719212139826
377 125 0.169490699787034
331 128 0.115544799501375
377 44 0.115387867310534
611 76 0.159920853603325
291 648 0.131472500197978
431 356 0.113364708209468
42 378 0.100059470728197
694 961 0.126966017548424
411 423 0.14692480813185
661 870 0.129387221898892
217 274 0.100835922014282
56 591 0.122611956564078
61 429 0.24579513243197
962 561 0.117980240947089
584 963 0.105975693628201
95 503 0.108744016806921
167 964 0.126456183262164
851 789 0.118790508081439
141 648 0.296268106388209
538 694 0.10507874418669
598 125 0.149882989999684
379 582 0.111679601216206
913 697 0.22252451254093
684 74 0.146213097872201
27 544 0.10523622950885
200 830 0.151904872620852
913 696 0.185205397597813
508 773 0.119276244295481
247 446 0.114342446799702
292 467 0.146028371153952
472 369 0.13130263478092
72 326 0.163390465410236
965 404 0.134763986634639
126 65 0.130182551998269
235 380 0.101908298660754
144 413 0.153797042981146
966 544 0.105923975953006
675 453 0.156372058161163
508 595 0.134705872825629
914 858 0.110575630203298
9 381 0.13447420772779
630 475 0.236517068384258
29 351 0.153483942333659
476 947 0.173717439161099
103 967 0.13057666960974
440 761 0.164815813061857
630 725 0.162083418466854
740 73 0.10838829297303
239 125 0.173645849851206
531 595 0.136652648358864
884 728 0.123608041850216
968 753 0.134577201242851
313 932 0.102342232120198
844 128 0.100291570890021
589 6 0.101774921757051
210 969 0.134671675989993
78 786 0.1368226215056
382 214 0.100937082849678
94 946 0.108243140061895
45 243 0.108611523928692
408 2 0.113329668556342
383 620 0.20420259163733
824 704 0.10102199526036
160 131 0.102087733794875
626 780 0.154583071407906
554 274 0.102257268424283
47 214 0.160012572068123
72 80 0.106403569252153
243 8 0.15134250915929
279 779 0.115273567332316
40 137 0.144051959732332
517 137 0.136883157692383
805 574 0.135794854187231
284 281 0.107270185756205
12 393 0.117260510696554
743 612 0.124164799805649
243 136 0.287071758697749
316 542 0.107059014233286
538 794 0.152605033356652
29 259 0.1716264075428
831 886 0.117195490348826
96 830 0.193089079602128
363 645 0.133234806797721
485 344 0.136030954509367
78 475 0.171217650394771
113 125 0.119910677631192
121 591 0.13914273769549
448 212 0.1401711435614
322 589 0.151745396480301
236 240 0.130141475594156
124 467 0.184297819318617
589 724 0.110467744832868
65 544 0.103045077340558
738 15 0.113555456474049
674 917 0.117193432755211
844 970 0.111447525912977
139 224 0.140001026298514
844 222 0.120980104927732
589 757 0.125277783928352
394 85 0.217157744062162
356 922 0.10541058962181
624 1 0.230021966089875
27 384 0.123510193850715
247 295 0.158836382311313
865 102 0.120588704006925
438 575 0.125154943521924
239 603 0.100034260255224
27 334 0.103746312259678
589 4 0.123422525524872
46 117 0.124228803856621
64 971 0.215766261439303
294 131 0.107891262115823
972 143 0.177371153979835
29 385 0.103623527965304
64 266 0.105140061294185
600 85 0.119464976776359
831 386 0.105353460052181
624 257 0.162940201536455
40 222 0.110347150934305
411 342 0.12040835985466
