36 67 0.290537883880533
973 15 0.213756053334928
974 233 0.229339019614407
67 0 0.248055643624768
5 6 0.262406277905347
7 4 0.209585073749534
238 8 0.205571693889149
78 975 0.257292516760563
67 11 0.209859981648905
47 292 0.260650884744635
139 40 0.263851555794702
171 164 0.213458338570621
976 75 0.245247709820442
977 362 0.303741665935272
3 95 0.30284153798329
28 978 0.318064257075843
152 98 0.217456204217314
188 979 0.207681693905341
216 980 0.202440958806529
25 380 0.246394879716513
46 141 0.20706915773163
343 981 0.225138348048337
72 65 0.214483813842837
251 982 0.222157859795311
54 983 0.213180001180814
253 198 0.214904626445749
139 69 0.243687941855786
37 100 0.247339960749897
17 341 0.219210903873745
376 116 0.213120079930238
83 84 0.215840211348859
984 293 0.409168289194893
150 132 0.204736235637007
86 85 0.301461007713062
315 336 0.207425937858917
155 149 0.212223306895648
98 99 0.253963417287813
985 986 0.255323046878316
987 362 0.245429119578045
73 274 0.223825005827076
81 988 0.222997622171709
182 989 0.233228337304983
64 109 0.239650461446696
46 978 0.262463247803438
120 18 0.218672526669078
65 39 0.213657807622757
383 986 0.256660438870902
121 122 0.212212839059478
990 104 0.213683200130774
368 20 0.222341337882349
991 131 0.228598051689121
169 81 0.226698438778732
154 293 0.235732172630462
17 13 0.597919085796239
365 162 0.231685690905415
183 115 0.484849341398609
30 100 0.417976721216023
82 358 0.216244151012592
188 89 0.22518913045016
17 992 0.201974685155398
159 192 0.286090884554569
46 377 0.208223910435605
977 66 0.340224693187987
96 128 0.249969041836055
147 123 0.251762997349717
993 83 0.484849341398609
82 119 0.21986703257111
984 994 0.250466292875339
200 145 0.212240846532361
184 995 0.311276233140634
260 996 0.224435958255606
17 151 0.30390746501582
997 998 0.208462910316893
182 58 0.225489006285234
181 207 0.207538729423935
139 977 0.343709953121206
278 90 0.285811046525269
37 146 0.203516306574829
157 49 0.200835512334557
33 60 0.244883563581683
132 69 0.257257348611479
41 132 0.358440102174531
186 980 0.221413970501236
999 1000 0.252494057948726
24 98 0.206334086189353
159 1001 0.202846502652799
96 207 0.209394664363501
162 47 0.247919987374405
81 254 0.217785422479246
66 107 0.215673403407258
977 41 0.234409964273697
150 84 0.202739198887007
374 55 0.202814835242772
161 100 0.280886246381731
153 1002 0.209237883595387
10 31 0.230930548368376
1003 172 0.202897544008232
33 199 0.234709449495657
989 58 0.239150552962802
33 1004 0.203568005958522
1005 44 0.231086029132257
46 83 0.224735409975676
1006 293 0.217854902593315
49 101 0.21074100366002
96 1007 0.264667189040194
97 207 0.216365849380068
65 171 0.218222795175765
977 173 0.254425472813052
172 173 0.261932318745555
237 57 0.206390045416608
16 70 0.202635918229857
61 31 0.242688052927682
1008 208 0.350864887523655
271 35 0.272618721565614
167 998 0.205055881326566
83 208 0.215769138376662
49 186 0.206289643709272
1009 249 0.247116377239171
61 69 0.279898153958302
77 1010 0.202671873733216
973 974 0.210029351977162
179 50 0.296513963340364
1011 240 0.203598860821771
179 1012 0.20311264408586
116 194 0.205713500872873
127 189 0.267517398270454
140 76 0.22824000788147
80 66 0.211683238051298
177 145 0.23273071828457
76 194 0.211039160958002
168 189 0.237149176845656
60 131 0.264424422507298
56 14 0.23627216501978
1013 1014 0.320642986130946
86 160 0.20697042429028
196 115 0.221762800125332
118 192 0.297102327417315
145 1002 0.224490643152047
140 186 0.227457958264282
366 43 0.231954925633663
96 145 0.206096793566158
1015 1010 0.20194892307821
186 1010 0.206130570686499
162 998 0.267623769466973
166 10 0.237361165510769
986 100 0.231911007885099
83 978 0.32347492855801
191 162 0.246362151683101
19 131 0.210753232413351
1016 1013 0.279729948250159
43 126 0.200699620916265
141 978 0.206303210146682
195 102 0.230069788396178
167 183 0.251205838027511
187 1017 0.238425557405436
46 374 0.236387821711951
113 175 0.349513211730857
157 203 0.254946804510028
185 115 0.319114794031032
187 1007 0.267895278520691
1018 178 0.204733421103163
1019 0 0.221159782151045
3 121 0.293078288400545
203 1010 0.307614682223743
1020 1021 0.225593845537172
1022 190 0.211942410746087
1020 989 0.218123306984085
87 205 0.2133600833268
84 1023 0.210945640864957
171 148 0.209424561050308
140 980 0.258384237751879
196 201 0.333357809494695
49 102 0.238332221575493
87 103 0.209500396971877
82 164 0.226583323601059
189 1010 0.297996073375557
1020 162 0.290066200871111
184 175 0.211881301051558
209 193 0.218681891464506
140 102 0.238188424112312
1005 150 0.229189342813993
96 114 0.267653856730621
193 989 0.329984197686209
148 164 0.217843484885048
160 107 0.265625751496443
210 68 0.212621010553063
307 354 0.207835491284694
80 343 0.234512043592235
1024 265 0.346336584250944
7 143 0.484849341398609
27 240 0.245793855160948
154 1023 0.243528139828218
218 219 0.245714132287996
225 1025 0.20409712911214
224 132 0.211559150431476
324 67 0.200090115224665
1026 170 0.220881440554378
165 20 0.20455408563667
76 293 0.209306295060529
36 245 0.239542257965758
1027 55 0.24398583381032
12 245 0.355502467985322
36 306 0.240212625382906
238 1 0.208055599040964
307 291 0.215159582879877
36 1028 0.222341137616692
142 348 0.223282359332417
86 306 0.279726051623004
1029 312 0.25120694347522
156 68 0.367742557863465
152 39 0.25583842779598
150 63 0.233479814191836
11 143 0.429724322801346
238 23 0.20591109374097
1030 242 0.20683662054089
43 385 0.204355266761327
188 132 0.225108755492484
67 23 0.240441064387412
32 106 0.244653210347734
30 236 0.371558831952018
1031 18 0.282449412260536
2 243 0.203462557941991
1032 221 0.2425934124939
239 132 0.2990910204777
1033 37 0.325934620058466
162 99 0.200924447645715
225 37 0.214701205371014
144 20 0.220568429942062
1034 308 0.275299435003455
43 1035 0.262257787287453
248 249 0.238885276192149
152 254 0.238498694808695
251 252 0.247180163953229
219 344 0.208698233915452
261 27 0.354923011346785
11 116 0.211980627054208
353 68 0.255422120452457
217 257 0.214029140900008
23 272 0.203560995152396
1036 321 0.201291216566647
118 47 0.255616591635132
996 129 0.225246532448368
79 253 0.252651493405832
253 277 0.250448494106861
1037 365 0.269280622759911
12 23 0.316941414408033
277 325 0.220619813553736
204 358 0.295002432881505
1038 976 0.329276919927641
1039 169 0.251255413015634
220 88 0.364670183297833
5 272 0.305945300206308
152 236 0.226456669624371
74 318 0.220786926596249
120 253 0.26559625043432
45 23 0.295532674016474
156 226 0.316033267455756
118 275 0.244973199733102
45 1 0.241746587410422
162 320 0.257875750840386
40 228 0.209859981648905
1040 295 0.215823848539192
96 158 0.204187414265933
259 229 0.219053155411084
228 70 0.27290053036467
258 274 0.229735801241499
43 1041 0.310811350886992
30 72 0.319900074198579
236 158 0.312260482445661
282 66 0.207880278340164
381 1025 0.239124387559418
134 1042 0.281011597806646
67 142 0.215538011455423
206 130 0.206516659613574
7 1 0.212644208940537
286 287 1.0
1043 340 0.267862519409596
72 48 0.302381694611965
288 300 0.204722810682744
60 1044 0.248662481283062
307 249 0.280274020625507
64 284 0.262853514061046
227 1045 0.400401743286317
1046 1013 0.225799834636952
258 65 0.510397455554242
93 287 0.273407439568224
244 68 0.355347043477442
259 1035 0.312707930714079
383 370 0.218552260149632
133 144 0.266419342498078
1047 189 0.204217049080199
18 320 0.30385708255808
33 1041 0.218368376787216
91 378 0.21865337771783
380 296 0.399936467054461
132 62 0.254973821610311
80 138 0.201865620186869
298 299 0.3252219163629
130 980 0.273837406850737
242 1025 0.243013014605879
247 244 0.281238534627842
67 272 0.277455824544462
1048 71 0.200713412693769
45 1028 0.25845095741473
1049 65 0.275217955225912
9 343 0.202425397562451
152 77 0.39067088913076
1050 128 0.201087179186001
231 369 0.33356294002651
65 128 0.260928987479697
134 1024 0.345427619565704
135 37 0.201779773530359
339 219 0.214298296204271
68 219 0.236713004044626
124 334 0.212402935517276
1051 158 0.220295050168034
304 41 0.262921452857413
983 1052 0.279532727066411
305 143 0.253705871541557
171 1053 0.22601996040524
207 276 0.225893760201209
237 40 0.29770529374858
28 1051 0.205847965389839
92 360 0.220747600765364
36 122 0.250874526145332
307 227 0.358235724887761
202 287 0.269597058456377
70 189 0.281133728101189
156 132 0.211991084881349
1054 1055 0.236422340681267
1056 1035 0.200436644945455
10 149 0.203101595318592
313 385 0.21743531205944
18 278 0.277965511375211
231 125 0.214659530998617
310 224 0.200350090219532
176 8 1.0
246 132 0.24439499174772
986 1057 0.233369203752833
1024 1058 0.324946904552744
30 223 0.259586950898722
37 974 0.279157575675826
373 1028 0.211845888502941
1059 340 0.214168629523685
270 60 0.213197116068351
225 103 0.298796358875135
44 68 0.251218839106117
1046 77 0.210225412837175
264 215 1.0
152 319 0.219574132286708
277 283 0.214729985356805
1011 386 0.206424633371507
103 239 1.0
380 1060 0.283304273285095
46 281 0.236387821711951
72 302 0.212894654646792
225 316 0.209032253473535
301 329 0.214037847803625
47 137 0.206294518264332
27 25 0.222900043413521
206 347 0.202909511896036
1061 996 0.201201104132152
1062 37 0.240494447403842
224 1063 0.323917797875837
222 274 0.259939445258761
303 375 0.224738764903237
210 94 0.212553581023468
1064 73 0.202891752002985
217 106 0.222942416622664
246 143 0.288377464527371
1065 1066 0.232484408351164
262 339 0.26211243822815
72 128 0.232426580005079
313 288 0.205770692240918
364 284 0.200899976707029
143 180 0.207275089569895
179 285 0.251921354014035
993 228 0.220889824960975
258 342 0.226398258985956
224 254 0.233772421473512
1067 337 0.218488920435148
380 982 0.31794190241124
262 22 0.251753188439668
279 380 0.208330154323951
297 41 0.251042235098178
1050 106 0.233213262719788
207 982 0.248944565520164
162 979 0.241366617764589
291 332 0.21317929365276
192 351 0.22002373019946
220 290 0.204026773224617
96 213 0.206410039625259
152 257 0.241668069730862
120 1048 0.239303033912313
88 252 0.217620044042302
1068 265 0.330672830975405
103 252 0.290846611157481
152 46 0.222997622171709
162 92 0.275545480711209
973 1069 0.259295170056622
152 22 0.237110201670955
299 332 0.204503308599387
40 289 0.200102855229385
1070 233 0.212826825282036
235 60 0.276104413258743
250 29 0.231161281229833
64 337 0.267998602577082
1071 1051 0.322971765930527
39 295 0.2264095349991
304 163 0.203543445017179
256 339 0.225630005682491
343 303 0.267714063652102
78 101 0.207230274327259
211 340 0.207186641856103
368 6 0.201734208606693
305 263 0.389262131253129
1043 78 0.247876292304492
340 356 0.236226391625738
269 1007 0.264350409694539
382 2 0.219138054836589
59 292 0.211441725621728
284 143 0.313429526711859
197 102 0.238620087036495
18 335 0.259927057726246
365 1072 0.2874433039605
65 1073 0.233681277332437
250 381 0.200488580244637
1074 986 0.238147040832997
232 1075 0.236044306512993
210 1076 0.200570351718687
156 37 0.315106261081764
113 161 0.20194892307821
380 132 0.381133748145945
1077 312 0.222739209923781
1078 1079 0.216638313940103
170 1080 0.20474932137508
1038 1066 0.339990351607752
117 138 0.249950695510961
1028 345 0.252282349765533
177 34 0.253871291199329
1081 77 0.271927878870304
382 1018 0.285797947690221
92 22 0.269461293410628
122 349 0.228561330388564
1032 266 0.263887487993561
147 0 0.250572677481069
1069 112 0.346839015591838
36 359 0.212039850075329
19 1082 0.224467810385746
56 88 0.332616089914227
44 267 0.222447926707914
313 1065 0.24037953473389
1068 330 0.225268725386988
1083 311 0.207594546595478
1047 88 0.217044239946274
279 1084 0.210115441758583
346 252 0.20243580277326
74 1085 0.244463743347767
27 52 0.230178015125108
50 1086 0.26677792191232
284 1000 0.20913602600262
1066 173 0.299859400953229
74 212 0.23865252104251
352 26 0.200153475792846
211 53 0.205496557615359
1087 1085 0.256189657572114
154 1055 0.243513856495173
1033 1040 1.0
1077 266 0.206681715705783
30 162 0.221629891268889
108 223 0.208865962475824
260 214 0.240017278834968
104 158 0.21758653592798
38 10 0.207921797619585
29 280 0.240256850697511
303 981 0.232180290612806
988 1088 0.291564368713475
1003 321 0.221420560598394
376 363 0.229395817540439
35 132 0.372956859397843
101 355 0.235963903471877
111 325 0.20449090659954
109 132 0.201665542138892
206 1089 0.26211243822815
1090 236 0.201700680272109
128 239 0.293343176882483
333 143 0.273226336460758
1091 314 0.20018443483496
152 232 0.201246703702551
1034 366 0.236379017110692
210 226 0.304941361921259
1076 264 0.209694674261558
294 1069 0.247638052410875
340 266 0.206480286281818
211 0 0.296707207058355
1092 0 0.24595398860736
39 265 0.203275794447806
382 322 0.289653672231665
54 982 0.288458360793192
307 332 0.201681959423824
986 138 0.225115906513893
999 340 0.215887078950196
1093 49 0.205979364442059
1094 376 0.297669591533742
156 367 0.212193386381606
364 91 0.249024756964551
328 320 0.219272925772695
327 99 0.216086765371676
238 368 1.0
88 207 0.202919925686441
377 1007 0.203816004409695
986 1095 0.204981986824083
279 982 0.293861402393818
282 1096 0.261902933102506
365 1006 0.252014236812489
1097 1063 0.280813690478532
33 336 0.230149629671442
263 309 0.253680453127491
1098 132 0.226362576389897
210 72 0.224817902316191
1078 1082 0.211513597435207
118 241 0.297508975512424
255 21 0.327008889337937
72 274 0.276401945534095
61 90 0.354255510841492
121 170 0.239054909579573
42 231 0.258508084793358
82 74 0.242453123836629
76 372 0.216652446588473
280 1025 0.269742695126153
56 28 0.213297442184813
249 301 0.222155873105585
12 234 0.300147158798255
230 976 0.20654124272307
1099 1095 0.209950284119502
74 107 0.276710989044823
88 287 0.204699381191031
92 320 0.306279110606433
1014 1010 0.214749870938624
154 371 0.217638607609182
143 35 0.20449090659954
30 260 0.203906085849795
234 21 0.301708581987407
116 1000 0.231772526123711
1026 136 0.227686840634039
350 344 0.285335983227
1043 1035 0.230439471965314
93 381 0.353521708484841
190 1041 0.219343214127975
1091 132 0.228779292469467
1050 317 0.20380571530972
238 142 0.213434279889458
263 1100 0.246373533712967
210 361 0.20949920247066
258 151 0.210257595396577
3 50 0.213198654931573
1040 26 0.270215649734256
46 106 0.256139547729569
376 174 0.588246395098653
203 357 0.280949140319567
253 89 0.296055891550259
237 41 0.287390407189958
74 1055 0.241313580702349
239 320 0.221695513455027
108 320 0.247248503358291
990 379 0.215687947424748
242 338 0.244215738253023
110 65 0.275707236100643
88 10 0.200559058796257
1051 320 0.307313461874556
1050 22 0.201557029647823
381 1101 0.234522729490745
331 320 0.306293142984324
72 326 0.209428715596908
167 105 0.344582371140019
72 1011 0.302381694611965
273 99 0.214039214467922
93 51 0.267446598820141
275 268 0.244470065058535
239 125 0.287906143038072
160 131 0.242308699667983
46 982 0.377779650280394
72 80 0.201909563478834
153 1102 0.266353073151023
1103 280 0.289535791065458
48 334 0.220601988604019
262 291 0.207972580491184
984 1104 0.207704077436472
93 291 0.275069473747927
41 311 0.208330154323951
27 384 0.211869086511294
186 323 0.274221460816829
382 4 0.329057915627755
1066 216 0.323106132523258
