0 1
2 3
4 5
1 6
7 8
9 10
11 12
13 14
1 15
16 17
18 19
20 21
22 23
24 25
26 27
28 29
30 31
32 33
34 35
36 37
38 39
40 41
42 43
44 45
46 47
48 49
18 50
51 52
53 54
55 56
57 58
59 60
61 62
63 64
65 66
67 68
31 69
70 71
72 25
73 74
75 76
77 78
79 80
38 29
81 82
43 83
84 71
85 86
87 88
89 90
91 92
93 75
94 60
53 95
96 97
98 99
100 52
101 102
32 103
53 104
105 106
38 107
24 108
109 110
111 112
113 57
101 114
59 115
116 117
118 119
120 121
53 122
123 124
77 125
126 127
18 24
128 129
51 130
131 132
133 134
62 50
135 62
136 35
137 138
139 31
105 140
109 127
97 16
75 141
108 142
24 135
61 58
143 144
145 52
146 147
148 149
150 151
133 152
78 125
133 153
154 155
38 57
156 60
132 157
109 158
159 127
43 20
24 160
151 160
161 162
163 164
165 149
166 167
168 169
170 124
57 167
132 136
171 172
165 50
173 174
2 4
175 176
177 178
175 179
56 180
181 182
183 184
185 108
186 117
184 180
187 182
134 92
188 189
190 191
63 192
193 99
194 106
117 147
183 136
195 196
109 117
197 174
136 174
97 124
198 148
71 52
57 29
199 97
200 92
201 190
196 202
39 29
203 204
170 98
205 206
38 143
207 208
131 209
210 99
205 158
211 212
213 6
26 85
209 174
214 215
216 217
214 78
218 219
58 220
20 221
183 35
193 222
132 204
218 223
101 21
182 174
214 97
118 208
224 225
183 204
154 61
109 226
225 78
221 21
192 142
227 228
229 230
185 40
231 232
9 233
234 178
94 220
235 236
237 238
239 62
240 1
241 242
243 90
184 60
0 244
245 144
246 244
0 247
11 248
229 249
0 250
251 252
63 247
253 254
255 228
30 83
61 256
15 233
11 257
258 259
196 260
32 62
1 257
261 262
100 263
264 82
265 266
267 268
269 62
270 51
97 69
237 51
271 90
272 273
196 274
275 172
30 141
44 276
236 277
278 234
15 56
279 228
280 281
257 282
283 284
194 16
121 285
286 48
48 287
288 96
246 257
287 289
290 102
291 22
292 93
293 294
7 282
30 263
295 296
81 48
297 257
255 298
194 299
297 248
97 300
19 301
302 303
109 304
305 306
301 164
307 74
196 308
100 42
263 304
309 108
310 238
311 312
1 251
313 314
9 248
315 316
317 318
42 319
320 321
134 322
229 172
79 323
324 325
326 190
307 43
327 316
328 228
305 274
84 329
330 271
331 182
82 300
133 308
332 333
37 334
62 335
185 336
337 338
314 35
259 238
339 328
1 282
340 341
297 250
342 43
343 40
30 173
344 110
345 346
43 110
311 231
347 51
348 236
228 236
349 350
351 304
352 135
47 353
354 233
20 355
127 356
161 19
28 351
357 358
0 86
229 324
359 316
164 182
255 62
360 361
362 274
148 68
363 260
82 128
345 364
365 239
366 12
367 62
71 368
231 369
100 370
51 4
371 250
372 318
373 134
237 223
155 228
326 173
374 375
30 376
287 377
177 378
223 269
37 379
38 380
42 381
237 382
383 384
16 385
234 36
313 386
387 121
388 51
239 389
390 74
391 392
227 393
394 73
280 262
367 233
395 396
397 348
42 110
363 320
398 323
233 399
175 400
113 301
307 401
239 141
402 403
37 45
397 404
405 37
406 135
344 262
127 45
97 33
249 407
106 408
293 409
109 410
30 281
81 340
294 276
411 232
223 276
30 38
97 357
2 412
30 404
338 407
19 413
414 5
415 134
416 417
79 403
418 351
83 303
352 419
420 348
40 391
13 157
421 318
89 8
354 422
317 13
318 423
424 158
425 265
426 17
323 233
427 204
82 428
96 429
43 430
416 310
431 71
432 433
227 434
255 51
207 145
37 62
435 254
436 437
242 438
291 396
439 336
250 440
186 441
442 173
425 211
357 404
86 443
267 444
111 6
412 445
0 446
200 447
188 294
155 448
363 395
411 449
450 451
331 294
405 452
453 276
295 454
234 455
176 456
323 138
396 160
295 457
458 459
421 460
461 454
94 361
270 302
435 444
100 97
462 370
120 463
88 304
464 148
417 465
391 41
76 466
150 284
55 467
169 62
157 468
469 289
80 62
313 470
471 263
110 269
472 233
473 474
30 432
272 195
227 298
434 374
475 412
318 444
421 6
476 6
83 232
425 477
46 45
229 407
71 336
137 318
478 132
479 55
255 480
398 332
481 300
482 69
11 89
294 127
107 158
71 483
405 45
309 484
96 156
485 389
133 66
422 486
487 62
227 42
436 447
194 488
489 490
42 74
165 129
85 242
491 345
101 295
184 492
465 238
188 28
172 383
246 493
494 22
495 483
295 142
294 316
357 300
191 174
94 496
233 169
100 120
493 490
56 138
241 497
498 277
317 274
327 310
217 308
473 62
344 499
11 251
422 500
227 501
307 122
26 176
302 459
38 262
55 502
209 503
48 103
161 135
295 361
269 300
462 300
87 504
259 505
506 43
294 148
351 300
344 404
310 507
508 300
42 509
170 510
42 177
511 69
327 512
299 513
269 364
192 92
38 45
42 185
146 514
515 465
319 350
397 249
59 516
327 249
135 451
234 517
136 518
425 10
396 34
