0 1
2 3
4 5
4 1
4 6
0 7
1 8
4 9
4 10
11 6
12 10
0 11
4 7
13 3
14 15
0 16
4 11
17 6
18 19
0 9
11 16
12 16
20 21
22 23
24 25
26 27
1 9
28 29
30 31
32 33
34 3
35 25
36 37
4 16
38 39
40 3
41 42
43 44
45 46
2 47
48 49
22 13
17 16
11 9
50 51
30 52
53 44
54 30
55 56
57 44
22 58
59 60
61 31
62 51
63 64
65 44
58 3
66 19
67 49
68 69
70 6
71 72
73 74
1 31
75 32
70 7
76 44
77 78
79 80
1 52
45 81
46 82
83 84
85 86
87 88
89 90
91 92
93 94
95 96
97 98
75 82
99 100
101 102
103 53
104 105
106 107
73 108
70 10
61 30
63 109
110 88
111 9
112 113
63 114
115 3
75 116
117 118
119 108
38 73
46 32
120 30
121 122
123 44
48 16
34 124
61 52
38 74
125 105
126 127
30 128
129 130
131 132
133 44
134 109
29 135
136 44
106 44
137 138
139 107
140 141
0 142
38 143
144 58
145 146
126 147
148 142
38 149
150 151
108 107
152 131
95 81
112 153
154 155
156 157
158 102
159 160
11 142
161 162
57 39
163 164
165 150
166 167
168 29
169 142
170 171
172 173
174 175
95 173
176 109
131 177
178 153
38 179
150 180
46 116
4 30
4 142
181 182
126 183
46 164
97 184
103 185
186 187
188 175
138 146
106 189
190 191
14 57
38 51
192 167
193 194
62 90
195 196
197 57
198 102
199 100
200 201
202 203
48 204
205 51
206 207
208 11
89 209
57 15
75 146
54 142
38 210
211 25
138 212
204 164
51 213
214 86
215 216
72 217
1 142
218 74
219 220
221 222
138 223
68 224
129 225
226 227
228 229
188 230
231 232
30 8
233 234
188 123
45 235
103 236
237 238
68 239
38 240
164 202
241 164
45 122
109 236
38 227
242 137
243 207
177 231
119 244
225 217
245 229
246 247
136 164
248 64
249 250
91 15
251 252
38 253
254 255
256 146
257 146
26 258
208 259
17 142
242 212
221 183
120 260
77 153
14 44
0 261
262 30
263 108
157 32
264 180
265 188
108 235
266 267
38 268
0 30
269 116
170 227
270 271
272 273
38 274
156 275
276 69
14 230
17 30
235 44
174 230
73 44
97 191
277 108
168 204
239 80
278 223
279 44
173 280
270 281
282 131
29 283
239 109
38 108
152 153
284 285
205 178
69 224
286 287
29 287
288 29
200 289
38 21
290 291
292 38
253 39
226 44
293 294
228 245
239 114
225 130
295 296
297 77
43 298
48 102
299 300
205 90
301 226
27 258
302 222
303 132
304 90
305 80
239 255
103 306
134 114
241 135
282 303
62 223
62 180
73 21
307 308
254 80
309 44
136 116
310 273
311 74
139 312
233 223
89 191
109 185
67 130
313 308
314 182
315 255
226 15
316 146
317 318
150 213
183 147
32 319
11 52
120 320
321 44
322 323
324 175
325 146
239 254
205 119
326 153
241 204
263 327
277 38
328 329
330 331
221 114
245 300
164 116
332 100
333 114
4 261
288 235
45 334
276 224
286 29
131 200
335 323
103 44
24 266
170 336
176 78
205 299
208 210
131 337
338 339
4 340
221 32
341 226
251 342
178 62
343 224
282 132
288 108
344 209
24 29
131 153
345 226
346 347
251 348
77 349
341 15
162 247
350 235
346 99
351 64
352 323
137 259
353 60
353 337
57 354
197 109
256 336
341 44
282 60
168 194
144 328
11 31
218 102
223 229
355 224
226 174
140 39
356 357
358 118
195 359
228 300
61 6
249 282
197 331
360 44
282 361
311 347
324 362
150 209
363 224
305 364
150 62
309 15
365 224
341 227
366 296
346 311
264 213
205 367
322 368
221 78
270 369
131 349
370 60
353 371
372 100
197 306
307 52
343 69
359 185
372 347
197 137
276 373
374 108
375 273
372 311
144 319
200 60
239 376
60 132
282 371
249 153
153 177
332 347
69 377
268 179
165 233
311 100
378 74
168 379
288 107
249 337
288 380
378 355
249 177
300 233
332 296
352 296
273 373
381 273
77 371
335 347
341 354
279 72
29 235
382 49
228 62
303 232
372 296
383 227
351 109
208 137
67 384
352 385
386 62
322 347
337 60
322 385
62 213
387 354
197 362
282 153
197 227
368 29
270 388
335 385
372 323
365 355
352 199
170 345
0 340
1 340
315 342
389 177
178 390
332 199
341 265
62 191
282 349
50 391
273 369
351 114
62 229
263 44
245 62
221 196
150 391
200 313
221 392
215 285
393 377
352 347
197 226
197 64
89 391
372 366
311 99
332 323
200 308
89 229
112 394
395 396
372 385
328 397
77 109
14 265
398 354
205 62
208 312
372 368
282 77
344 391
205 300
170 354
62 391
284 348
368 311
197 354
150 178
399 201
62 209
256 318
350 334
400 368
183 196
282 200
131 60
197 114
197 401
345 354
363 377
264 354
375 402
322 99
309 265
288 241
109 78
51 391
332 385
383 354
270 373
257 318
251 395
112 102
165 223
262 52
403 113
404 405
87 406
11 261
223 280
54 3
1 261
407 401
408 153
158 409
410 30
411 216
54 261
262 320
4 3
248 412
30 413
414 209
108 191
112 38
40 58
415 416
157 181
417 418
419 420
411 327
421 422
120 423
424 425
403 426
427 428
429 177
194 287
137 273
190 430
431 422
34 8
432 433
434 435
73 436
422 118
437 438
378 439
219 440
441 442
443 444
445 392
446 447
48 448
449 191
40 124
170 450
112 451
452 160
403 453
454 107
108 296
427 455
419 456
225 109
67 109
457 88
458 344
1 3
459 460
108 102
461 135
462 349
463 464
57 146
465 146
466 153
467 468
61 320
108 469
470 247
159 329
109 471
178 125
472 4
111 261
473 202
327 435
470 291
14 141
474 428
237 267
120 61
475 88
184 476
477 137
478 172
479 285
480 3
415 481
482 483
206 484
205 431
169 261
485 469
109 431
108 39
317 123
486 107
487 15
59 102
378 488
403 224
248 92
92 137
489 160
490 354
491 492
472 6
489 39
0 3
147 493
202 78
57 105
473 78
186 237
494 285
293 113
495 496
8 3
490 497
498 75
436 224
270 158
499 483
500 501
502 503
4 504
505 451
506 507
508 509
57 207
510 58
407 511
512 435
277 513
363 422
197 514
70 16
341 515
516 517
75 167
54 504
518 519
520 216
344 229
150 229
521 416
453 57
522 523
0 524
211 184
525 448
472 5
262 31
112 132
246 142
472 11
43 105
117 439
491 526
527 451
528 439
529 530
531 532
91 137
533 534
528 535
533 536
314 537
136 108
538 27
206 523
68 153
129 215
207 523
317 146
314 539
270 431
108 367
540 541
542 3
543 401
284 209
544 532
43 146
545 475
358 273
542 515
304 546
157 537
205 436
218 130
38 296
547 422
277 436
431 548
481 449
304 74
129 549
550 445
430 551
552 417
449 207
111 3
553 109
491 113
335 96
38 534
554 88
113 298
555 209
556 532
557 558
136 33
559 560
561 87
108 74
304 108
454 417
228 165
482 551
326 113
112 483
562 469
470 436
470 74
540 412
205 108
205 74
410 563
522 207
417 32
499 107
75 419
109 548
419 564
121 45
565 113
30 11
566 137
567 568
547 431
410 569
38 191
384 64
393 570
129 218
68 482
472 7
108 130
170 123
459 64
571 572
208 220
136 545
573 568
183 64
107 475
574 202
410 320
504 8
108 85
415 523
575 243
410 31
576 132
46 329
577 578
562 483
181 579
580 201
38 469
186 416
581 207
91 244
415 207
267 416
186 481
277 164
582 64
119 38
314 583
483 298
11 3
219 107
221 584
214 164
315 585
586 328
587 588
589 590
505 275
591 555
62 592
520 435
41 593
556 594
595 27
591 448
45 596
597 218
558 598
223 99
558 37
599 3
526 113
478 600
261 3
293 454
95 601
105 602
253 444
437 603
205 604
157 583
97 119
539 605
606 459
126 607
608 426
584 58
70 3
159 609
502 541
610 611
239 612
119 39
613 224
614 615
221 521
75 616
617 618
17 3
619 620
338 621
139 214
622 623
112 279
257 141
624 178
251 331
518 526
262 260
228 625
192 417
45 626
322 627
518 628
629 109
429 630
615 631
305 612
624 207
97 220
292 113
437 191
632 287
150 633
253 74
186 267
634 635
636 244
492 637
638 357
403 639
383 526
87 488
57 640
112 636
38 300
641 642
643 644
645 15
646 647
648 252
228 575
102 570
40 6
649 252
38 447
38 62
591 108
650 25
351 651
452 194
211 640
417 167
398 298
76 652
119 75
653 604
654 655
656 102
197 174
657 658
68 178
38 218
659 201
660 21
528 661
662 84
89 663
643 664
75 665
606 611
217 425
38 294
270 364
89 666
667 618
452 668
669 25
218 615
221 158
170 656
670 167
221 493
55 381
671 544
108 672
426 631
656 673
277 119
119 616
674 675
68 676
206 243
677 673
454 486
11 115
573 678
356 114
606 679
491 287
680 615
504 6
171 450
403 57
452 287
681 682
524 3
220 69
121 601
683 280
68 624
97 244
607 635
575 448
414 42
150 684
666 685
686 625
222 361
408 541
263 52
539 687
38 482
67 16
447 69
491 224
573 688
689 690
691 27
544 692
544 280
521 291
484 618
30 3
294 436
447 693
237 694
695 244
682 515
580 644
482 696
521 246
619 697
150 644
475 631
417 287
293 450
112 108
531 698
121 81
414 151
479 699
40 563
338 583
20 247
315 444
119 73
462 570
112 616
469 700
591 701
106 310
589 517
359 702
252 666
286 669
703 401
254 704
112 119
411 705
539 583
641 706
351 707
115 88
708 64
48 136
136 217
125 273
57 417
709 261
46 167
533 710
711 712
38 243
482 107
95 184
521 209
311 32
713 3
181 449
516 714
186 715
426 107
119 102
512 411
53 100
109 625
251 288
716 191
567 717
97 75
168 235
526 718
446 56
403 298
459 588
719 157
221 635
720 439
721 636
605 158
695 665
277 102
722 455
723 146
34 9
282 724
115 362
487 725
726 475
727 515
728 729
730 731
528 431
732 733
458 734
735 142
485 445
723 123
219 277
529 39
716 107
282 243
170 273
665 113
486 298
68 207
65 107
282 553
562 38
736 625
452 417
49 9
591 164
539 737
738 15
606 159
57 21
288 739
740 693
335 11
636 57
219 482
485 88
741 526
93 258
201 435
223 742
441 625
200 482
208 743
744 261
591 158
404 501
745 21
591 102
486 746
648 194
539 747
605 181
635 748
567 428
614 631
749 522
553 548
20 291
108 294
750 469
24 235
205 751
752 203
128 260
119 33
119 218
753 113
499 433
754 509
178 482
755 102
756 296
757 451
112 758
38 513
426 493
170 236
745 291
85 214
75 227
542 64
516 35
332 607
214 252
650 423
277 450
277 112
106 602
128 435
573 759
206 760
761 762
119 44
119 390
518 113
93 465
74 244
119 164
763 209
597 108
539 764
453 636
18 167
106 447
562 108
675 406
765 261
744 448
473 766
767 501
559 658
277 700
762 666
624 502
403 631
469 230
315 158
106 9
768 57
769 115
286 631
744 770
556 280
63 738
771 119
68 613
119 158
772 158
528 109
606 483
163 636
773 463
77 594
683 712
147 733
129 48
119 227
624 541
627 15
192 551
575 472
741 644
446 10
221 664
708 436
774 775
499 631
624 57
776 291
516 25
556 692
173 33
716 777
192 673
689 581
508 243
606 778
410 250
131 528
284 442
679 64
70 472
46 33
41 779
606 555
591 780
162 194
314 781
686 416
753 604
57 247
522 555
358 665
667 782
14 636
158 74
211 235
783 784
554 785
26 786
787 298
219 97
205 422
655 788
573 357
214 107
472 524
771 158
293 207
789 218
45 44
482 448
624 244
483 185
462 243
170 417
790 207
791 526
550 243
410 448
792 793
337 794
144 795
41 644
155 116
61 413
170 194
106 642
542 88
796 413
797 31
139 103
119 448
426 486
276 798
335 122
510 88
606 473
799 384
35 800
499 801
682 788
470 102
270 425
403 108
671 786
273 663
38 102
473 102
461 136
522 204
619 635
208 802
292 379
426 109
803 226
559 108
472 10
106 804
262 435
59 673
558 74
153 507
805 784
486 44
424 806
512 107
499 748
708 464
807 702
808 718
760 418
48 417
410 809
617 642
38 207
57 447
483 33
75 107
97 101
479 810
40 811
131 812
552 468
169 3
46 695
445 182
401 146
127 209
4 260
353 813
168 108
499 625
219 207
219 38
219 453
591 184
528 640
556 798
69 629
478 678
531 814
708 158
13 11
40 815
183 109
277 69
816 113
237 817
818 551
126 108
819 213
820 793
660 602
112 448
206 618
219 821
822 395
823 824
204 246
277 825
826 827
466 688
31 3
828 640
284 829
270 539
150 830
831 697
218 832
108 44
833 486
58 834
472 448
57 246
453 468
168 38
835 261
97 153
68 541
284 658
836 44
484 406
454 672
837 57
610 464
292 526
106 236
131 813
502 107
59 39
335 481
455 336
172 630
253 64
45 329
384 759
629 431
838 541
108 184
716 660
148 786
65 224
839 684
38 92
573 108
414 840
841 435
842 320
150 664
419 153
221 747
843 56
542 9
103 844
845 631
63 69
168 243
414 846
454 108
847 37
848 224
499 830
807 849
68 57
188 104
637 850
827 731
205 202
273 230
417 173
410 52
410 94
851 53
101 74
823 185
109 435
97 204
605 719
852 612
610 797
760 515
426 113
833 602
853 476
97 149
854 855
856 7
284 397
220 450
91 663
857 786
220 395
858 21
154 298
680 247
361 731
112 482
859 414
58 15
454 207
286 640
108 673
119 191
860 351
614 640
115 9
119 450
41 625
554 20
75 824
554 861
332 379
862 213
632 417
473 651
454 513
863 864
828 405
26 865
838 563
866 207
554 347
867 818
263 235
89 15
198 109
112 832
482 515
491 57
89 39
528 448
828 617
176 868
869 21
75 164
48 660
859 741
870 537
871 209
573 57
219 483
562 872
746 541
768 105
521 684
65 450
361 873
518 684
701 493
482 207
459 433
103 203
516 482
417 623
75 224
154 417
41 874
139 203
106 336
340 320
38 44
529 392
575 108
154 184
430 32
322 384
54 683
97 388
648 875
646 644
75 502
591 435
876 698
98 224
51 294
877 493
828 329
510 38
878 685
879 189
858 291
562 658
635 658
880 74
103 21
577 604
0 88
604 57
355 881
131 882
219 108
43 534
655 109
563 84
491 246
414 883
32 116
884 190
208 885
753 495
886 127
607 127
887 888
889 890
38 591
249 695
119 107
251 891
48 74
38 551
68 662
46 665
220 145
43 570
46 616
410 1
108 450
869 291
472 892
777 287
417 821
703 893
314 530
487 894
895 380
77 260
375 105
131 69
38 308
896 897
898 555
374 158
57 74
237 260
504 3
899 666
900 37
482 329
901 414
808 348
703 902
903 734
521 704
314 904
311 223
491 39
741 577
46 57
171 74
145 519
636 905
38 164
906 15
311 227
123 105
43 907
466 326
241 908
338 44
403 417
454 194
839 830
403 613
293 909
403 768
667 528
48 184
519 224
219 367
491 851
183 114
910 413
683 44
904 156
414 145
417 630
279 911
112 591
382 687
480 912
783 354
75 787
188 913
466 113
157 798
152 576
552 57
218 875
417 194
914 44
461 30
170 602
11 88
403 915
771 49
842 102
765 5
916 693
129 49
422 917
32 44
46 37
403 119
106 277
774 227
491 320
880 918
496 919
744 528
123 784
839 731
106 401
170 672
575 693
13 406
142 258
30 920
921 922
131 923
410 924
348 435
57 191
129 45
97 39
225 616
925 578
926 173
839 180
582 662
421 207
489 602
302 905
97 92
40 515
478 785
614 519
591 760
20 107
288 246
119 204
499 672
927 664
83 662
514 3
159 287
192 72
649 686
709 215
928 508
929 636
403 493
636 397
363 364
248 930
206 742
745 854
931 602
208 459
360 201
269 100
279 922
370 932
933 66
606 934
499 151
316 531
562 394
935 9
799 74
110 87
845 658
17 504
936 105
415 49
467 44
504 599
293 937
680 501
219 938
939 194
933 940
75 482
106 203
218 687
108 824
131 465
545 162
286 941
219 60
630 942
192 116
29 118
713 142
943 701
755 119
528 548
454 273
286 107
744 471
194 167
660 44
944 202
221 107
774 696
195 44
898 151
739 864
316 945
635 470
211 224
475 488
168 136
422 392
573 946
414 261
753 415
314 947
4 948
941 643
552 275
867 291
119 555
512 296
195 770
842 616
643 712
482 541
140 51
119 118
949 333
112 73
477 64
109 232
950 541
491 379
951 224
787 227
951 69
446 131
655 505
112 873
65 952
574 953
68 87
518 827
430 602
97 418
103 107
954 364
408 955
169 258
322 956
799 706
253 505
314 574
426 224
957 406
886 578
559 127
38 329
383 770
886 577
270 687
526 145
660 191
202 913
119 768
958 53
225 108
473 959
263 72
960 329
539 158
270 422
887 812
14 961
484 207
41 846
208 934
178 962
129 668
484 617
639 123
482 224
304 422
851 620
963 658
741 915
790 227
414 8
403 964
134 702
965 425
165 932
70 504
61 4
966 464
757 586
307 235
475 694
355 602
74 425
119 137
504 11
624 693
63 244
286 244
728 394
636 627
17 23
646 449
504 243
744 323
314 714
41 555
771 854
170 770
903 501
223 830
134 207
195 224
215 418
147 416
763 414
476 483
218 191
414 615
108 329
635 21
538 890
790 967
248 450
790 447
414 664
26 142
873 897
472 3
38 968
526 673
820 177
125 395
482 436
38 795
414 6
73 204
106 969
669 235
970 261
41 971
106 572
431 142
771 972
472 551
63 447
68 821
