1 4 0.7644 5
1 24 0.98974 11
1 43 0.55275 7
2 28 0.83137 3
2 34 0.64183 4
2 36 0.76641 5
2 47 0.95378 10
3 4 0.91725 5
3 21 0.80358 2
3 46 0.61686 9
4 8 0.60825 5
4 19 0.77874 9
4 21 0.76556 5
4 24 0.75214 13
4 39 0.98921 7
4 48 0.92099 6
5 16 0.7374 3
5 26 0.60414 5
5 47 0.50891 10
5 59 0.72007 6
6 15 0.90765 5
6 46 0.94728 8
7 11 0.58732 3
7 23 0.56503 3
7 46 0.88194 9
7 58 0.95089 6
8 20 0.74155 6
8 47 0.61588 9
9 10 0.58571 5
9 19 0.53355 8
9 29 0.94651 7
9 43 0.57661 8
9 58 0.82178 7
10 20 0.62144 7
10 24 0.51523 12
10 31 0.77956 4
10 47 0.87801 11
10 60 0.58366 6
11 12 0.70216 2
11 24 0.68405 11
12 27 0.58229 2
13 19 0.90135 7
13 36 0.69126 4
13 53 0.55559 7
14 24 0.91368 10
14 52 0.88489 3
15 20 0.62181 9
15 24 0.66243 14
15 27 0.95758 6
15 32 0.86178 5
15 37 0.68734 5
15 44 0.71887 7
15 47 0.56317 12
15 53 0.55663 10
16 39 0.55938 4
17 35 0.91552 3
17 56 0.73705 8
18 24 0.69817 11
18 25 0.50026 2
18 47 0.80935 9
19 24 0.94214 15
19 28 0.86167 7
19 34 0.9211 7
19 40 0.89218 8
19 44 0.54909 8
19 47 0.96123 13
19 50 0.62837 8
19 56 0.87338 13
20 22 0.76762 6
20 29 0.63511 9
20 42 0.63746 7
20 45 0.86876 7
20 47 0.63864 12
20 56 0.58954 12
22 36 0.61094 5
22 39 0.90819 5
22 46 0.71041 9
23 40 0.9345 3
24 26 0.81414 12
24 30 0.64848 10
24 32 0.75065 10
24 35 0.67213 11
24 39 0.73165 13
24 46 0.54176 17
24 47 0.69876 17
24 52 0.92255 12
24 53 0.7059 15
24 57 0.59988 12
24 60 0.83421 13
25 33 0.50135 2
26 29 0.76074 8
26 45 0.83395 5
26 54 0.9693 5
26 59 0.73335 7
27 46 0.54308 9
28 40 0.82652 4
29 33 0.58164 6
29 38 0.92139 6
29 41 0.56948 12
29 42 0.77361 8
29 47 0.75613 13
29 48 0.58833 7
29 52 0.72102 7
30 46 0.92284 8
31 46 0.57903 9
31 55 0.96764 6
33 34 0.74312 3
34 41 0.73778 9
35 37 0.51976 3
35 46 0.57059 9
36 47 0.55985 11
36 50 0.9838 6
36 56 0.78687 10
38 55 0.93423 6
39 46 0.58057 11
39 51 0.63416 6
39 58 0.6247 8
40 42 0.97321 5
40 60 0.74825 6
41 43 0.61964 13
41 45 0.52574 10
41 53 0.6134 13
41 56 0.94182 15
41 58 0.85404 12
41 60 0.73962 11
41 68 0.86286 8
41 76 0.58674 12
41 78 0.96817 9
41 82 0.73974 10
41 93 0.92805 10
41 96 0.97643 9
41 100 0.54698 9
42 55 0.63371 8
42 61 0.70853 4
42 66 0.59809 4
43 59 0.93749 10
43 63 0.94667 13
43 67 0.92964 8
43 73 0.78942 7
43 77 0.65283 9
43 78 0.97332 8
43 93 0.90604 9
43 94 0.81191 7
43 99 0.69941 7
44 60 0.84824 6
44 70 0.93232 6
44 85 0.97323 5
45 56 0.61261 10
45 59 0.93639 7
46 47 0.61658 15
46 49 0.62837 9
46 51 0.85795 10
46 67 0.97135 10
46 76 0.67701 12
47 50 0.60007 11
47 54 0.6736 10
47 63 0.57621 15
47 89 0.64903 10
48 62 0.59366 3
48 77 0.82138 6
48 79 0.89112 7
49 60 0.79603 5
49 63 0.8386 9
49 76 0.61197 7
50 53 0.64153 9
50 72 0.80987 5
50 79 0.62026 7
51 56 0.73224 10
51 71 0.83461 3
51 97 0.72369 4
52 63 0.93829 9
52 76 0.77483 7
53 54 0.87579 8
53 57 0.83125 8
53 63 0.58395 13
53 66 0.70461 7
53 70 0.71122 9
53 76 0.52566 11
53 95 0.79716 7
54 75 0.55118 7
54 98 0.56187 4
55 56 0.89898 12
55 58 0.93262 9
55 61 0.9254 6
55 74 0.79061 6
55 76 0.62806 10
55 80 0.92874 7
55 98 0.5724 6
56 58 0.73169 12
56 59 0.99875 12
56 70 0.83276 11
56 72 0.53575 10
56 76 0.86516 12
56 84 0.93676 9
56 97 0.78971 9
57 58 0.62478 7
57 76 0.99734 7
57 77 0.77265 6
58 70 0.54199 8
58 75 0.83298 9
59 73 0.51946 5
59 81 0.69266 5
59 88 0.61928 5
59 98 0.85689 6
60 70 0.70016 7
61 82 0.87335 4
62 76 0.70773 6
63 66 0.70219 8
63 68 0.57303 8
63 69 0.63304 8
63 74 0.58075 8
63 75 0.68864 12
63 83 0.62413 8
63 85 0.71442 9
63 91 0.55954 8
63 94 0.98125 8
64 79 0.61326 5
64 100 0.78947 2
65 72 0.55976 4
65 90 0.62401 3
65 92 0.81251 3
67 70 0.81533 6
67 71 0.52558 3
67 75 0.87364 7
69 79 0.54229 5
70 87 0.53703 5
72 75 0.54451 7
72 93 0.60201 5
74 91 0.85382 3
75 78 0.74008 7
75 89 0.79619 7
75 94 0.56298 6
75 95 0.75534 6
75 96 0.5599 6
76 80 0.81902 7
77 79 0.57896 8
77 85 0.55061 6
77 87 0.90932 5
77 90 0.95391 5
78 88 0.79222 3
79 86 0.63883 5
79 89 0.9256 6
79 90 0.879 6
79 97 0.64392 6
80 83 0.7323 3
80 96 0.97108 4
80 100 0.62894 4
81 84 0.69168 2
82 85 0.66864 5
82 92 0.53941 4
82 95 0.98767 4
84 85 0.62407 4
86 87 0.72533 2
89 93 0.77519 5
91 92 0.8565 3
93 97 0.64109 5
93 99 0.63156 4
