0 1 0 0 9 1 7 0 0 -1 0 -2 0 1 0 
-3 -6 -15 0 -25 -101 -30 -28 -1 -2 -3 1 0 0 0 
0 0 0 0 -5 -1 -8 0 0 1 0 -1 0 0 0 
1 8 6 1 28 61 18 14 1 20 5 0 2 1 0 
0 -3 0 0 -21 -6 -33 0 -1 -1 0 -2 0 0 0 
-1 -6 -2 0 -34 -30 -19 -1 -2 0 0 -3 0 0 0 
0 -5 0 0 -20 -13 -17 0 -1 0 0 -5 0 0 0 
1 5 1 1 30 10 -17 0 1 15 1 -1 0 3 0 
1 11 4 0 59 68 45 6 4 0 0 7 0 0 0 
0 1 -1 1 -6 -11 -23 -3 0 10 2 -3 1 3 0 
-4 -14 -15 -3 -99 -119 7 -21 -4 -43 -11 -2 -2 -1 0 
-1 -16 -2 0 -71 -34 -49 -1 -1 0 0 -7 0 0 0 
1 10 2 0 60 26 41 1 5 0 0 4 0 0 0 
0 -1 0 0 -4 0 -2 0 0 -1 0 -1 0 0 0 
1 0 8 0 7 53 -22 24 2 -8 4 -2 0 2 0 
0 0 0 0 -2 0 0 0 0 0 0 0 0 0 0 
0 1 0 0 13 1 12 0 0 0 0 1 0 0 0 
0 -2 0 0 -8 -2 -28 0 0 -2 0 -1 0 0 0 
9 37 51 3 131 578 68 131 25 33 32 5 2 3 0 
5 18 24 6 77 225 36 45 2 82 28 5 7 4 0 
0 1 0 0 7 0 4 0 0 1 0 1 0 0 0 
1 7 3 0 30 40 11 2 3 -1 1 4 0 0 0 
-1 -5 -2 0 -22 -15 -12 -1 -1 0 0 0 0 0 0 
0 2 1 -1 -17 40 -11 18 1 -6 -19 -1 1 0 0 
0 0 0 0 -1 0 0 0 0 0 0 0 0 0 0 
-1 -3 -4 -2 -14 -31 7 -4 0 -27 -10 4 -1 -1 0 
-6 -34 -30 -3 -190 -312 -105 -64 -16 -60 -17 -10 -2 -3 0 
1 6 1 1 54 7 21 0 1 12 1 3 0 0 0 
0 -4 -2 2 -24 -50 -46 -15 -8 24 14 -6 1 3 0 
-1 -5 -1 -1 -22 -17 -5 0 -1 -19 0 -2 -1 -1 0 
0 -2 0 0 -24 -4 -21 0 0 0 0 -2 0 0 0 
0 1 0 0 1 0 7 0 0 1 0 -1 0 0 0 
0 1 0 0 3 2 0 0 0 0 0 2 0 0 0 
1 7 3 0 56 37 29 3 3 0 0 4 0 0 0 
0 -1 0 0 -8 -2 -10 0 0 -1 0 -3 0 0 0 
0 0 0 0 5 -13 -16 0 9 -5 0 1 0 0 0 
0 1 0 0 -1 1 7 0 0 0 0 0 0 0 0 
0 -1 0 0 -16 -1 -10 0 0 0 0 1 0 0 0 
0 1 0 0 9 8 2 0 0 -2 0 -3 0 0 0 
1 6 3 1 28 30 21 3 0 10 3 3 0 0 0 
0 3 0 0 16 29 11 0 4 3 0 1 0 1 0 
-1 -14 -6 0 -37 -101 -87 -14 -3 -9 0 -5 -1 1 0 
0 -2 0 0 -6 -21 6 0 1 -5 0 -6 0 1 0 
1 10 4 0 44 53 43 5 5 -1 1 4 0 0 0 
0 -2 -1 1 -18 -25 -11 -1 0 17 -1 0 2 0 0 
-1 -13 -13 -2 -27 -218 -49 -73 -4 -27 -29 0 -3 -2 0 
-2 -12 -33 0 -6 -352 -56 -229 -3 -20 -30 -7 3 -1 0 
-1 -14 -5 0 -76 -80 -86 -9 -6 -7 -1 -6 0 0 0 
0 -1 0 0 -23 -2 -6 0 0 -1 0 -1 0 0 0 
2 5 9 0 30 108 -48 12 7 -7 4 0 0 -1 0 
-1 -7 -4 -1 -36 -43 -11 -5 -3 -18 -4 0 -1 -1 0 
-1 -7 -5 0 -32 -67 -15 -9 -8 0 -1 -1 0 0 0 
0 4 0 0 17 33 22 0 5 1 0 -1 0 0 0 
-1 1 -4 -1 -3 -31 -5 -6 2 -8 -4 0 0 -1 0 
-1 -12 -9 -1 -29 -146 -69 -33 0 -15 -11 -5 -1 0 0 
1 14 13 1 21 236 53 72 9 5 17 7 2 0 0 
0 1 0 0 5 4 8 0 0 0 0 -1 0 0 0 
1 10 8 0 30 121 40 25 5 2 3 1 0 0 0 
0 -9 0 0 -51 -55 -2 0 -5 -9 0 -8 0 1 0 
-1 -13 -7 0 -28 -142 -93 -19 0 1 -2 -7 0 0 0 
0 -2 0 0 -25 -2 -13 0 0 0 0 1 0 -1 0 
0 -1 0 0 -16 -1 -4 0 0 0 0 0 0 0 0 
1 4 12 1 -14 95 -8 64 3 7 13 0 1 0 0 
-2 -16 -2 -3 -94 -28 -80 -1 -3 -28 0 -4 -3 -3 0 
-5 -28 -23 -2 -170 -200 -109 -44 -11 -8 -10 -13 -1 -3 0 
-1 -7 -3 0 -37 -49 -14 -2 0 1 -1 -1 0 0 0 
0 7 0 0 12 20 23 0 4 0 0 -1 0 0 0 
0 1 0 0 7 1 11 0 0 0 0 1 0 0 0 
0 -6 0 0 -36 -4 -60 0 -1 0 0 -5 0 0 0 
0 2 0 0 26 6 14 0 2 2 0 1 0 0 0 
0 -1 0 0 0 -1 -3 0 0 0 0 -1 0 0 0 
3 17 9 0 91 114 56 10 4 0 0 4 0 0 0 
-6 -36 -21 -6 -152 -266 -186 -22 -11 -60 -26 -11 -8 -3 0 
0 0 0 0 -8 -1 2 0 0 1 0 0 0 0 0 
8 34 43 1 185 331 99 112 17 11 8 5 0 1 0 
0 -2 0 0 -10 -15 -11 0 -1 -1 0 -2 0 0 0 
0 -9 0 0 -52 -34 -61 0 -2 -14 0 -6 0 -1 0 
1 8 3 0 14 39 34 2 5 0 1 1 0 0 0 
-7 -42 -78 -6 -169 -669 -151 -385 -20 -65 -84 -12 -7 -5 0 
0 -1 0 0 -10 -3 -7 0 0 -1 0 -2 0 0 0 
-2 -22 -5 0 -86 -72 -116 -4 -7 0 0 -10 0 0 0 
0 1 0 0 7 4 1 0 0 0 0 0 0 0 0 
0 1 0 0 3 1 11 0 0 0 0 1 0 0 0 
0 -1 0 0 -6 -2 9 0 0 0 0 1 0 0 0 
0 2 0 0 5 8 14 0 0 0 0 1 0 0 0 
0 -7 0 0 -42 -7 -71 0 0 0 0 -6 0 0 0 
0 0 0 0 -14 0 0 0 0 0 0 0 0 0 0 
-1 -14 -2 0 -57 -35 -95 -1 -2 0 0 -8 0 0 0 
1 2 4 -1 2 63 -43 4 4 -26 -1 1 0 -2 0 
-1 -15 -1 -2 -89 -16 -76 0 -4 -29 -1 -5 -2 -3 0 
0 1 0 0 -2 1 10 0 0 1 0 1 0 0 0 
0 -5 0 0 -26 -10 -18 0 0 0 0 -2 0 0 0 
0 3 0 0 4 13 6 0 1 0 0 -1 0 0 0 
1 8 1 1 18 14 28 0 2 19 0 0 1 0 0 
1 9 2 0 40 29 35 1 2 0 0 1 0 0 0 
1 9 2 0 37 32 35 1 2 0 0 1 0 0 0 
-1 -14 -4 0 -48 -73 -81 -5 -6 0 -1 -8 0 0 0 
0 -2 0 0 -20 -4 -11 0 0 0 0 -2 0 0 0 
0 0 0 0 1 0 0 0 0 0 0 0 0 0 0 
-1 -7 -2 -1 -57 -30 -12 -1 -1 -4 -2 -4 0 -2 0 
