3 34 2 1 142 45 187 0 0 19 1 19 0 2 0 
4 23 5 1 138 45 90 2 3 16 2 11 0 1 0 
3 20 2 1 92 30 96 0 2 6 1 10 0 0 0 
8 37 24 4 191 190 141 35 4 57 18 17 3 2 0 
4 27 5 1 148 64 118 2 3 9 2 14 0 1 0 
2 22 1 0 107 16 108 0 3 0 0 11 0 0 0 
4 25 6 0 138 71 110 4 2 0 0 10 0 0 0 
3 28 2 1 155 31 119 0 2 15 1 14 0 3 0 
5 43 10 0 253 154 157 10 9 0 0 17 0 0 0 
6 47 12 3 239 151 220 10 7 56 8 16 2 7 0 
3 22 3 0 96 42 140 1 1 0 0 16 0 0 0 
2 4 1 0 43 4 2 0 0 0 0 0 0 0 0 
3 26 3 0 167 40 99 1 6 0 0 11 0 0 0 
2 20 0 1 103 0 124 0 0 20 0 15 0 0 0 
9 53 32 4 233 308 239 60 14 72 20 17 4 8 0 
2 9 1 0 72 9 13 0 0 0 0 5 0 0 0 
2 17 1 0 107 17 84 0 0 0 0 10 0 0 0 
3 32 2 1 140 33 209 0 0 23 1 18 0 4 0 
11 70 51 4 279 578 305 131 25 58 32 24 2 7 0 
9 53 30 6 275 312 175 49 11 82 28 18 7 4 0 
2 7 0 1 50 0 12 0 0 7 0 3 0 0 0 
4 31 5 1 168 67 113 2 4 14 2 13 0 2 0 
2 7 1 0 45 7 8 0 0 0 0 1 0 0 0 
19 75 155 16 263 1100 195 723 35 168 220 12 26 6 0 
2 4 1 0 43 4 1 0 0 0 0 1 0 0 0 
6 42 13 2 212 171 193 13 11 15 6 21 1 1 0 
3 23 3 0 107 40 108 1 3 0 0 11 0 0 0 
3 15 2 1 95 14 38 0 2 12 1 4 0 0 0 
10 58 43 2 296 456 212 105 18 24 14 20 1 3 0 
2 30 0 1 113 0 199 0 0 24 0 15 0 3 0 
3 28 3 0 138 50 123 1 3 0 0 14 0 0 0 
2 24 0 1 108 0 143 0 0 20 0 14 0 2 0 
3 13 3 0 83 24 37 1 1 0 0 2 0 0 0 
4 29 6 0 166 79 129 4 4 0 0 11 0 0 0 
4 32 5 1 129 64 199 2 1 24 2 15 0 3 0 
6 38 13 2 214 136 161 13 11 30 6 19 1 1 0 
2 11 1 0 81 9 26 0 1 0 0 5 0 0 0 
2 18 1 0 95 16 66 0 1 0 0 6 0 0 0 
7 47 17 4 195 198 207 19 4 66 12 15 4 5 0 
5 22 9 1 140 74 54 7 2 10 3 7 0 0 0 
15 80 99 6 325 963 237 382 33 77 68 13 5 7 0 
6 30 13 2 165 122 75 12 2 22 8 9 0 1 0 
12 53 61 5 246 505 173 172 13 50 46 12 2 1 0 
5 32 9 1 205 104 89 7 7 10 3 10 0 0 0 
5 41 6 4 195 87 162 2 4 63 4 13 4 3 0 
15 62 98 7 260 730 210 373 21 86 73 21 9 5 0 
16 88 108 12 278 1086 319 413 41 136 126 14 21 8 0 
5 29 9 1 133 104 82 7 0 10 3 6 0 1 0 
4 40 5 1 197 89 182 2 5 21 2 17 0 0 0 
6 49 13 2 243 182 192 13 12 35 6 17 1 2 0 
5 34 8 2 172 97 154 4 3 29 6 13 0 2 0 
5 48 9 1 222 153 259 7 11 17 3 27 0 0 0 
12 77 61 5 322 696 313 173 34 77 44 27 3 3 0 
5 42 10 0 225 142 187 10 13 0 0 20 0 0 0 
10 41 41 4 217 304 111 90 6 47 28 9 2 3 0 
15 77 96 9 302 923 205 349 26 97 95 20 11 3 0 
5 48 8 2 239 133 219 5 8 39 4 24 1 2 0 
9 63 33 3 288 409 221 66 18 53 15 16 3 3 0 
9 34 32 4 188 225 119 58 6 31 24 10 2 2 0 
7 50 19 2 254 249 231 25 11 27 10 24 0 1 0 
3 16 2 1 79 20 36 0 0 12 1 4 0 0 0 
2 13 1 0 93 13 35 0 0 0 0 7 0 0 0 
14 60 87 4 287 707 216 317 21 31 46 22 1 0 0 
2 10 1 0 39 10 27 0 0 0 0 2 0 0 0 
3 8 3 0 51 16 7 1 0 0 0 1 0 0 0 
3 27 2 1 141 32 112 0 0 22 1 9 0 0 0 
5 41 10 0 181 154 182 10 5 0 0 15 0 0 0 
2 27 1 0 134 23 159 0 2 0 0 10 0 0 0 
2 21 1 0 80 21 100 0 0 0 0 6 0 0 0 
7 45 19 2 269 220 162 25 11 24 10 12 0 2 0 
2 8 1 0 71 6 10 0 1 0 0 2 0 0 0 
5 35 10 0 177 128 134 10 6 0 0 14 0 0 0 
2 17 0 1 70 0 59 0 0 17 0 7 0 0 0 
3 22 2 1 99 31 95 0 0 13 1 7 0 0 0 
10 43 44 1 258 340 114 112 17 11 8 6 0 1 0 
10 66 39 6 290 455 264 76 19 93 40 16 4 4 0 
7 31 19 2 148 166 79 26 2 16 8 7 1 0 0 
4 33 5 1 144 64 151 2 6 21 2 8 0 1 0 
9 22 34 2 142 158 22 71 3 12 12 3 1 0 0 
5 21 9 1 132 62 52 7 3 14 3 6 0 1 0 
2 10 1 0 49 8 25 0 1 0 0 4 0 0 0 
5 24 10 0 135 94 93 10 1 0 0 7 0 0 0 
2 17 1 0 79 17 79 0 0 0 0 5 0 0 0 
3 19 3 0 108 36 88 1 1 0 0 9 0 0 0 
5 29 10 0 144 114 99 10 1 0 0 7 0 0 0 
2 10 1 0 31 8 27 0 1 0 0 2 0 0 0 
3 13 3 0 78 24 26 1 1 0 0 4 0 0 0 
2 11 1 0 63 9 26 0 1 0 0 5 0 0 0 
4 37 6 0 163 101 162 4 5 0 0 17 0 0 0 
3 14 2 1 47 16 32 0 0 10 1 0 0 1 0 
3 15 2 1 73 17 64 0 0 13 1 3 0 0 0 
3 8 3 0 41 16 7 1 0 0 0 1 0 0 0 
6 32 13 2 181 119 119 13 5 29 6 7 1 1 0 
3 29 1 2 108 14 122 0 2 40 0 6 1 0 0 
3 24 3 0 132 42 91 1 3 0 0 6 0 0 0 
3 27 3 0 130 46 125 1 4 0 0 8 0 0 0 
4 29 5 1 133 65 106 2 3 16 2 13 0 0 0 
3 21 3 0 107 38 62 1 2 0 0 8 0 0 0 
2 14 0 1 73 0 48 0 0 12 0 3 0 1 0 
3 19 3 0 101 34 90 1 2 0 0 7 0 0 0 
