3 33 2 1 133 44 180 0 0 20 1 21 0 1 0 
7 29 20 1 163 146 120 30 4 18 5 10 0 1 0 
3 20 2 1 97 31 104 0 2 5 1 11 0 0 0 
7 29 18 3 163 129 123 21 3 37 13 17 1 1 0 
4 30 5 1 169 70 151 2 4 10 2 16 0 1 0 
3 28 3 0 141 46 127 1 5 0 0 14 0 0 0 
4 30 6 0 158 84 127 4 3 0 0 15 0 0 0 
2 23 1 0 125 21 136 0 1 0 0 15 0 0 0 
4 32 6 0 194 86 112 4 5 0 0 10 0 0 0 
6 46 13 2 245 162 243 13 7 46 6 19 1 4 0 
7 36 18 3 195 161 133 22 5 43 11 18 2 1 0 
3 20 3 0 114 38 51 1 1 0 0 7 0 0 0 
2 16 1 0 107 14 58 0 1 0 0 7 0 0 0 
2 21 0 1 107 0 126 0 0 21 0 16 0 0 0 
8 53 24 4 226 255 261 36 12 80 16 19 4 6 0 
2 9 1 0 74 9 13 0 0 0 0 5 0 0 0 
2 16 1 0 94 16 72 0 0 0 0 9 0 0 0 
3 34 2 1 148 35 237 0 0 25 1 19 0 4 0 
2 33 0 1 148 0 237 0 0 25 0 19 0 4 0 
4 35 6 0 198 87 139 4 9 0 0 13 0 0 0 
2 6 0 1 43 0 8 0 0 6 0 2 0 0 0 
3 24 2 1 138 27 102 0 1 15 1 9 0 2 0 
3 12 3 0 67 22 20 1 1 0 0 1 0 0 0 
19 73 154 17 280 1060 206 705 34 174 239 13 25 6 0 
2 4 1 0 44 4 1 0 0 0 0 1 0 0 0 
7 45 17 4 226 202 186 17 11 42 16 17 2 2 0 
9 57 33 3 297 352 213 65 19 60 17 21 2 3 0 
2 9 1 0 41 7 17 0 1 0 0 1 0 0 0 
10 62 45 0 320 506 258 120 26 0 0 26 0 0 0 
3 35 1 2 135 17 204 0 1 43 0 17 1 4 0 
3 30 3 0 162 54 144 1 3 0 0 16 0 0 0 
2 23 0 1 107 0 136 0 0 19 0 15 0 2 0 
3 12 3 0 80 22 37 1 1 0 0 0 0 0 0 
3 22 3 0 110 42 100 1 1 0 0 7 0 0 0 
4 33 5 1 137 66 209 2 1 25 2 18 0 3 0 
6 38 13 2 209 149 177 13 2 35 6 18 1 1 0 
2 10 1 0 82 8 19 0 1 0 0 5 0 0 0 
2 19 1 0 111 17 76 0 1 0 0 5 0 0 0 
7 46 17 4 186 190 205 19 4 68 12 18 4 5 0 
4 16 6 0 112 44 33 4 2 0 0 4 0 0 0 
15 77 99 6 309 934 226 382 29 74 68 12 5 6 0 
7 44 19 2 202 223 162 26 5 31 8 14 1 0 0 
12 55 61 5 252 526 167 172 12 55 46 18 2 0 0 
4 22 5 1 161 51 46 2 2 11 2 6 0 0 0 
5 43 7 3 213 112 173 3 4 46 5 13 2 3 0 
16 75 111 9 287 948 259 446 25 113 102 21 12 7 0 
18 100 141 12 284 1438 375 642 44 156 156 21 18 9 0 
6 43 14 1 209 184 168 16 6 17 4 12 0 1 0 
4 41 5 1 220 91 188 2 5 22 2 18 0 0 0 
4 44 4 2 213 74 240 1 5 42 2 17 1 3 0 
6 41 12 3 208 140 165 9 6 47 10 13 1 3 0 
6 55 14 1 254 220 274 16 19 17 4 28 0 0 0 
12 73 61 5 305 663 291 173 29 76 44 28 3 3 0 
6 41 14 1 228 173 192 16 11 8 4 20 0 1 0 
11 53 50 5 246 450 180 123 6 62 39 14 3 3 0 
14 63 83 8 281 687 152 277 17 92 78 13 9 3 0 
5 47 8 2 234 129 211 5 8 39 4 25 1 2 0 
8 53 25 3 258 288 181 41 13 51 12 15 3 3 0 
9 43 32 4 239 280 121 58 11 40 24 18 2 1 0 
8 63 26 2 282 391 324 44 11 26 12 31 0 1 0 
3 18 2 1 104 22 49 0 0 12 1 3 0 1 0 
2 14 1 0 109 14 39 0 0 0 0 7 0 0 0 
13 56 75 3 301 612 224 253 18 24 33 22 0 0 0 
4 26 3 3 133 38 107 1 3 28 0 6 3 3 0 
8 36 26 2 221 216 116 45 11 8 10 14 1 3 0 
4 34 5 1 178 81 126 2 0 21 2 10 0 0 0 
5 34 10 0 169 134 159 10 1 0 0 16 0 0 0 
2 26 1 0 127 22 148 0 2 0 0 9 0 0 0 
2 27 1 0 116 25 160 0 1 0 0 11 0 0 0 
7 43 19 2 243 214 148 25 9 22 10 11 0 2 0 
2 9 1 0 71 7 13 0 1 0 0 3 0 0 0 
2 18 1 0 86 14 78 0 2 0 0 10 0 0 0 
8 53 21 7 222 266 245 22 11 77 26 18 8 3 0 
3 22 2 1 107 32 93 0 0 12 1 7 0 0 0 
2 9 1 0 73 9 15 0 0 0 0 1 0 0 0 
10 68 39 6 300 470 275 76 20 94 40 18 4 4 0 
7 40 19 2 200 200 140 26 4 30 8 13 1 1 0 
3 25 2 1 130 25 117 0 1 21 1 7 0 1 0 
16 64 112 8 311 827 173 456 23 77 96 15 8 5 0 
5 22 9 1 142 65 59 7 3 15 3 8 0 1 0 
4 32 6 0 135 80 141 4 8 0 0 14 0 0 0 
5 23 10 0 128 90 92 10 1 0 0 7 0 0 0 
2 16 1 0 76 16 68 0 0 0 0 4 0 0 0 
3 20 3 0 114 38 79 1 1 0 0 8 0 0 0 
5 27 10 0 139 106 85 10 1 0 0 6 0 0 0 
2 17 1 0 73 15 98 0 1 0 0 8 0 0 0 
3 13 3 0 92 24 26 1 1 0 0 4 0 0 0 
3 25 3 0 120 44 121 1 3 0 0 13 0 0 0 
3 35 2 1 161 38 205 0 1 26 1 16 0 2 0 
4 29 3 3 136 32 108 0 4 39 2 5 2 4 0 
3 14 2 1 75 16 54 0 0 12 1 2 0 0 0 
3 13 3 0 67 26 25 1 0 0 0 3 0 0 0 
6 29 13 2 177 106 113 13 4 29 6 8 1 1 0 
2 21 0 1 90 0 94 0 0 21 0 6 0 0 0 
2 15 1 0 92 13 56 0 1 0 0 5 0 0 0 
2 18 1 0 93 14 90 0 2 0 0 7 0 0 0 
5 43 9 1 181 138 187 7 9 16 3 21 0 0 0 
3 23 3 0 127 42 73 1 2 0 0 10 0 0 0 
2 14 0 1 72 0 48 0 0 12 0 3 0 1 0 
4 26 5 1 158 64 102 2 3 4 2 11 0 2 0 
