0 3
0 23
0 42
1 27
1 33
1 35
1 46
2 3
2 20
2 45
3 7
3 18
3 20
3 23
3 38
3 47
4 15
4 25
4 46
4 58
5 14
5 45
6 10
6 22
6 45
6 57
7 19
7 46
8 9
8 18
8 28
8 42
8 57
9 19
9 23
9 30
9 46
9 59
10 11
10 23
11 26
12 18
12 35
12 52
13 23
13 51
14 19
14 23
14 26
14 31
14 36
14 43
14 46
14 52
15 38
16 34
16 55
17 23
17 24
17 46
18 23
18 27
18 33
18 39
18 43
18 46
18 49
18 55
19 21
19 28
19 41
19 44
19 46
19 55
21 35
21 38
21 45
22 39
23 25
23 29
23 31
23 34
23 38
23 45
23 46
23 51
23 52
23 56
23 59
24 32
25 28
25 44
25 53
25 58
26 45
27 39
28 32
28 37
28 40
28 41
28 46
28 47
28 51
29 45
30 45
30 54
32 33
33 40
34 36
34 45
35 46
35 49
35 55
37 54
38 45
38 50
38 57
39 41
39 59
40 42
40 44
40 52
40 55
40 57
40 59
40 67
40 75
40 77
40 81
40 92
40 95
40 99
41 54
41 60
41 65
42 58
42 62
42 66
42 72
42 76
42 77
42 92
42 93
42 98
43 59
43 69
43 84
44 55
44 58
45 46
45 48
45 50
45 66
45 75
46 49
46 53
46 62
46 88
47 61
47 76
47 78
48 59
48 62
48 75
49 52
49 71
49 78
50 55
50 70
50 96
51 62
51 75
52 53
52 56
52 62
52 65
52 69
52 75
52 94
53 74
53 97
54 55
54 57
54 60
54 73
54 75
54 79
54 97
55 57
55 58
55 69
55 71
55 75
55 83
55 96
56 57
56 75
56 76
57 69
57 74
58 72
58 80
58 87
58 97
59 69
60 81
61 75
62 65
62 67
62 68
62 73
62 74
62 82
62 84
62 90
62 93
63 78
63 99
64 71
64 89
64 91
66 69
66 70
66 74
68 78
69 86
71 74
71 92
73 90
74 77
74 88
74 93
74 94
74 95
75 79
76 78
76 84
76 86
76 89
77 87
78 85
78 88
78 89
78 96
79 82
79 95
79 99
80 83
81 84
81 91
81 94
83 84
85 86
88 92
90 91
92 96
92 98
