0 3 0.7644
0 23 0.98974
0 42 0.55275
1 5 0.66827
1 11 0.70707
1 22 0.62588
1 27 0.90826
1 33 0.64183
1 35 0.76641
1 46 0.95378
2 3 0.91725
2 20 0.80358
2 45 0.61686
3 7 0.60825
3 20 0.76556
3 23 0.75214
3 38 0.98921
3 47 0.92099
4 15 0.7374
4 25 0.60414
4 46 0.50891
4 58 0.72007
5 14 0.90765
5 45 0.94728
6 10 0.58732
6 22 0.56503
6 45 0.88194
6 57 0.95089
7 46 0.61588
8 9 0.58571
8 28 0.94651
8 42 0.57661
8 57 0.82178
9 19 0.60532
9 23 0.51523
9 30 0.77956
9 46 0.87801
9 59 0.58366
10 11 0.70216
10 23 0.68405
10 25 0.50127
10 29 0.84521
10 41 0.7455
10 53 0.86303
11 26 0.58229
12 35 0.69126
12 52 0.55559
13 23 0.91368
13 51 0.88489
14 23 0.66243
14 26 0.95758
14 31 0.86178
14 36 0.68734
14 43 0.71887
14 46 0.56317
14 52 0.55663
15 38 0.55938
16 34 0.91552
16 55 0.73705
17 23 0.69817
17 24 0.50026
17 46 0.80935
18 23 0.94214
18 46 0.96123
19 26 0.84896
19 28 0.63511
19 55 0.58954
21 35 0.61094
21 38 0.90819
21 45 0.71041
22 39 0.9345
23 25 0.81414
23 29 0.64848
23 31 0.75065
23 34 0.67213
23 38 0.73165
23 45 0.54176
23 46 0.69876
23 51 0.92255
23 52 0.7059
23 56 0.59988
23 59 0.83421
24 32 0.50135
25 28 0.76074
25 44 0.83395
25 53 0.9693
25 58 0.73335
26 44 0.95932
26 45 0.54308
26 46 0.75106
26 47 0.60474
26 50 0.63412
26 51 0.68404
27 39 0.82652
28 32 0.58164
28 37 0.92139
28 40 0.56948
28 41 0.77361
28 46 0.75613
28 47 0.58833
28 51 0.72102
29 45 0.92284
30 45 0.57903
30 54 0.96764
32 33 0.74312
33 40 0.73778
34 36 0.51976
34 45 0.57059
35 46 0.55985
35 49 0.9838
35 55 0.78687
37 54 0.93423
38 45 0.58057
38 50 0.63416
38 57 0.6247
39 41 0.97321
39 59 0.74825
40 42 0.61964
40 44 0.52574
40 52 0.6134
40 55 0.94182
40 57 0.85404
40 59 0.73962
40 67 0.86286
40 75 0.58674
40 77 0.96817
40 81 0.73974
40 92 0.92805
40 95 0.97643
40 99 0.54698
41 54 0.63371
41 60 0.70853
41 65 0.59809
41 78 0.65277
42 58 0.93749
42 62 0.94667
42 66 0.92964
42 72 0.78942
42 76 0.65283
42 77 0.97332
42 92 0.90604
42 93 0.81191
42 98 0.69941
43 59 0.84824
43 69 0.93232
43 84 0.97323
44 55 0.61261
44 58 0.93639
45 46 0.61658
45 48 0.62837
45 50 0.85795
45 64 0.88068
45 66 0.97135
45 75 0.67701
46 49 0.60007
46 53 0.6736
46 62 0.57621
46 72 0.88235
46 78 0.68247
46 88 0.64903
47 61 0.59366
47 76 0.82138
47 78 0.89112
48 59 0.79603
48 62 0.8386
48 75 0.61197
49 52 0.64153
49 78 0.62026
50 55 0.73224
50 70 0.83461
50 96 0.72369
51 62 0.93829
51 75 0.77483
52 53 0.87579
52 56 0.83125
52 62 0.58395
52 65 0.70461
52 69 0.71122
52 75 0.52566
52 94 0.79716
53 74 0.55118
53 97 0.56187
54 55 0.89898
54 57 0.93262
54 60 0.9254
54 73 0.79061
54 75 0.62806
54 78 0.56436
54 79 0.92874
54 97 0.5724
55 57 0.73169
55 58 0.99875
55 69 0.83276
55 71 0.53575
55 75 0.86516
55 83 0.93676
55 96 0.78971
56 57 0.62478
56 75 0.99734
56 76 0.77265
57 69 0.54199
58 72 0.51946
58 80 0.69266
58 87 0.61928
58 97 0.85689
59 69 0.70016
59 78 0.60357
60 81 0.87335
61 75 0.70773
62 65 0.70219
62 67 0.57303
62 68 0.63304
62 73 0.58075
62 82 0.62413
62 84 0.71442
62 90 0.55954
62 93 0.98125
63 64 0.76641
63 72 0.64342
63 78 0.61326
63 99 0.78947
64 65 0.66721
64 72 0.7797
64 80 0.69917
64 89 0.62401
64 91 0.81251
64 96 0.59678
66 69 0.81533
66 70 0.52558
66 74 0.87364
68 78 0.54229
69 86 0.53703
71 92 0.98857
72 78 0.72713
72 89 0.6484
72 99 0.50566
73 90 0.85382
75 79 0.81902
76 78 0.57896
76 84 0.55061
76 86 0.90932
76 89 0.95391
77 87 0.79222
78 80 0.84648
78 85 0.63883
78 87 0.85477
78 88 0.9256
78 89 0.50007
78 96 0.9979
79 82 0.7323
79 95 0.97108
79 99 0.62894
80 83 0.69168
81 84 0.66864
81 91 0.53941
81 94 0.98767
83 84 0.62407
85 86 0.72533
88 92 0.77519
90 91 0.8565
92 96 0.64109
92 98 0.63156
