1 3 0.93943 2
1 13 0.5838 5
1 19 0.94041 3
2 26 0.60354 4
2 51 0.83496 4
3 16 0.85421 3
4 6 0.96024 5
4 7 0.78892 7
4 28 0.92071 5
4 35 0.85752 5
4 44 0.62542 11
4 53 0.66434 9
4 54 0.83056 8
4 56 0.64057 12
5 17 0.77304 5
5 22 0.70037 4
5 27 0.81279 7
5 44 0.92986 10
5 45 0.92853 15
5 47 0.79975 16
5 57 0.68005 10
6 9 0.94634 3
6 34 0.58069 4
7 16 0.77114 6
7 19 0.60477 5
7 30 0.91846 6
7 45 0.71612 15
7 58 0.58321 5
7 60 0.77505 10
8 44 0.60286 8
8 56 0.84455 9
8 57 0.60553 8
9 13 0.79761 5
9 56 0.91912 9
10 47 0.92969 13
10 48 0.74822 4
11 30 0.83506 4
11 47 0.55601 14
11 56 0.63637 9
12 16 0.81898 3
12 32 0.89943 3
13 31 0.90478 5
13 32 0.75263 6
13 44 0.60398 11
13 45 0.81489 16
13 47 0.68162 16
13 48 0.98246 7
14 47 0.93473 13
14 60 0.55875 7
15 27 0.60013 4
15 45 0.6556 13
16 18 0.56211 3
16 45 0.70663 14
17 33 0.87116 3
17 47 0.61164 14
17 59 0.55296 6
18 27 0.55922 4
19 23 0.75376 3
19 60 0.53915 8
20 45 0.65887 13
20 60 0.84104 7
21 30 0.51654 4
21 44 0.76082 8
21 53 0.50196 6
22 27 0.96041 4
23 45 0.83015 13
24 28 0.90653 4
24 40 0.828 8
24 41 0.50782 6
24 42 0.70083 5
24 47 0.85211 16
24 51 0.67348 7
24 57 0.57596 10
25 45 0.7856 13
25 47 0.94671 13
26 34 0.81378 5
26 35 0.86157 4
26 43 0.77836 6
26 51 0.78408 6
26 57 0.68387 9
27 38 0.5716 4
27 46 0.93437 6
27 47 0.73902 16
29 47 0.52725 14
29 52 0.94231 4
29 60 0.67926 8
30 31 0.98499 4
30 38 0.98143 4
30 47 0.57832 15
32 40 0.70266 6
32 45 0.67126 14
33 54 0.55023 5
34 47 0.73893 15
34 49 0.8374 4
34 57 0.63091 9
35 37 0.74455 2
36 54 0.53854 5
36 57 0.58723 7
37 57 0.74385 7
39 40 0.53262 6
39 54 0.70841 6
39 57 0.80605 8
40 45 0.8363 16
40 47 0.60038 17
40 52 0.65023 7
40 55 0.8253 8
40 59 0.9424 9
40 60 0.69802 11
41 43 0.55006 6
41 45 0.80531 15
41 53 0.73695 8
41 59 0.54849 7
41 76 0.60641 8
42 47 0.77595 14
42 66 0.85379 5
42 91 0.65917 4
43 47 0.97958 16
43 56 0.55413 11
43 76 0.66469 8
43 84 0.94614 10
43 93 0.67818 8
44 46 0.97409 10
44 47 0.78947 19
44 56 0.66389 15
44 68 0.9085 8
44 75 0.69035 8
44 84 0.92137 13
44 93 0.63535 12
44 94 0.8972 9
44 96 0.6246 8
45 47 0.79303 24
45 48 0.68504 15
45 54 0.6829 16
45 55 0.6767 15
45 57 0.6152 18
45 58 0.77876 14
45 60 0.70775 18
45 62 0.67152 13
45 67 0.87192 15
45 84 0.94544 18
45 85 0.8667 20
45 87 0.74219 21
45 97 0.83739 18
46 48 0.74464 6
46 49 0.66849 5
46 56 0.76745 11
46 74 0.65326 6
47 50 0.68457 15
47 56 0.5209 20
47 59 0.89456 17
47 60 0.768 19
47 70 0.90895 16
47 85 0.61133 21
47 98 0.65736 13
47 100 0.77923 21
48 84 0.63359 10
48 96 0.63874 5
48 97 0.56531 9
49 53 0.83536 7
49 60 0.86798 8
50 60 0.62319 9
50 87 0.71533 11
50 88 0.9311 5
50 93 0.65208 7
51 59 0.74697 8
51 70 0.9675 7
51 87 0.72788 12
51 100 0.58214 12
52 56 0.64029 10
52 57 0.66714 9
52 72 0.61456 4
53 71 0.86067 6
53 72 0.62779 6
53 84 0.95173 11
53 85 0.96706 13
53 87 0.72514 14
53 88 0.69621 7
54 56 0.89288 12
54 76 0.50576 9
54 87 0.72137 13
54 100 0.66896 13
55 60 0.57847 10
55 67 0.56201 7
55 84 0.97839 10
55 85 0.80604 12
55 100 0.66287 12
56 58 0.61299 10
56 66 0.89527 11
56 70 0.96654 11
56 85 0.76352 16
56 91 0.52735 10
56 97 0.56059 14
57 73 0.66066 8
57 87 0.99971 15
57 99 0.55883 7
58 67 0.68727 5
59 63 0.85742 6
59 76 0.56138 9
59 93 0.73715 9
59 100 0.70058 13
60 85 0.83237 15
60 100 0.59047 15
61 70 0.52279 5
61 84 0.58545 8
61 93 0.97426 6
62 67 0.5995 4
63 85 0.68237 10
63 100 0.94004 10
64 68 0.566 4
64 80 0.92311 5
64 81 0.8837 5
64 82 0.82584 4
64 87 0.96431 12
64 91 0.90563 6
64 97 0.97563 9
65 85 0.59184 9
65 87 0.9732 10
66 74 0.53442 7
66 75 0.54181 5
66 83 0.85655 4
66 91 0.85684 6
66 97 0.5022 9
67 78 0.58463 4
67 86 0.6023 5
67 87 0.83585 12
69 87 0.8655 10
69 92 0.63508 3
69 100 0.90772 10
70 71 0.54537 4
70 78 0.85467 4
70 87 0.58145 12
72 85 0.85538 10
73 94 0.84664 4
73 100 0.71251 10
74 84 0.81612 10
74 87 0.56926 12
74 89 0.79568 4
74 93 0.84889 8
74 97 0.76009 9
75 77 0.97002 2
76 84 0.9527 11
76 88 0.65393 7
76 93 0.5609 10
76 94 0.81659 7
76 97 0.68028 11
76 100 0.56818 14
77 97 0.74971 7
79 84 0.51697 8
79 94 0.64674 4
79 97 0.90507 7
80 84 0.8018 8
80 87 0.64619 10
81 85 0.86927 10
81 93 0.78006 6
82 87 0.62935 10
83 87 0.73467 10
84 92 0.54716 8
84 95 0.89361 8
85 87 0.62398 17
85 88 0.87193 11
85 94 0.9488 11
85 95 0.76218 10
85 97 0.52388 14
85 98 0.91651 9
85 100 0.71591 17
86 88 0.79918 4
86 100 0.54606 10
87 90 0.53843 10
87 100 0.96061 18
89 100 0.6997 10
90 100 0.99297 10
91 99 0.9644 3
92 97 0.70821 7
93 97 0.92147 11
93 100 0.59248 14
95 100 0.77121 10
96 100 0.61664 10
