0 -1 0 0 -7 -2 -1 0 0 0 0 0 0 0 0 
-1 -6 -2 0 -18 -17 -16 0 -2 0 -1 1 0 0 0 
-1 -6 -2 0 -34 -18 -14 -1 0 0 0 -1 0 0 0 
0 0 -2 2 10 -27 25 -11 -9 39 10 1 1 3 0 
-1 -8 -4 -3 18 -51 0 -4 -7 -57 -10 10 -7 -2 0 
-3 -28 -10 -2 -165 -132 -114 -12 -8 -27 -6 -19 -1 -2 0 
-1 -8 -6 -1 -13 -73 -19 -14 -4 -24 -4 5 -3 0 0 
0 5 -1 1 32 -10 45 -1 -3 20 1 1 0 3 0 
0 3 0 0 -1 6 56 0 0 0 0 4 0 0 0 
0 0 0 0 26 0 -6 0 0 0 0 6 0 0 0 
1 12 1 1 74 18 57 0 0 26 0 8 1 4 0 
0 0 0 0 -2 0 -1 0 0 0 0 1 0 0 0 
0 0 0 0 55 0 -6 0 0 -6 0 6 0 3 0 
0 0 0 0 20 0 -8 0 0 -2 0 8 0 1 0 
0 0 0 0 -1 2 -2 0 -1 0 0 2 0 0 0 
0 -2 0 0 -11 -7 -10 0 0 1 0 4 0 -1 0 
0 2 0 0 31 4 2 0 0 0 0 8 0 1 0 
0 0 0 0 -9 0 1 0 0 0 0 -1 0 0 0 
0 -1 0 0 -5 -2 -8 0 0 -1 0 3 0 0 0 
-1 -6 -2 0 -25 -41 -20 0 -2 -2 -1 5 0 1 0 
0 -2 0 0 15 -2 -16 0 -1 0 0 2 0 0 0 
-8 -58 -39 -5 -234 -450 -305 -79 -33 -74 -34 -25 -7 -6 0 
0 0 0 0 3 0 -3 0 0 0 0 3 0 0 0 
-1 2 -6 -1 48 -37 5 -13 3 -16 -8 9 0 3 0 
0 0 0 0 21 0 -7 0 0 -2 0 7 0 1 0 
0 0 0 0 21 6 -5 0 -2 0 0 3 0 -1 0 
0 -7 1 -1 -20 -14 -26 4 -4 -14 -3 5 -1 -3 0 
-1 -7 -2 0 -28 -19 -22 -1 -4 0 0 1 0 0 0 
-1 -8 -3 0 -18 -52 -35 -2 -5 -2 -1 2 0 1 0 
-1 -6 -6 0 -12 -69 -25 -14 -1 -1 -1 4 0 1 0 
0 -1 0 0 -6 -1 -5 0 0 0 0 0 0 0 0 
0 0 -1 1 24 -23 -17 -1 -2 21 0 2 1 3 0 
0 2 0 0 21 2 11 0 0 0 0 2 0 0 0 
0 -2 1 -1 -3 13 -10 2 -3 -13 -1 5 -1 -1 0 
0 0 0 0 -1 0 -2 0 0 0 0 2 0 0 0 
-5 -22 -20 0 -124 -204 -45 -35 -14 0 0 -7 0 0 0 
0 -1 0 0 -8 -1 -9 0 0 0 0 -3 0 0 0 
0 -1 0 0 -13 -1 -4 0 0 0 0 -1 0 0 0 
-4 -7 -17 -1 -29 -130 15 -29 -3 -18 -5 0 0 0 0 
7 43 28 7 207 333 162 42 19 136 30 12 10 20 2 
1 8 3 2 77 47 12 3 8 18 6 9 1 4 0 
0 1 0 0 44 -2 -5 0 2 -1 0 6 0 1 0 
2 24 8 3 122 165 128 11 12 35 11 10 3 7 0 
0 18 -2 2 89 171 92 -18 6 47 12 11 6 2 0 
0 4 -3 3 89 51 13 -49 5 27 34 9 13 2 2 
0 10 1 -1 67 45 76 3 5 -7 -2 8 -1 1 0 
0 15 -6 6 48 230 84 -108 11 84 79 6 28 12 1 
0 11 0 0 72 46 64 0 5 8 0 6 0 1 0 
0 -1 0 0 16 1 -11 0 -2 0 0 2 0 0 0 
1 10 4 0 83 78 24 5 8 -2 1 15 0 1 0 
0 9 -2 2 64 11 77 -8 -4 35 6 7 2 8 0 
1 14 4 0 72 71 83 6 5 0 0 15 0 0 0 
-1 1 -10 0 28 -50 26 -42 -2 1 -3 4 0 0 0 
2 19 13 2 85 214 137 32 9 42 16 24 1 4 0 
2 21 6 5 97 112 86 6 9 90 7 7 10 8 2 
8 34 82 10 136 793 17 367 23 147 118 11 19 6 0 
-1 -8 -10 -3 26 -141 -26 -42 -4 -21 -33 5 -3 -1 0 
0 7 0 0 28 18 65 0 2 1 0 14 0 -1 0 
3 22 14 7 106 169 59 24 8 102 26 10 13 9 1 
0 3 -4 4 33 -21 26 -26 -5 59 11 7 12 4 3 
0 17 0 0 88 28 92 0 3 0 0 9 0 0 0 
0 0 0 0 7 0 -3 0 0 0 0 3 0 0 0 
1 16 0 2 96 3 94 0 -1 34 0 7 1 9 0 
0 5 0 0 70 25 17 0 2 1 0 6 0 0 0 
0 0 0 0 28 0 -4 0 0 0 0 4 0 0 0 
1 16 4 2 107 68 83 6 3 36 6 10 3 2 0 
0 3 0 0 58 10 3 0 3 -2 0 5 0 2 0 
0 0 0 0 23 0 -2 0 0 0 0 2 0 0 0 
0 9 0 0 43 10 84 0 0 6 0 9 0 1 0 
1 13 5 1 105 84 59 9 3 27 6 9 0 5 0 
0 0 0 0 14 0 -5 0 0 0 0 1 0 0 0 
0 0 0 0 33 1 -8 0 0 -1 0 3 0 0 0 
1 16 2 0 83 43 108 1 3 0 0 16 0 0 0 
2 22 10 1 147 143 97 19 20 15 5 9 1 2 0 
0 1 0 0 34 0 1 0 1 0 0 4 0 0 0 
8 53 35 9 319 393 187 63 34 110 43 21 13 5 1 
0 2 0 0 30 2 15 0 0 0 0 4 0 0 0 
0 1 0 0 16 1 4 0 0 0 0 1 0 0 0 
1 14 2 0 103 27 78 1 7 0 0 7 0 0 0 
1 12 2 0 88 39 62 0 3 0 1 4 0 0 0 
1 9 2 0 78 34 27 1 3 0 0 9 0 0 0 
0 0 0 0 16 0 -1 0 0 0 0 1 0 0 0 
0 1 0 0 27 1 2 0 0 0 0 3 0 0 0 
8 30 66 2 199 648 22 247 45 26 28 15 1 6 0 
0 17 -3 3 100 155 103 -33 18 57 22 12 10 12 1 
1 18 2 0 92 37 120 1 4 0 0 19 0 0 0 
0 11 -1 1 80 118 49 -11 11 39 6 9 5 4 0 
1 10 4 0 89 53 20 5 8 -1 1 12 0 0 0 
0 10 0 0 44 8 98 0 1 0 0 11 0 0 0 
0 8 0 0 29 0 83 0 0 6 0 9 0 1 0 
1 14 3 1 89 47 81 3 2 16 2 10 1 1 0 
1 14 2 0 106 29 78 1 5 0 0 7 0 0 0 
8 51 38 6 337 421 171 80 34 74 33 22 6 8 1 
0 10 0 0 100 22 24 0 9 0 0 14 0 0 0 
1 20 2 0 105 45 146 0 5 4 1 12 0 2 0 
1 17 2 0 112 49 115 1 2 0 0 21 0 0 0 
2 29 17 4 153 303 100 59 31 60 36 18 5 5 0 
0 0 0 0 32 0 -9 0 0 0 0 9 0 0 0 
0 0 0 0 6 0 -7 0 0 0 0 -2 0 0 0 
8 24 98 10 131 782 0 495 34 78 172 11 27 8 2 
