3 12 3 0 92 24 20 1 0 0 0 5 0 0 0 
3 15 2 1 88 17 28 0 2 9 1 3 0 0 0 
3 12 3 0 73 24 20 1 0 0 0 2 0 0 0 
8 52 28 0 299 332 174 56 16 0 0 18 0 0 0 
8 78 19 9 254 302 485 17 14 194 24 33 15 11 0 
6 41 13 2 277 156 139 13 9 27 6 22 1 2 0 
8 57 23 5 264 270 256 33 9 99 16 29 7 6 0 
3 33 3 0 189 56 165 1 5 0 0 12 0 0 0 
3 21 3 0 163 36 55 1 3 0 0 12 0 0 0 
2 30 1 0 141 26 265 0 2 0 0 26 0 0 0 
2 28 0 1 115 0 241 0 0 28 0 22 0 0 0 
2 7 1 0 63 5 7 0 1 0 0 2 0 0 0 
8 66 24 4 224 319 464 36 10 109 16 36 4 7 0 
2 34 0 1 156 0 284 0 0 24 0 24 0 5 0 
2 29 1 0 147 23 238 0 3 0 0 30 0 0 0 
5 32 9 1 157 98 223 7 1 22 3 24 0 3 0 
4 33 4 2 177 45 230 1 0 46 2 22 1 4 0 
2 10 1 0 72 10 17 0 0 0 0 4 0 0 0 
4 20 5 1 143 39 57 2 2 15 2 14 0 1 0 
3 39 2 1 199 41 271 0 2 25 1 30 0 4 0 
3 29 3 0 156 50 130 1 4 0 0 8 0 0 0 
10 68 39 6 331 450 321 79 33 82 34 29 7 7 0 
2 26 1 0 127 22 228 0 2 0 0 28 0 0 0 
8 53 25 3 243 276 301 39 16 63 16 29 1 0 0 
2 45 0 1 179 0 444 0 0 37 0 40 0 4 0 
6 27 13 2 183 102 80 12 6 19 8 6 0 1 0 
7 42 18 3 238 181 268 22 10 39 11 22 2 6 0 
3 20 3 0 133 32 54 1 4 0 0 3 0 0 0 
4 46 5 1 223 88 317 2 8 24 2 30 0 5 0 
7 40 20 1 209 205 263 30 6 23 5 27 0 0 0 
2 13 1 0 102 11 31 0 1 0 0 5 0 0 0 
4 35 5 1 179 69 235 2 4 24 2 26 0 2 0 
2 9 1 0 96 9 14 0 0 0 0 4 0 0 0 
5 46 8 2 216 138 319 5 8 28 4 27 1 1 0 
3 13 3 0 86 24 29 1 1 0 0 2 0 0 0 
7 42 21 0 268 218 132 35 17 0 0 14 0 0 0 
2 15 1 0 85 13 73 0 1 0 0 6 0 0 0 
2 12 1 0 78 10 26 0 1 0 0 4 0 0 0 
7 35 20 1 233 172 92 30 10 18 5 15 0 0 0 
2 29 0 1 129 0 246 0 0 27 0 22 0 1 0 
5 49 10 0 270 168 299 10 14 0 0 36 0 0 0 
4 35 4 2 146 70 252 0 0 33 4 23 0 1 0 
5 47 9 1 241 137 291 7 11 27 3 29 0 1 0 
14 68 87 4 310 738 296 319 34 64 42 23 3 7 0 
24 113 249 27 290 2118 444 1492 61 319 472 20 58 20 2 
6 37 13 2 217 138 112 13 8 27 6 9 1 2 0 
25 103 277 23 299 2066 344 1819 58 260 435 27 44 15 2 
7 44 18 3 242 167 221 23 10 71 9 25 3 3 0 
4 31 6 0 202 85 107 4 4 0 0 20 0 0 0 
4 54 5 1 240 106 409 2 11 24 2 38 0 5 0 
7 43 19 2 226 205 160 25 14 25 10 18 0 0 0 
4 25 6 0 190 67 93 4 4 0 0 10 0 0 0 
11 62 52 3 326 516 245 141 23 52 21 27 3 3 0 
7 65 19 2 286 298 381 26 16 48 8 34 1 6 0 
5 55 6 4 247 99 322 2 4 91 5 29 2 11 1 
8 61 26 2 298 335 351 45 15 54 10 31 1 4 0 
14 76 85 6 312 839 357 296 28 83 64 37 4 5 0 
4 39 4 2 216 58 234 1 3 41 2 22 1 6 0 
6 43 13 2 222 143 255 13 9 48 6 26 1 3 0 
13 77 65 13 286 607 391 174 18 253 84 29 25 14 3 
3 10 3 0 108 18 14 1 1 0 0 2 0 0 0 
2 27 0 1 134 0 218 0 0 21 0 23 0 3 0 
2 21 1 0 132 17 111 0 2 0 0 19 0 0 0 
7 29 19 2 160 132 129 26 6 30 8 15 1 0 0 
2 31 0 1 158 0 203 0 0 25 0 22 0 3 0 
6 18 13 2 135 69 31 12 3 15 8 3 0 0 0 
7 42 17 4 207 151 268 21 2 85 8 27 6 6 0 
2 19 1 0 95 19 87 0 0 0 0 6 0 0 0 
3 25 2 1 144 26 134 0 0 18 1 14 0 3 0 
6 49 14 1 205 208 371 16 8 21 4 36 0 0 0 
2 15 1 0 107 13 51 0 1 0 0 4 0 0 0 
3 27 2 1 156 28 130 0 1 20 1 14 0 2 0 
2 17 1 0 106 17 78 0 0 0 0 6 0 0 0 
5 35 9 1 172 116 162 7 6 12 3 18 0 0 0 
3 19 3 0 89 36 82 1 1 0 0 6 0 0 0 
2 13 1 0 84 9 39 0 2 0 0 3 0 0 0 
2 11 1 0 73 9 34 0 1 0 0 3 0 0 0 
2 11 1 0 87 9 20 0 1 0 0 5 0 0 0 
2 13 1 0 84 9 39 0 2 0 0 3 0 0 0 
2 21 0 1 98 0 119 0 0 19 0 11 0 1 0 
2 22 1 0 118 18 116 0 2 0 0 19 0 0 0 
2 21 0 1 98 0 119 0 0 19 0 11 0 1 0 
2 22 1 0 102 20 131 0 1 0 0 15 0 0 0 
5 52 9 1 226 151 334 7 15 23 3 31 0 2 0 
17 95 119 17 259 1141 489 464 24 295 180 23 33 18 3 
2 9 1 0 68 9 13 0 0 0 0 5 0 0 0 
18 88 140 13 312 1228 368 628 36 170 168 28 20 13 0 
4 28 5 1 182 52 129 2 4 20 2 15 0 2 0 
2 13 1 0 98 11 32 0 1 0 0 10 0 0 0 
2 24 0 1 137 0 134 0 0 18 0 14 0 3 0 
4 13 5 1 80 31 18 2 1 6 2 4 0 0 0 
2 11 1 0 81 11 33 0 0 0 0 4 0 0 0 
2 15 1 0 74 13 75 0 1 0 0 4 0 0 0 
5 32 10 0 178 120 177 10 4 0 0 21 0 0 0 
2 23 0 1 145 0 115 0 0 17 0 18 0 3 0 
2 19 1 0 104 13 86 0 3 0 0 7 0 0 0 
10 58 42 3 215 429 315 97 12 57 22 34 1 6 0 
2 38 0 1 168 0 328 0 0 30 0 30 0 4 0 
2 16 1 0 87 16 74 0 0 0 0 7 0 0 0 
10 67 36 9 271 388 391 63 11 165 43 24 13 14 1 
