0 2
0 12
0 18
1 25
1 38
1 50
2 15
2 38
3 5
3 6
3 27
3 34
3 43
3 52
3 53
3 55
4 5
4 16
4 21
4 26
4 43
4 44
4 46
4 56
5 8
5 33
5 56
5 59
6 15
6 18
6 21
6 29
6 44
6 57
6 59
7 43
7 55
7 56
8 12
8 21
9 46
9 47
10 29
10 46
11 15
11 31
12 30
12 31
12 43
12 44
12 46
12 47
13 46
13 59
14 26
14 44
15 17
15 44
16 32
16 46
16 58
17 26
18 22
18 59
19 35
19 44
19 59
20 29
20 43
20 52
21 26
21 28
21 42
21 43
21 44
21 45
21 52
22 44
23 27
23 38
23 39
23 40
23 41
23 46
23 50
23 56
24 44
24 46
25 33
25 34
25 42
25 50
25 56
26 37
26 45
26 46
27 35
28 46
28 51
28 59
29 30
29 35
29 37
29 46
31 38
31 44
32 53
33 46
33 48
33 56
34 36
35 50
35 53
35 55
35 56
36 56
38 53
38 54
38 56
39 46
40 42
40 44
40 52
40 58
41 46
41 65
41 90
42 46
42 55
43 45
43 46
43 67
43 74
43 83
43 92
43 93
43 95
44 46
44 47
44 53
44 54
44 56
44 57
44 59
44 61
44 66
44 83
44 84
44 86
44 96
45 47
45 48
45 73
46 49
46 55
46 58
46 59
46 69
46 84
46 97
46 99
47 83
47 95
47 96
48 52
48 59
49 59
49 86
49 87
50 58
50 69
50 86
51 55
51 56
51 71
52 70
52 71
52 83
52 84
52 86
52 87
53 86
53 99
54 59
54 66
54 84
55 57
55 84
56 72
56 86
56 98
57 66
58 62
58 99
59 84
59 99
60 69
60 83
60 92
61 66
62 84
63 67
63 79
63 80
63 81
63 86
63 90
63 96
64 84
64 86
65 73
65 74
65 82
65 90
65 96
66 77
66 85
66 86
68 86
68 91
68 99
69 70
69 77
69 86
71 84
72 93
73 86
73 88
73 96
74 76
75 93
75 96
76 96
78 93
78 96
79 86
80 84
81 86
82 86
84 86
84 87
84 93
84 94
84 96
84 97
84 99
85 87
86 89
86 99
88 99
89 99
90 98
91 96
94 99
