0 2
0 12
0 18
1 25
1 50
2 15
3 5
3 6
3 27
3 34
3 43
3 52
3 53
3 55
4 16
4 21
4 26
4 43
4 44
4 46
4 56
5 8
5 33
6 15
6 18
6 29
6 44
6 57
6 59
7 43
7 55
7 56
8 12
8 55
9 46
9 47
10 29
10 46
10 55
11 15
11 31
12 30
12 31
12 43
12 44
12 46
12 47
13 46
13 59
14 26
14 44
15 17
15 44
16 32
16 46
16 58
17 26
18 22
18 59
19 44
19 59
20 29
20 43
20 52
21 26
22 44
23 27
23 39
23 40
23 41
23 46
23 50
23 56
24 44
24 46
25 33
25 34
25 42
25 50
25 56
26 37
26 45
26 46
28 46
28 51
28 59
29 30
29 37
29 46
31 39
31 44
32 53
33 46
33 48
33 56
34 36
35 53
35 56
36 56
38 39
38 53
38 56
39 44
39 46
39 51
39 54
39 58
39 59
40 42
40 44
40 52
40 58
40 75
41 46
41 65
41 90
42 46
42 55
42 75
42 83
42 92
43 45
43 46
43 55
43 67
43 74
43 83
43 92
43 93
43 95
44 46
44 47
44 53
44 54
44 56
44 57
44 59
44 61
44 66
44 83
44 84
44 86
44 96
45 47
45 48
45 55
45 73
46 49
46 55
46 58
46 59
46 69
46 84
46 97
46 99
47 83
47 95
47 96
48 52
48 59
49 59
49 86
49 87
49 92
50 58
50 69
50 86
50 99
51 55
51 56
51 71
52 70
52 71
52 83
52 84
52 86
52 87
53 55
53 75
53 86
53 99
54 59
54 66
54 83
54 84
54 99
55 57
55 65
55 69
55 84
55 90
55 96
56 72
56 86
56 98
57 66
58 62
58 75
58 92
58 99
59 84
59 99
60 69
60 83
60 92
61 66
62 84
62 99
63 67
63 79
63 80
63 81
63 86
63 90
63 96
64 84
64 86
65 73
65 74
65 82
65 90
65 96
66 77
66 85
66 86
68 86
68 91
68 99
69 70
69 77
69 86
71 84
72 93
72 99
73 83
73 86
73 88
73 92
73 96
74 76
75 83
75 87
75 92
75 93
75 96
75 99
76 96
78 83
78 93
78 96
79 83
79 86
80 84
80 92
81 86
82 86
83 91
83 94
84 86
84 87
84 93
84 94
84 96
84 97
84 99
85 87
85 99
86 89
86 99
88 99
89 99
90 98
91 96
92 96
92 99
94 99
95 99
