3 11 3 0 85 22 19 1 0 0 0 5 0 0 0 
2 9 0 1 70 0 12 0 0 9 0 4 0 0 0 
2 6 1 0 39 6 6 0 0 0 0 1 0 0 0 
8 52 26 2 309 305 199 45 7 39 10 19 1 3 0 
7 70 15 6 272 251 485 13 7 137 14 43 8 9 0 
3 13 3 0 112 24 25 1 1 0 0 3 0 0 0 
7 49 17 4 251 197 237 19 5 75 12 34 4 6 0 
3 38 2 1 221 46 210 0 2 20 1 13 0 3 0 
3 24 3 0 162 42 111 1 3 0 0 16 0 0 0 
2 30 1 0 167 26 259 0 2 0 0 32 0 0 0 
3 40 1 2 189 18 298 0 0 54 0 30 1 4 0 
2 7 1 0 61 5 6 0 1 0 0 3 0 0 0 
8 66 24 4 279 319 458 36 10 103 16 42 4 10 0 
2 34 0 1 176 0 276 0 0 22 0 32 0 6 0 
2 29 1 0 146 25 236 0 2 0 0 32 0 0 0 
5 30 9 1 146 91 213 7 1 23 3 28 0 2 0 
4 35 4 2 208 49 232 1 0 46 2 30 1 5 0 
2 10 1 0 63 10 18 0 0 0 0 3 0 0 0 
4 19 5 1 138 37 49 2 2 14 2 17 0 1 0 
2 33 0 1 174 0 251 0 0 23 0 35 0 5 0 
3 27 3 0 171 48 114 1 3 0 0 10 0 0 0 
2 10 0 1 97 0 16 0 0 8 0 4 0 1 0 
2 26 1 0 130 22 225 0 2 0 0 31 0 0 0 
7 55 19 2 291 239 306 26 19 47 8 38 1 3 0 
2 45 0 1 200 0 437 0 0 35 0 47 0 5 0 
6 27 13 2 204 108 75 12 4 19 8 9 0 0 0 
7 35 19 2 218 167 242 26 6 25 8 27 1 3 0 
2 13 1 0 105 13 32 0 0 0 0 4 0 0 0 
3 38 2 1 205 36 282 0 3 22 1 32 0 6 0 
6 34 14 1 197 136 238 16 5 22 4 31 0 1 0 
2 12 1 0 96 10 26 0 1 0 0 5 0 0 0 
4 35 4 2 203 46 218 1 2 45 2 28 1 5 0 
2 11 1 0 117 11 25 0 0 0 0 6 0 0 0 
5 44 9 1 213 151 309 7 5 15 3 32 0 0 0 
3 13 3 0 85 24 27 1 1 0 0 4 0 0 0 
2 20 1 0 144 14 87 0 3 0 0 7 0 0 0 
2 14 1 0 77 12 64 0 1 0 0 3 0 0 0 
2 11 1 0 65 9 22 0 1 0 0 3 0 0 0 
3 28 3 0 204 42 107 1 7 0 0 15 0 0 0 
9 72 28 8 336 333 408 42 19 163 30 34 10 21 2 
6 57 13 2 347 215 311 13 22 18 6 45 1 4 0 
4 36 4 2 190 68 247 0 2 32 4 29 0 2 0 
7 71 17 4 363 302 419 18 23 62 14 39 3 8 0 
14 86 85 6 399 909 388 301 40 111 54 34 9 9 0 
24 117 246 30 379 2169 457 1443 66 346 506 29 71 22 4 
6 47 14 1 284 183 188 16 13 20 4 17 0 3 0 
25 118 271 29 347 2296 428 1711 69 344 514 33 72 27 3 
7 55 18 3 314 213 285 23 15 79 9 31 3 4 0 
4 30 6 0 218 86 96 4 2 0 0 22 0 0 0 
5 64 9 1 323 184 433 7 19 22 3 53 0 6 0 
7 52 17 4 290 216 237 17 10 60 16 25 2 8 0 
5 39 10 0 262 138 176 10 9 0 0 25 0 0 0 
10 63 42 3 354 466 271 99 21 53 18 31 3 3 0 
9 84 32 4 371 512 518 58 25 90 24 58 2 10 0 
7 76 12 9 344 211 408 8 13 181 12 36 12 19 3 
16 95 108 12 434 1128 368 412 38 201 128 42 20 10 0 
13 68 75 3 338 698 331 254 24 62 31 42 1 4 0 
4 46 4 2 244 76 299 1 5 42 2 36 1 5 0 
9 65 27 9 328 312 314 37 17 150 32 36 14 12 1 
13 80 61 17 319 586 417 148 13 312 95 36 37 18 6 
3 27 3 0 196 46 106 1 4 0 0 11 0 0 0 
2 27 0 1 141 0 215 0 0 21 0 26 0 3 0 
3 37 1 2 228 20 205 0 1 34 0 26 1 9 0 
7 34 19 2 230 157 146 26 8 31 8 21 1 0 0 
2 31 0 1 186 0 199 0 0 25 0 26 0 3 0 
7 34 17 4 242 137 114 18 6 51 14 13 3 2 0 
7 45 17 4 265 161 271 21 5 83 8 32 6 8 0 
2 19 1 0 118 19 85 0 0 0 0 8 0 0 0 
3 34 2 1 187 36 218 0 0 24 1 23 0 4 0 
7 62 19 2 310 292 430 25 11 48 10 45 0 5 0 
2 15 1 0 121 13 46 0 1 0 0 5 0 0 0 
3 27 2 1 189 29 122 0 1 19 1 17 0 2 0 
3 33 3 0 189 60 186 1 3 0 0 22 0 0 0 
7 57 19 2 319 259 259 26 26 27 8 27 1 2 0 
3 20 3 0 123 36 83 1 2 0 0 10 0 0 0 
10 66 36 9 403 402 226 63 36 110 43 24 13 5 1 
2 13 1 0 103 11 49 0 1 0 0 7 0 0 0 
2 12 1 0 103 10 24 0 1 0 0 6 0 0 0 
3 27 3 0 187 36 117 1 9 0 0 10 0 0 0 
3 33 2 1 186 39 181 0 3 19 1 15 0 1 0 
3 31 3 0 196 52 143 1 5 0 0 28 0 0 0 
2 21 0 1 114 0 118 0 0 19 0 12 0 1 0 
2 23 1 0 129 21 133 0 1 0 0 18 0 0 0 
13 82 75 3 425 799 356 254 60 49 31 46 1 8 0 
17 112 116 20 359 1296 592 431 42 352 202 35 43 30 4 
3 27 3 0 160 46 133 1 4 0 0 24 0 0 0 
18 99 139 14 392 1346 417 617 47 209 174 37 25 17 0 
5 38 9 1 271 105 149 7 12 19 3 27 0 2 0 
2 23 1 0 142 19 130 0 2 0 0 21 0 0 0 
2 32 0 1 166 0 217 0 0 24 0 23 0 4 0 
5 27 8 2 169 78 99 5 3 22 4 14 1 1 0 
3 25 3 0 187 40 111 1 5 0 0 11 0 0 0 
10 66 39 6 411 434 246 80 35 74 33 26 6 8 1 
5 42 10 0 278 142 201 10 13 0 0 35 0 0 0 
3 43 2 1 250 45 261 0 5 21 1 30 0 5 0 
3 36 3 0 216 62 201 1 5 0 0 28 0 0 0 
12 87 59 7 368 732 415 156 43 117 58 52 6 11 0 
2 38 0 1 200 0 319 0 0 30 0 39 0 4 0 
2 16 1 0 93 16 67 0 0 0 0 5 0 0 0 
18 91 134 19 402 1170 391 558 45 243 215 35 40 22 3 
