0 2 0.93943
0 12 0.5838
0 18 0.94041
1 25 0.60354
1 38 0.74305
1 50 0.83496
2 15 0.85421
2 38 0.65544
3 5 0.75304
3 6 0.78892
3 27 0.92071
3 34 0.85752
3 43 0.62542
3 52 0.66434
3 53 0.83056
3 55 0.64057
4 5 0.93868
4 16 0.77304
4 21 0.70037
4 26 0.81279
4 43 0.92986
4 44 0.92853
4 46 0.79975
4 56 0.68005
5 8 0.87033
5 33 0.58069
5 56 0.94616
5 59 0.81063
6 15 0.77114
6 18 0.60477
6 21 0.63173
6 29 0.91846
6 44 0.71612
6 57 0.58321
6 59 0.77505
7 43 0.60286
7 55 0.84455
7 56 0.60553
8 12 0.79761
8 21 0.7143
9 46 0.92969
9 47 0.74822
10 29 0.83506
10 46 0.55601
11 15 0.81898
11 31 0.89943
12 30 0.90478
12 31 0.75263
12 43 0.60398
12 44 0.81489
12 46 0.68162
12 47 0.98246
13 46 0.93473
13 59 0.55875
14 26 0.60013
14 44 0.6556
15 17 0.56211
15 44 0.70663
16 32 0.87116
16 46 0.61164
16 58 0.55296
17 26 0.55922
18 22 0.75376
18 59 0.53915
19 35 0.95371
19 44 0.65887
19 59 0.84104
20 29 0.51654
20 43 0.76082
20 52 0.50196
21 26 0.96041
21 28 0.87902
21 42 0.76223
21 43 0.87894
21 44 0.78807
21 45 0.64901
21 52 0.73689
22 44 0.83015
23 27 0.90653
23 38 0.96689
23 39 0.828
23 40 0.50782
23 41 0.70083
23 46 0.85211
23 50 0.67348
23 56 0.57596
24 44 0.7856
24 46 0.94671
25 33 0.81378
25 34 0.86157
25 42 0.77836
25 50 0.78408
25 56 0.68387
26 37 0.5716
26 45 0.93437
26 46 0.73902
27 35 0.97178
28 46 0.52725
28 51 0.94231
28 59 0.67926
29 30 0.98499
29 35 0.77927
29 37 0.98143
29 46 0.57832
31 38 0.72786
31 44 0.67126
32 53 0.55023
33 46 0.73893
33 48 0.8374
33 56 0.63091
34 36 0.74455
35 50 0.96519
35 53 0.53854
35 55 0.56029
35 56 0.58723
36 56 0.74385
38 53 0.70841
38 54 0.90356
38 56 0.80605
39 46 0.60038
40 42 0.55006
40 44 0.80531
40 52 0.73695
40 58 0.54849
41 46 0.77595
41 65 0.85379
41 90 0.65917
42 46 0.97958
42 55 0.55413
43 45 0.97409
43 46 0.78947
43 67 0.9085
43 74 0.69035
43 83 0.92137
43 92 0.63535
43 93 0.8972
43 95 0.6246
44 46 0.79303
44 47 0.68504
44 53 0.6829
44 54 0.6767
44 56 0.6152
44 57 0.77876
44 59 0.70775
44 61 0.67152
44 66 0.87192
44 83 0.94544
44 84 0.8667
44 86 0.74219
44 96 0.83739
45 47 0.74464
45 48 0.66849
45 73 0.65326
46 49 0.68457
46 55 0.5209
46 58 0.89456
46 59 0.768
46 69 0.90895
46 84 0.61133
46 97 0.65736
46 99 0.77923
47 83 0.63359
47 95 0.63874
47 96 0.56531
48 52 0.83536
48 59 0.86798
49 59 0.62319
49 86 0.71533
49 87 0.9311
50 58 0.74697
50 69 0.9675
50 86 0.72788
51 55 0.64029
51 56 0.66714
51 71 0.61456
52 70 0.86067
52 71 0.62779
52 83 0.95173
52 84 0.96706
52 86 0.72514
52 87 0.69621
53 86 0.72137
53 99 0.66896
54 59 0.57847
54 66 0.56201
54 84 0.80604
55 57 0.61299
55 84 0.76352
56 72 0.66066
56 86 0.99971
56 98 0.55883
57 66 0.68727
58 62 0.85742
58 99 0.61781
59 84 0.83237
59 99 0.59047
60 69 0.52279
60 83 0.58545
60 92 0.96767
61 66 0.5995
62 84 0.68237
63 67 0.566
63 79 0.92311
63 80 0.8837
63 81 0.82584
63 86 0.96431
63 90 0.90563
63 96 0.97563
64 84 0.59184
64 86 0.9732
65 73 0.53442
65 74 0.54181
65 82 0.85655
65 90 0.85684
65 96 0.5022
66 77 0.58463
66 85 0.6023
66 86 0.83585
68 86 0.8655
68 91 0.63508
68 99 0.90772
69 70 0.54537
69 77 0.85467
69 86 0.58145
71 84 0.85538
72 93 0.84664
73 86 0.56926
73 88 0.79568
73 96 0.76009
74 76 0.97002
75 93 0.81659
75 96 0.68028
76 96 0.74971
78 93 0.64674
78 96 0.90507
79 86 0.64619
80 84 0.86927
81 86 0.62935
82 86 0.73467
84 86 0.62398
84 87 0.87193
84 93 0.9488
84 94 0.76218
84 96 0.52388
84 97 0.91651
84 99 0.71591
85 87 0.79918
86 89 0.53843
86 99 0.96061
88 99 0.6997
89 99 0.99297
90 98 0.9644
91 96 0.70821
94 99 0.77121
