1 39 0.85925 3
1 44 0.84234 10
1 59 0.62715 10
2 6 0.70656 8
2 12 0.65451 7
2 15 0.55062 7
2 16 0.57881 9
2 17 0.72944 14
2 25 0.96886 7
2 36 0.9061 7
2 40 0.86077 11
2 44 0.79624 14
2 46 0.82809 12
2 48 0.6507 8
2 60 0.72474 11
3 11 0.79194 4
3 28 0.53062 5
4 17 0.98405 9
4 44 0.79315 9
5 20 0.89669 2
5 21 0.65772 6
5 57 0.77572 6
6 28 0.92882 6
6 37 0.85814 4
6 59 0.95382 10
7 11 0.81714 7
7 12 0.83371 5
7 17 0.59366 12
7 20 0.63446 5
7 23 0.55157 5
7 43 0.96168 9
7 45 0.73008 8
7 46 0.64401 10
8 17 0.87645 9
8 40 0.91573 6
9 17 0.8663 10
9 27 0.67544 3
9 40 0.65266 7
9 41 0.65268 5
9 58 0.76491 4
10 17 0.88891 9
10 28 0.75146 5
11 14 0.53589 5
11 15 0.94728 4
11 21 0.69581 8
11 31 0.65666 5
11 56 0.94498 6
12 37 0.95085 4
13 46 0.89413 7
13 57 0.89764 5
14 38 0.85811 2
14 46 0.83055 7
16 32 0.50234 4
16 36 0.80724 4
16 39 0.87686 5
16 46 0.7686 9
16 49 0.57983 5
16 56 0.50239 6
17 18 0.55197 11
17 21 0.77465 12
17 22 0.53921 9
17 28 0.92153 12
17 29 0.54651 9
17 33 0.93103 9
17 40 0.98732 13
17 51 0.91664 13
17 53 0.8563 10
17 55 0.50225 11
18 26 0.72506 4
18 40 0.55792 8
18 41 0.93237 6
18 45 0.66322 7
18 59 0.82698 11
19 24 0.76362 3
19 30 0.72876 2
21 26 0.87397 6
21 37 0.79373 7
21 46 0.57874 10
21 54 0.89972 7
21 57 0.93061 9
21 60 0.94704 10
22 33 0.89491 3
22 38 0.50872 2
23 44 0.87498 10
23 52 0.57264 3
24 26 0.86874 3
24 47 0.71207 4
24 50 0.61003 5
25 28 0.56491 5
27 59 0.74464 9
28 34 0.69087 5
28 40 0.79622 9
28 47 0.97149 6
28 50 0.72163 7
29 44 0.53219 9
30 45 0.99031 5
30 57 0.98564 6
31 37 0.84472 4
31 60 0.85671 7
32 44 0.85507 9
33 44 0.63415 10
34 46 0.73606 7
35 42 0.91455 4
35 60 0.65756 6
37 48 0.85418 5
39 42 0.87512 5
40 44 0.7919 13
40 46 0.89302 11
40 55 0.59526 8
40 57 0.81503 9
41 43 0.84756 8
41 45 0.93509 7
41 82 0.74443 7
41 87 0.57613 5
42 44 0.95087 12
42 55 0.94182 6
42 57 0.87119 8
42 58 0.99508 5
42 99 0.96551 7
43 45 0.52377 9
43 48 0.78125 8
43 62 0.86404 7
43 65 0.52359 9
43 77 0.65672 7
43 84 0.61415 6
43 88 0.97096 6
43 94 0.8107 11
43 99 0.72483 9
44 50 0.91517 11
44 51 0.85952 14
44 52 0.67093 10
44 53 0.52055 10
44 54 0.83136 11
44 76 0.91358 9
44 86 0.68783 13
44 87 0.5348 11
45 54 0.5287 6
45 67 0.62776 9
45 83 0.79676 5
46 59 0.57244 14
46 61 0.94705 7
46 65 0.71246 10
46 86 0.69795 11
47 62 0.9677 3
47 94 0.85486 8
48 60 0.88271 8
48 82 0.89093 6
49 56 0.72471 5
49 68 0.63073 5
49 81 0.79251 4
50 65 0.88082 7
50 72 0.6989 5
50 95 0.85184 7
51 59 0.75457 14
51 65 0.63727 9
51 67 0.58158 11
51 84 0.83582 6
51 87 0.62568 8
51 94 0.54754 11
51 95 0.80889 10
51 96 0.69327 15
51 99 0.54035 9
52 67 0.96156 7
52 96 0.55326 11
53 85 0.95772 4
53 97 0.50771 3
54 59 0.64699 11
54 80 0.57423 4
55 71 0.75922 5
55 74 0.89417 10
55 96 0.66112 12
56 59 0.71797 11
56 74 0.69725 10
56 86 0.73767 8
57 74 0.5742 11
57 78 0.93496 6
57 95 0.98406 9
58 71 0.82432 4
58 96 0.8928 11
59 66 0.91263 9
59 69 0.57344 9
59 72 0.65974 10
59 76 0.78019 9
59 86 0.50769 13
59 90 0.69542 10
59 96 0.87713 18
59 98 0.92144 10
59 100 0.55453 11
60 63 0.85685 6
60 64 0.80737 6
60 70 0.87599 6
60 73 0.82412 7
60 94 0.52521 11
60 96 0.71992 15
61 74 0.54933 8
61 96 0.67286 11
62 67 0.921 7
63 94 0.98437 7
64 67 0.68862 6
65 66 0.58857 5
65 74 0.99795 11
65 81 0.61541 6
65 100 0.85683 6
67 74 0.83314 12
67 85 0.68506 8
67 87 0.69455 8
67 90 0.99158 7
67 95 0.83879 10
67 96 0.6548 15
68 73 0.90815 5
68 78 0.85373 5
68 83 0.62825 4
68 90 0.93567 4
68 94 0.61711 9
69 74 0.75383 8
70 99 0.56689 4
71 75 0.94372 3
71 85 0.79791 5
71 96 0.64607 12
72 79 0.55648 3
72 96 0.50188 11
73 86 0.88433 7
73 96 0.90774 11
74 77 0.75114 8
74 89 0.52625 9
74 93 0.7086 10
74 94 0.91734 13
74 95 0.92439 11
74 96 0.99613 16
74 100 0.87035 9
75 100 0.73836 3
77 96 0.60372 11
78 93 0.69558 5
78 95 0.97502 6
79 93 0.52806 4
80 86 0.50801 6
80 96 0.86107 11
81 82 0.96476 6
81 91 0.84769 3
81 96 0.95506 12
82 87 0.96103 6
82 88 0.53405 5
82 93 0.85384 7
82 94 0.95014 10
82 96 0.62976 13
85 92 0.50466 4
85 94 0.99441 8
86 89 0.74258 7
86 92 0.97788 6
86 93 0.66568 8
86 99 0.73187 8
89 95 0.84299 7
89 98 0.6392 4
89 99 0.83479 6
92 95 0.84662 6
93 96 0.65487 13
93 99 0.61592 7
94 96 0.88996 15
94 97 0.50423 7
94 98 0.76122 7
95 100 0.53788 7
96 97 0.59769 11
