1 16 2 0 69 42 116 1 4 0 0 4 0 0 0 
0 2 0 0 20 10 6 0 5 2 0 0 0 0 0 
0 0 0 0 0 0 0 0 0 0 0 0 0 0 0 
0 0 0 0 4 0 1 0 0 0 0 -1 0 0 0 
0 0 0 0 10 0 -1 0 0 0 0 1 0 0 0 
1 10 3 0 30 53 81 3 3 0 0 0 0 0 0 
0 3 0 0 20 21 22 0 0 0 0 -2 0 0 0 
0 0 0 0 -3 0 1 0 0 0 0 -1 0 0 0 
-5 -10 -34 -1 -50 -222 0 -98 -5 -11 -11 2 -1 -1 0 
-1 -7 -1 -1 -20 -13 -16 0 -1 -18 0 1 -1 -1 0 
0 1 0 0 22 4 3 0 1 0 0 1 0 0 0 
1 4 2 0 16 22 6 1 2 0 0 0 0 0 0 
0 2 0 0 25 2 17 0 0 0 0 2 0 0 0 
0 1 0 0 11 2 17 0 0 0 0 1 0 0 0 
0 0 0 0 3 0 0 0 0 0 0 0 0 0 0 
0 2 0 0 30 5 17 0 2 3 0 2 0 0 0 
0 -2 1 -1 36 -21 -11 12 0 -9 -10 -1 -2 0 0 
1 15 5 0 45 105 112 8 3 -1 2 4 0 0 0 
0 -1 0 0 -10 -1 -2 0 0 0 0 0 0 0 0 
0 0 0 0 3 0 0 0 0 0 0 0 0 0 0 
0 4 0 0 27 28 14 0 2 0 0 1 0 0 0 
0 -1 0 0 -9 0 0 0 -1 0 0 -1 0 0 0 
0 0 0 0 11 0 0 0 0 0 0 0 0 0 0 
0 -1 0 0 -9 -3 -3 0 0 0 0 0 0 0 0 
0 0 0 0 1 0 0 0 0 0 0 0 0 0 0 
0 1 0 0 18 2 4 0 0 0 0 0 0 0 0 
0 1 0 0 12 1 46 0 0 0 0 -1 0 0 0 
0 -1 0 0 -6 -5 -1 0 -1 1 0 0 0 -1 0 
0 0 0 0 4 0 1 0 0 0 0 -1 0 0 0 
-1 -9 -3 0 -26 -39 -35 -3 -2 0 0 -1 0 0 0 
0 -6 0 0 -32 -18 -38 0 3 0 0 -2 0 0 0 
-1 -9 -2 0 -27 -38 -34 -1 -1 0 0 -2 0 0 0 
0 0 0 0 3 0 1 0 0 0 0 -1 0 0 0 
0 2 0 0 18 2 18 0 0 0 0 1 0 0 0 
0 -1 0 0 -4 -1 -10 0 0 0 0 0 0 0 0 
0 0 0 0 4 0 0 0 0 0 0 0 0 0 0 
3 6 9 0 54 51 1 10 6 0 0 0 0 0 0 
-1 -9 -2 0 -35 -20 -34 -1 -1 0 0 -2 0 0 0 
0 1 0 0 19 2 1 0 0 0 0 0 0 0 0 
0 -1 0 0 46 -8 -5 0 0 1 0 3 0 -1 0 
-1 -12 -7 1 -37 -111 -51 -17 -1 10 2 -4 0 0 0 
0 1 0 0 23 4 1 0 1 0 0 3 0 0 0 
0 -2 2 -2 13 -9 -14 17 5 -19 -16 2 -1 -1 0 
0 6 0 0 45 79 30 0 8 1 0 2 0 0 0 
0 0 0 0 19 1 6 0 0 -1 0 1 0 0 0 
2 19 20 1 81 270 99 86 12 21 14 0 0 1 0 
-1 -5 -4 0 -31 -40 -3 -6 -2 0 0 -2 0 0 0 
-1 -1 -5 0 -12 -50 -11 -9 3 -1 -1 0 0 0 0 
0 2 0 0 29 5 4 0 0 1 0 2 0 0 0 
0 -4 0 0 14 -18 -34 0 -1 0 0 0 0 0 0 
0 15 2 -2 54 111 103 16 22 -7 -14 10 -2 1 0 
0 2 0 0 29 4 18 0 0 0 0 6 0 1 0 
0 -6 0 0 -11 -16 -25 0 -1 0 0 -2 0 0 0 
0 5 0 0 19 12 73 0 4 0 0 0 0 0 0 
1 12 4 1 42 75 62 5 2 18 4 4 1 5 0 
1 22 4 1 83 100 150 5 7 21 5 10 0 1 0 
0 6 -1 1 17 33 49 -6 0 11 5 5 1 2 0 
0 -4 0 0 -3 -13 -19 0 0 1 0 5 0 0 0 
6 22 81 0 102 599 49 490 30 7 26 10 -1 -1 0 
-1 -5 -11 0 -14 -105 4 -51 -3 1 -4 2 0 1 0 
0 9 0 0 43 7 79 0 2 1 0 7 0 3 0 
0 0 0 0 11 0 6 0 0 0 0 0 0 0 0 
-1 -11 -2 0 -43 -37 -50 0 -2 0 -1 -5 0 0 0 
0 0 0 0 13 0 -3 0 0 0 0 2 0 0 0 
-4 5 -34 -4 39 -153 78 -124 9 -34 -36 9 -4 0 0 
0 4 1 -1 36 17 60 0 3 -17 0 0 0 -1 0 
1 18 8 2 76 161 72 27 6 33 14 1 4 8 0 
0 4 0 0 39 20 14 0 0 0 0 1 0 0 0 
-5 -17 -18 -2 -85 -215 42 -26 -6 -20 -8 1 -1 0 0 
0 -1 0 0 0 -1 -11 0 0 0 0 1 0 0 0 
0 2 0 0 15 5 13 0 0 1 0 5 0 1 0 
0 6 0 0 16 19 78 0 -4 7 0 6 0 0 0 
1 9 3 0 55 52 33 2 3 0 1 10 0 0 0 
6 24 57 6 112 470 41 225 21 56 64 2 19 7 0 
0 0 0 0 12 0 -1 0 0 0 0 1 0 0 0 
0 6 0 0 24 2 75 0 2 0 0 0 0 0 0 
1 12 1 1 47 18 63 0 2 19 1 3 0 5 0 
1 6 2 1 54 21 10 1 1 12 2 4 0 1 0 
-1 -8 -2 0 -19 -19 -27 -1 -3 0 0 -1 0 0 0 
-1 -5 -3 0 -3 -44 -12 -3 -1 0 0 4 0 0 0 
1 2 3 1 35 18 -19 3 -1 19 3 0 0 2 0 
5 32 21 4 137 197 138 34 11 60 18 14 3 5 0 
0 0 0 0 4 0 0 0 0 0 0 0 0 0 0 
-1 -7 0 -2 -6 0 -17 0 1 -32 0 -1 -1 -2 0 
0 3 0 0 32 10 18 0 1 0 0 2 0 0 0 
5 30 32 3 131 349 130 83 19 48 25 7 2 0 0 
1 5 3 1 49 40 11 1 3 11 5 3 0 0 0 
-1 -4 -1 -1 -6 -10 -17 0 2 -17 -1 1 0 -1 0 
2 19 5 2 108 64 85 3 5 24 6 4 0 4 0 
1 17 2 0 88 44 123 1 2 0 0 6 0 0 0 
0 1 0 0 2 0 2 0 0 0 0 1 0 0 0 
1 15 2 0 89 34 54 1 1 0 0 9 0 0 0 
0 15 -1 1 63 47 84 -4 5 21 3 7 1 6 0 
1 5 11 0 28 103 41 52 5 0 0 0 3 5 0 
6 29 28 5 152 252 64 50 12 60 25 5 8 2 0 
1 5 12 6 12 83 47 61 5 72 69 3 23 -1 0 
-6 -20 -32 -1 -93 -306 -10 -71 -14 -8 -11 1 -1 1 0 
0 13 1 -1 54 36 115 1 3 -14 -1 8 0 -1 0 
0 5 -1 1 59 12 20 -4 2 14 3 0 1 0 0 
0 10 -1 1 26 8 101 -2 4 20 1 2 1 2 0 
