3 34 3 0 140 58 234 1 5 0 0 7 0 0 0 
12 67 60 6 255 608 287 165 22 75 50 9 5 5 0 
2 14 1 0 59 14 41 0 0 0 0 2 0 0 0 
2 31 1 0 116 19 214 0 6 0 0 11 0 0 0 
3 15 2 1 97 16 40 0 0 14 1 2 0 0 0 
4 39 6 0 171 105 197 4 6 0 0 12 0 0 0 
8 52 27 1 216 329 215 50 10 13 6 13 0 1 0 
2 22 0 1 118 0 115 0 0 12 0 4 0 5 0 
5 31 9 1 177 98 124 7 2 12 3 8 0 5 0 
2 21 0 1 78 0 106 0 0 19 0 6 0 1 0 
7 26 21 0 176 144 57 35 6 0 0 4 0 0 0 
3 22 3 0 124 36 75 1 4 0 0 7 0 0 0 
2 19 1 0 113 15 77 0 2 0 0 6 0 0 0 
3 18 3 0 93 32 67 1 2 0 0 3 0 0 0 
2 17 1 0 91 17 64 0 0 0 0 6 0 0 0 
7 28 18 3 182 128 84 21 3 32 13 5 1 1 0 
16 62 112 8 334 805 161 464 36 49 80 14 16 2 0 
6 50 13 2 229 204 251 12 7 20 8 10 0 6 0 
2 5 1 0 25 5 4 0 0 0 0 0 0 0 0 
2 9 1 0 65 9 20 0 0 0 0 2 0 0 0 
9 60 35 1 247 438 237 77 17 8 7 17 0 0 0 
3 16 2 1 78 17 84 0 0 15 1 7 0 0 0 
3 24 2 1 141 31 123 0 0 17 1 4 0 0 0 
4 11 6 0 76 31 14 4 1 0 0 0 0 0 0 
2 19 1 0 94 13 75 0 3 0 0 8 0 0 0 
3 16 3 0 113 30 38 1 1 0 0 3 0 0 0 
2 20 1 0 103 20 121 0 0 0 0 5 0 0 0 
9 35 34 2 201 230 119 71 8 24 12 3 1 5 0 
2 31 1 0 116 19 214 0 6 0 0 11 0 0 0 
3 16 3 0 83 32 43 1 0 0 0 6 0 0 0 
3 20 3 0 84 32 62 1 4 0 0 4 0 0 0 
2 22 1 0 92 20 129 0 1 0 0 6 0 0 0 
3 31 2 1 115 35 201 0 6 15 1 10 0 0 0 
2 19 1 0 104 17 78 0 1 0 0 5 0 0 0 
2 16 1 0 92 16 56 0 0 0 0 4 0 0 0 
2 15 0 1 82 0 50 0 0 13 0 5 0 1 0 
5 19 10 0 147 62 37 10 7 0 0 2 0 0 0 
2 4 1 0 32 4 1 0 0 0 0 1 0 0 0 
3 14 3 0 95 26 28 1 1 0 0 3 0 0 0 
10 68 37 8 244 449 266 74 21 117 28 12 18 2 0 
6 31 12 3 187 111 69 9 6 30 10 7 1 1 0 
7 41 21 0 215 228 165 35 9 0 0 12 0 0 0 
11 49 53 2 265 430 118 148 20 18 16 12 1 1 0 
17 68 133 3 374 963 166 635 46 27 45 19 0 3 0 
8 38 25 3 225 226 96 40 4 32 14 8 2 0 0 
12 73 63 3 336 695 264 191 27 46 28 15 1 4 0 
4 24 6 0 126 68 79 4 2 0 0 8 0 0 0 
5 40 9 1 176 121 139 7 10 19 3 14 0 0 0 
4 18 5 1 114 45 28 2 0 9 2 4 0 0 0 
6 45 15 0 211 211 190 20 7 0 0 13 0 0 0 
11 100 49 6 317 791 514 118 46 101 40 30 7 8 0 
4 42 4 2 178 78 256 0 3 38 4 21 0 2 0 
4 37 6 0 164 97 220 4 7 0 0 12 0 0 0 
5 49 10 0 233 178 279 10 9 0 0 11 0 0 0 
6 59 12 3 258 212 303 9 7 47 10 20 1 11 0 
6 49 13 2 210 201 220 12 7 28 8 17 0 1 0 
9 46 33 3 246 316 139 64 9 28 19 16 1 3 0 
4 30 5 1 145 66 142 2 2 18 2 18 0 1 0 
17 74 132 4 363 1031 230 622 41 67 56 27 2 2 0 
11 53 51 4 264 443 215 131 11 57 32 19 2 4 0 
3 40 2 1 193 47 236 0 2 19 1 21 0 5 0 
3 23 3 0 123 42 85 1 2 0 0 8 0 0 0 
2 19 0 1 109 0 75 0 0 17 0 6 0 1 0 
2 20 1 0 109 18 80 0 1 0 0 10 0 0 0 
8 56 27 1 318 329 209 50 24 13 6 21 0 1 0 
2 23 1 0 122 17 136 0 3 0 0 5 0 0 0 
11 60 49 6 293 465 213 119 15 83 38 16 8 11 0 
6 23 15 0 165 111 56 20 2 0 0 9 0 0 0 
2 29 1 0 135 23 183 0 3 0 0 15 0 0 0 
2 16 1 0 93 16 54 0 0 0 0 6 0 0 0 
5 27 8 2 145 64 116 5 3 36 4 17 1 1 0 
4 38 5 1 164 80 232 2 1 30 2 19 0 1 0 
4 40 5 1 173 84 195 2 5 24 2 23 0 1 0 
14 69 80 11 311 692 198 255 30 125 86 13 23 10 0 
2 8 1 0 66 8 8 0 0 0 0 4 0 0 0 
2 32 1 0 132 24 233 0 4 0 0 7 0 0 0 
3 39 2 1 167 43 227 0 3 19 1 20 0 5 0 
4 25 5 1 141 57 59 2 2 12 2 8 0 1 0 
2 9 1 0 85 7 14 0 1 0 0 4 0 0 0 
3 31 3 0 172 50 172 1 6 0 0 23 0 0 0 
5 33 9 1 160 105 156 7 2 19 3 19 0 2 0 
8 45 24 4 227 221 160 35 12 60 18 18 3 5 0 
2 12 1 0 59 12 28 0 0 0 0 3 0 0 0 
2 20 1 0 141 14 82 0 3 0 0 8 0 0 0 
5 30 10 0 184 106 96 10 7 0 0 14 0 0 0 
10 63 41 4 293 463 274 90 23 58 28 12 2 0 0 
5 42 7 3 232 108 178 2 5 46 7 12 1 2 0 
2 17 1 0 86 11 60 0 3 0 0 6 0 0 0 
5 34 8 2 198 90 115 4 7 24 6 11 0 4 0 
3 31 3 0 147 58 165 1 2 0 0 10 0 0 0 
1 4 0 0 33 0 5 0 0 0 0 1 0 0 0 
3 21 3 0 130 38 60 1 2 0 0 10 0 0 0 
7 51 18 3 224 221 223 21 11 47 13 19 1 8 0 
12 73 60 6 266 640 272 171 27 89 38 16 11 10 0 
9 47 30 6 266 269 122 50 13 73 26 11 8 4 0 
19 78 152 19 296 1140 209 685 31 194 245 12 39 4 0 
3 30 2 1 163 31 169 0 1 19 1 15 0 4 0 
3 31 3 0 167 54 169 1 4 0 0 12 0 0 0 
7 42 19 2 272 210 126 26 10 22 8 13 1 0 0 
5 41 8 2 189 111 199 5 9 29 4 12 1 3 0 
