2 18 1 0 71 16 118 0 1 0 0 3 0 0 0 
12 65 60 6 235 598 281 165 17 73 50 9 5 5 0 
2 14 1 0 59 14 41 0 0 0 0 2 0 0 0 
2 31 1 0 112 19 213 0 6 0 0 12 0 0 0 
3 15 2 1 87 16 41 0 0 14 1 1 0 0 0 
3 29 3 0 141 52 116 1 3 0 0 12 0 0 0 
8 49 27 1 196 308 193 50 10 13 6 15 0 1 0 
2 22 0 1 121 0 114 0 0 12 0 5 0 5 0 
10 41 43 2 227 320 124 105 7 23 14 6 1 6 0 
3 28 1 2 98 13 122 0 1 37 0 5 1 2 0 
7 25 21 0 154 140 54 35 5 0 0 3 0 0 0 
2 18 1 0 108 14 69 0 2 0 0 7 0 0 0 
2 17 1 0 88 13 60 0 2 0 0 4 0 0 0 
3 17 3 0 82 30 50 1 2 0 0 2 0 0 0 
2 17 1 0 88 17 64 0 0 0 0 6 0 0 0 
7 26 18 3 152 123 67 21 1 29 13 3 1 1 0 
16 64 111 9 298 826 172 452 36 58 90 15 18 2 0 
5 35 8 2 184 99 139 4 4 21 6 6 0 6 0 
2 6 1 0 35 6 6 0 0 0 0 0 0 0 0 
2 9 1 0 62 9 20 0 0 0 0 2 0 0 0 
9 56 35 1 220 410 223 77 15 8 7 16 0 0 0 
3 17 2 1 87 17 84 0 1 15 1 8 0 0 0 
3 24 2 1 130 31 123 0 0 17 1 4 0 0 0 
4 12 6 0 85 34 17 4 1 0 0 0 0 0 0 
2 19 1 0 93 13 75 0 3 0 0 8 0 0 0 
3 15 3 0 95 28 34 1 1 0 0 3 0 0 0 
2 19 1 0 91 19 75 0 0 0 0 6 0 0 0 
9 36 34 2 207 235 120 71 9 23 12 3 1 6 0 
2 31 1 0 112 19 213 0 6 0 0 12 0 0 0 
4 25 6 0 109 71 78 4 2 0 0 7 0 0 0 
3 26 3 0 116 50 100 1 1 0 0 6 0 0 0 
3 31 3 0 119 58 163 1 2 0 0 8 0 0 0 
3 31 2 1 112 35 200 0 6 15 1 11 0 0 0 
2 17 1 0 86 15 60 0 1 0 0 4 0 0 0 
2 17 1 0 96 17 66 0 0 0 0 4 0 0 0 
2 15 0 1 78 0 50 0 0 13 0 5 0 1 0 
2 13 1 0 93 11 36 0 1 0 0 2 0 0 0 
3 13 3 0 67 24 35 1 1 0 0 3 0 0 0 
3 13 3 0 76 24 27 1 1 0 0 3 0 0 0 
10 69 37 8 198 457 271 74 21 116 28 9 18 3 0 
7 43 19 2 224 222 120 26 7 20 8 11 1 1 0 
7 40 21 0 192 224 164 35 8 0 0 9 0 0 0 
11 51 51 4 252 439 132 131 15 37 32 10 2 2 0 
17 62 133 3 329 884 136 635 38 26 45 17 0 3 0 
8 38 25 3 206 225 90 40 4 33 14 7 2 0 0 
10 54 43 2 255 425 165 105 15 25 14 15 1 3 0 
5 29 10 0 157 108 82 10 4 0 0 10 0 0 0 
6 41 14 1 188 171 150 16 7 20 4 14 0 0 0 
4 16 5 1 85 40 24 2 0 8 2 2 0 0 0 
6 49 15 0 197 229 224 20 8 0 0 13 0 0 0 
11 85 47 8 263 680 411 102 24 108 54 20 9 7 0 
4 40 4 2 149 74 238 0 3 38 4 15 0 1 0 
4 43 6 0 175 113 245 4 8 0 0 14 0 0 0 
5 44 10 0 214 166 206 10 5 0 0 11 0 0 0 
5 47 8 2 216 137 241 4 5 29 6 16 0 6 0 
5 27 9 1 127 101 70 7 0 7 3 7 0 0 0 
9 40 34 2 229 283 90 70 9 17 14 11 0 1 0 
4 34 5 1 148 79 161 2 2 17 2 13 0 1 0 
11 52 51 4 261 432 181 132 11 60 30 17 3 3 0 
12 58 62 4 278 548 211 182 14 56 36 17 2 3 0 
3 31 2 1 150 40 157 0 0 18 1 14 0 2 0 
3 23 3 0 112 42 79 1 2 0 0 8 0 0 0 
3 30 2 1 152 37 125 0 2 17 1 11 0 1 0 
2 20 1 0 96 18 83 0 1 0 0 8 0 0 0 
12 51 61 5 279 482 131 174 15 47 42 12 4 1 0 
2 19 0 1 86 0 76 0 0 17 0 5 0 1 0 
10 42 41 4 217 304 141 92 9 50 24 15 4 3 0 
6 19 15 0 126 91 42 20 2 0 0 8 0 0 0 
7 46 19 2 220 238 141 26 9 20 8 14 1 0 0 
2 17 1 0 93 17 65 0 0 0 0 5 0 0 0 
5 25 8 2 130 59 103 5 3 35 4 12 1 0 0 
4 32 5 1 148 61 154 2 5 23 2 13 0 1 0 
3 31 2 1 118 32 162 0 2 24 1 13 0 1 0 
8 45 23 5 199 222 157 30 9 69 22 11 4 3 0 
2 8 1 0 54 8 9 0 0 0 0 3 0 0 0 
2 26 1 0 108 22 158 0 2 0 0 7 0 0 0 
2 27 1 0 120 25 164 0 1 0 0 17 0 0 0 
3 19 3 0 87 36 49 1 1 0 0 4 0 0 0 
3 17 3 0 104 26 41 1 4 0 0 5 0 0 0 
4 36 6 0 175 94 184 4 7 0 0 19 0 0 0 
4 31 6 0 125 87 175 4 3 0 0 19 0 0 0 
3 13 3 0 90 24 22 1 1 0 0 4 0 0 0 
2 12 1 0 55 12 28 0 0 0 0 3 0 0 0 
3 27 1 2 147 14 99 0 2 32 0 9 1 2 0 
5 27 10 0 152 96 78 10 6 0 0 12 0 0 0 
5 33 9 1 162 114 144 7 4 10 3 5 0 0 0 
4 37 4 2 183 68 167 1 2 35 2 9 1 2 0 
3 21 2 1 92 21 77 0 1 17 1 5 0 1 0 
3 15 3 0 90 26 30 1 2 0 0 7 0 0 0 
2 14 1 0 59 14 42 0 0 0 0 4 0 0 0 
1 3 0 0 31 0 3 0 0 0 0 0 0 0 0 
2 6 1 0 41 4 6 0 1 0 0 1 0 0 0 
7 36 19 2 161 174 139 25 6 26 10 12 0 2 0 
11 68 49 6 238 537 231 119 22 89 38 16 8 5 0 
3 18 2 1 114 17 58 0 1 13 1 6 0 2 0 
18 73 140 13 284 1057 162 624 26 122 176 9 16 5 0 
9 50 34 2 256 337 179 71 15 27 12 14 1 3 0 
3 18 2 1 113 18 54 0 1 14 1 4 0 1 0 
7 37 20 1 213 198 106 30 8 8 5 13 0 0 0 
5 31 9 1 163 103 98 7 5 9 3 10 0 1 0 
