0 38
0 43
1 5
1 11
1 14
1 15
1 16
1 24
1 35
1 39
1 43
1 45
1 47
1 59
2 10
2 27
3 16
3 43
4 19
4 20
4 56
5 27
5 58
6 10
6 11
6 16
6 19
6 22
6 42
6 44
6 45
7 16
7 39
8 9
8 16
8 26
8 29
8 30
8 31
8 37
8 39
8 40
8 57
9 16
9 27
10 13
10 14
10 20
10 30
10 55
12 45
12 56
13 37
13 45
15 31
15 35
15 38
15 45
15 48
15 55
16 17
16 20
16 21
16 27
16 28
16 32
16 39
16 50
16 52
16 54
17 25
17 39
17 40
17 44
18 23
18 29
20 25
20 36
20 45
20 53
20 56
20 59
21 32
21 37
22 43
22 51
23 25
23 46
23 49
24 27
26 58
27 33
27 39
27 46
27 49
28 43
29 44
29 56
30 59
31 43
32 43
33 45
34 41
34 59
36 47
38 41
39 43
39 45
39 54
39 56
40 42
40 44
40 68
40 86
40 96
41 43
41 54
41 56
41 57
41 98
42 44
42 47
42 61
42 64
42 76
42 83
42 87
42 93
42 98
43 49
43 50
43 51
43 52
43 53
43 75
43 85
43 86
44 53
44 66
44 82
45 60
45 64
46 61
46 68
46 93
47 59
47 81
47 96
48 55
48 67
48 80
49 64
49 71
49 96
50 58
50 64
50 66
50 83
50 86
50 93
50 94
50 95
50 98
51 66
51 95
52 84
52 96
53 58
53 79
54 70
54 95
55 58
55 85
56 68
56 73
56 77
57 70
57 95
58 64
58 65
58 68
58 71
58 75
58 95
59 62
59 63
59 68
59 69
59 72
59 93
59 95
60 73
60 95
61 66
62 64
62 93
63 66
64 65
64 79
64 80
64 83
64 87
64 99
66 84
66 86
66 89
66 94
66 95
67 72
67 77
67 82
67 89
67 93
68 73
68 99
69 98
70 74
70 84
70 95
71 78
71 95
72 95
73 88
73 92
73 93
73 95
73 99
74 99
76 95
77 92
78 92
78 96
79 85
79 95
80 90
80 95
81 87
81 92
84 91
84 93
85 92
85 98
88 97
88 98
91 94
92 95
92 98
93 95
93 96
93 97
95 96
96 97
96 99
