0 38 0.85925
0 43 0.84234
0 58 0.62715
1 5 0.70656
1 11 0.65451
1 14 0.55062
1 15 0.57881
1 16 0.72944
1 24 0.96886
1 35 0.9061
1 39 0.86077
1 43 0.79624
1 45 0.82809
1 47 0.6507
1 59 0.72474
2 10 0.79194
2 27 0.53062
3 16 0.98405
3 43 0.79315
4 19 0.89669
4 20 0.65772
4 56 0.77572
5 27 0.92882
5 36 0.85814
5 58 0.95382
6 10 0.81714
6 11 0.83371
6 16 0.59366
6 19 0.63446
6 22 0.55157
6 42 0.96168
6 44 0.73008
6 45 0.64401
7 16 0.87645
7 39 0.91573
8 16 0.8663
8 26 0.67544
8 39 0.65266
8 40 0.65268
8 57 0.76491
9 16 0.88891
9 27 0.75146
10 13 0.53589
10 14 0.94728
10 20 0.69581
10 30 0.65666
10 55 0.94498
11 36 0.95085
12 45 0.89413
12 56 0.89764
13 37 0.85811
13 45 0.83055
15 31 0.50234
15 35 0.80724
15 38 0.87686
15 45 0.7686
15 48 0.57983
15 55 0.50239
16 17 0.55197
16 20 0.77465
16 21 0.53921
16 27 0.92153
16 28 0.54651
16 32 0.93103
16 39 0.98732
16 50 0.91664
16 52 0.8563
16 54 0.50225
17 25 0.72506
17 39 0.55792
17 40 0.93237
17 44 0.66322
17 58 0.82698
18 23 0.76362
18 29 0.72876
20 25 0.87397
20 36 0.79373
20 45 0.57874
20 53 0.89972
20 56 0.93061
20 59 0.94704
21 32 0.89491
21 37 0.50872
22 43 0.87498
22 51 0.57264
23 25 0.86874
23 46 0.71207
23 49 0.61003
24 27 0.56491
26 58 0.74464
27 33 0.69087
27 39 0.79622
27 46 0.97149
27 49 0.72163
28 43 0.53219
29 44 0.99031
29 56 0.98564
30 36 0.84472
30 59 0.85671
31 43 0.85507
32 43 0.63415
33 45 0.73606
34 41 0.91455
34 59 0.65756
36 47 0.85418
38 41 0.87512
39 43 0.7919
39 45 0.89302
39 54 0.59526
39 56 0.81503
40 42 0.84756
40 44 0.93509
40 81 0.74443
40 86 0.57613
41 43 0.95087
41 54 0.94182
41 56 0.87119
41 57 0.99508
41 98 0.96551
42 44 0.52377
42 47 0.78125
42 61 0.86404
42 64 0.52359
42 76 0.65672
42 83 0.61415
42 87 0.97096
42 93 0.8107
42 98 0.72483
43 49 0.91517
43 50 0.85952
43 51 0.67093
43 52 0.52055
43 53 0.83136
43 75 0.91358
43 85 0.68783
43 86 0.5348
44 53 0.5287
44 66 0.62776
44 82 0.79676
45 58 0.57244
45 60 0.94705
45 64 0.71246
45 85 0.69795
46 61 0.9677
46 93 0.85486
47 59 0.88271
47 81 0.89093
48 55 0.72471
48 67 0.63073
48 80 0.79251
49 64 0.88082
49 71 0.6989
49 94 0.85184
50 58 0.75457
50 64 0.63727
50 66 0.58158
50 83 0.83582
50 86 0.62568
50 93 0.54754
50 94 0.80889
50 95 0.69327
50 98 0.54035
51 66 0.96156
51 95 0.55326
52 84 0.95772
52 96 0.50771
53 58 0.64699
53 79 0.57423
54 70 0.75922
54 73 0.89417
54 95 0.66112
55 58 0.71797
55 73 0.69725
55 85 0.73767
56 73 0.5742
56 77 0.93496
56 94 0.98406
57 70 0.82432
57 95 0.8928
58 65 0.91263
58 68 0.57344
58 71 0.65974
58 75 0.78019
58 85 0.50769
58 89 0.69542
58 95 0.87713
58 97 0.92144
58 99 0.55453
59 62 0.85685
59 63 0.80737
59 69 0.87599
59 72 0.82412
59 93 0.52521
59 95 0.71992
60 73 0.54933
60 95 0.67286
61 66 0.921
62 93 0.98437
63 66 0.68862
64 65 0.58857
64 73 0.99795
64 80 0.61541
64 99 0.85683
66 73 0.83314
66 84 0.68506
66 86 0.69455
66 89 0.99158
66 94 0.83879
66 95 0.6548
67 72 0.90815
67 77 0.85373
67 82 0.62825
67 89 0.93567
67 93 0.61711
68 73 0.75383
69 98 0.56689
70 74 0.94372
70 84 0.79791
70 95 0.64607
71 78 0.55648
71 95 0.50188
72 85 0.88433
72 95 0.90774
73 76 0.75114
73 88 0.52625
73 92 0.7086
73 93 0.91734
73 94 0.92439
73 95 0.99613
73 99 0.87035
74 99 0.73836
76 95 0.60372
77 92 0.69558
77 94 0.97502
78 92 0.52806
79 85 0.50801
79 95 0.86107
80 81 0.96476
80 90 0.84769
80 95 0.95506
81 86 0.96103
81 87 0.53405
81 92 0.85384
81 93 0.95014
81 95 0.62976
84 91 0.50466
84 93 0.99441
85 88 0.74258
85 91 0.97788
85 92 0.66568
85 98 0.73187
88 94 0.84299
88 97 0.6392
88 98 0.83479
91 94 0.84662
92 95 0.65487
92 98 0.61592
93 95 0.88996
93 96 0.50423
93 97 0.76122
94 99 0.53788
95 96 0.59769
