1 2 0.69218 6
1 39 0.90112 3
1 44 0.85525 4
2 13 0.52852 5
2 20 0.87699 8
2 26 0.78161 7
2 29 0.5299 6
2 42 0.72596 10
2 50 0.95698 13
2 55 0.97172 8
2 56 0.57651 14
3 35 0.94725 6
3 39 0.56163 3
3 50 0.99632 10
4 34 0.85263 3
4 53 0.73534 11
5 9 0.95017 5
5 15 0.82458 5
5 18 0.62181 4
5 19 0.62774 4
5 32 0.69679 7
5 34 0.70081 5
5 50 0.88227 12
6 20 0.87154 7
6 27 0.95138 5
6 40 0.52702 5
6 50 0.74261 12
6 53 0.83523 13
6 54 0.83786 8
6 56 0.68016 13
7 10 0.6317 2
7 28 0.53615 5
8 20 0.55213 5
8 56 0.65604 10
9 28 0.50265 5
9 33 0.5843 3
10 35 0.51867 6
10 36 0.5658 6
11 16 0.51898 4
11 20 0.64983 6
11 24 0.83662 4
11 53 0.92886 12
11 56 0.65011 12
12 35 0.7377 5
12 36 0.78811 5
13 49 0.82239 4
14 32 0.74455 5
14 36 0.52803 6
14 56 0.66253 11
14 60 0.72914 7
15 50 0.89724 10
15 53 0.80314 12
15 59 0.55199 11
16 23 0.68863 3
16 37 0.55659 3
16 59 0.71358 11
17 20 0.67269 5
17 28 0.73371 5
18 50 0.62569 9
19 45 0.58853 7
20 34 0.77259 6
20 47 0.56677 6
20 59 0.74882 13
21 49 0.62343 4
21 59 0.81214 10
22 51 0.68642 5
22 56 0.81059 10
23 58 0.74539 4
24 43 0.90877 4
24 54 0.77935 6
24 59 0.90169 11
25 34 0.84657 3
25 52 0.95456 5
26 30 0.64143 4
26 32 0.5675 6
26 56 0.8959 12
26 59 0.71284 12
26 60 0.83696 8
27 28 0.5532 5
27 42 0.92174 7
28 41 0.75669 7
28 44 0.90135 6
28 50 0.62431 12
28 52 0.64883 8
29 50 0.82129 10
29 59 0.84007 11
30 40 0.81911 3
30 56 0.61626 11
31 58 0.61356 4
31 59 0.73983 10
32 38 0.53106 5
32 45 0.57022 9
32 51 0.64211 8
32 60 0.67187 9
33 53 0.83025 11
33 56 0.92707 11
35 36 0.90234 9
35 38 0.74025 6
35 48 0.75584 6
35 53 0.86874 14
35 56 0.7926 14
35 59 0.98569 14
36 46 0.54295 6
36 50 0.70545 13
36 55 0.73629 8
36 57 0.7868 6
36 59 0.84339 14
37 53 0.56231 11
37 58 0.81519 5
38 59 0.94025 11
39 56 0.92641 11
40 53 0.61873 12
40 56 0.97534 11
41 42 0.66065 9
41 52 0.57795 7
41 59 0.632 12
41 79 0.72169 8
41 84 0.69562 5
42 50 0.62568 14
42 53 0.65068 16
42 60 0.96815 11
42 66 0.85483 10
42 69 0.96785 7
42 82 0.69921 8
42 90 0.66015 13
42 95 0.98768 7
42 96 0.78583 14
43 60 0.75559 8
43 75 0.50729 7
43 79 0.96113 8
43 90 0.57947 9
44 66 0.96095 7
44 74 0.61679 4
44 93 0.63438 6
45 49 0.77921 9
45 50 0.81831 14
45 52 0.79699 10
45 55 0.7014 9
45 56 0.8705 15
45 57 0.93629 8
45 58 0.5604 9
45 59 0.7558 15
45 74 0.58663 8
45 90 0.61014 13
46 50 0.62184 10
46 90 0.52047 9
46 96 0.66037 10
47 50 0.78089 10
47 56 0.97939 11
47 68 0.54233 6
48 52 0.72114 6
48 60 0.79656 7
48 96 0.80013 10
49 53 0.55018 13
49 56 0.72701 13
49 68 0.71913 8
49 73 0.65664 7
50 53 0.6956 18
50 58 0.88245 12
50 75 0.70661 13
50 76 0.79126 13
51 53 0.79114 14
51 54 0.77182 9
51 55 0.53285 8
51 56 0.51055 14
51 60 0.82913 10
51 64 0.76714 6
51 96 0.97103 12
52 58 0.70875 7
52 75 0.72008 8
52 76 0.71095 8
53 54 0.81757 14
53 59 0.62354 19
53 62 0.68729 11
53 65 0.7766 11
53 79 0.88505 15
53 82 0.66665 12
53 84 0.52221 12
53 89 0.80877 12
54 59 0.81416 14
54 72 0.57802 6
54 76 0.76458 9
54 96 0.95643 12
54 100 0.56549 6
55 90 0.56537 10
55 93 0.96061 7
55 99 0.79698 8
56 59 0.53388 19
56 63 0.76926 11
56 77 0.71881 11
57 60 0.99819 7
57 68 0.81503 6
58 90 0.91935 10
59 63 0.52237 11
59 78 0.79491 11
59 85 0.55978 12
60 74 0.85281 7
60 87 0.54551 6
60 99 0.62539 10
61 66 0.82216 6
61 89 0.67208 3
61 99 0.82153 6
62 91 0.81352 3
62 96 0.70356 9
63 98 0.72413 5
64 66 0.9602 6
64 83 0.73244 3
64 94 0.78305 3
65 74 0.86235 3
65 92 0.76588 4
66 70 0.77094 6
66 72 0.74138 6
66 79 0.50727 10
66 96 0.77707 12
66 100 0.74239 6
67 68 0.81746 5
67 82 0.55145 3
68 79 0.91334 10
68 81 0.99355 5
68 84 0.50803 7
68 90 0.96634 11
68 92 0.58931 7
69 79 0.77554 7
69 90 0.92574 8
70 80 0.55796 2
70 96 0.78951 9
71 98 0.84609 4
71 99 0.86299 5
72 73 0.50737 5
73 84 0.52685 6
73 96 0.99065 11
73 98 0.71832 7
73 99 0.95833 8
73 100 0.61549 5
75 76 0.89179 9
75 78 0.73138 6
75 79 0.75934 10
75 88 0.87359 6
75 96 0.68299 12
75 99 0.83312 9
76 86 0.54636 5
76 90 0.94648 11
76 95 0.87232 6
76 97 0.57019 6
76 99 0.56053 9
77 93 0.68259 5
77 98 0.58186 5
78 99 0.81913 6
79 84 0.54017 8
79 88 0.92774 7
79 96 0.72073 13
79 97 0.61455 7
80 96 0.63199 9
81 92 0.95923 4
82 90 0.96771 9
83 100 0.80309 3
85 90 0.51725 10
85 92 0.78448 6
85 96 0.84322 11
85 97 0.55514 4
85 98 0.8693 6
86 90 0.81256 8
87 96 0.50479 9
88 92 0.97616 4
89 93 0.92699 5
89 96 0.61979 10
90 93 0.87642 10
90 98 0.97282 10
91 93 0.97731 5
91 94 0.78272 3
91 95 0.93751 3
92 98 0.93082 6
93 94 0.6867 5
96 99 0.58204 12
