1 2 0.69218 6
1 39 0.90112 3
1 41 0.65367 9
1 44 0.85525 4
2 13 0.52852 5
2 20 0.87699 8
2 26 0.78161 7
2 29 0.5299 5
2 42 0.72596 10
2 50 0.95698 13
2 55 0.97172 8
2 56 0.57651 14
3 35 0.94725 6
3 39 0.56163 3
3 50 0.99632 10
4 34 0.85263 3
4 53 0.73534 5
5 9 0.95017 4
5 15 0.82458 5
5 18 0.62181 4
5 19 0.62774 4
5 34 0.70081 5
5 50 0.88227 11
6 50 0.74261 9
6 56 0.68016 10
7 10 0.6317 2
7 28 0.53615 5
8 20 0.55213 5
8 41 0.73075 9
8 56 0.65604 11
9 28 0.50265 6
9 33 0.5843 2
10 35 0.51867 6
10 36 0.5658 6
11 16 0.51898 4
11 20 0.64983 6
11 24 0.83662 4
11 41 0.82853 10
11 56 0.65011 12
12 35 0.7377 6
12 36 0.78811 6
12 41 0.81215 9
13 49 0.82239 4
14 32 0.88017 3
14 36 0.52803 7
14 56 0.66253 11
14 60 0.72914 8
15 50 0.89724 10
15 53 0.80314 6
15 59 0.55199 7
16 23 0.68863 2
16 37 0.55659 6
17 20 0.67269 4
17 28 0.73371 5
18 50 0.62569 9
19 45 0.58853 6
20 34 0.77259 5
20 47 0.56677 5
20 59 0.74882 8
21 49 0.62343 4
21 59 0.81214 6
22 41 0.87967 9
22 51 0.68642 5
22 56 0.81059 11
23 58 0.74539 4
24 43 0.90877 4
24 54 0.77935 5
25 34 0.84657 3
25 52 0.95456 5
26 30 0.64143 4
26 32 0.5675 4
26 37 0.65978 8
26 56 0.8959 12
26 60 0.83696 9
27 28 0.5532 5
27 42 0.92174 7
28 37 0.69937 9
28 41 0.75669 12
28 44 0.90135 6
28 50 0.62431 13
28 52 0.64883 8
29 50 0.82129 9
30 40 0.81911 3
30 56 0.61626 11
31 58 0.61356 4
31 59 0.73983 6
33 56 0.92707 10
35 36 0.90234 9
35 37 0.81972 9
35 38 0.74025 6
35 48 0.75584 6
35 56 0.7926 14
35 59 0.98569 9
36 37 0.5081 10
36 46 0.54295 7
36 50 0.70545 13
36 55 0.73629 8
36 57 0.7868 7
36 59 0.84339 10
37 38 0.835 6
37 40 0.91017 6
37 53 0.56231 9
37 58 0.81519 8
37 60 0.54227 11
38 59 0.94025 6
39 56 0.92641 11
40 56 0.97534 11
41 42 0.66065 13
41 52 0.57795 11
41 60 0.99372 14
41 79 0.72169 9
41 82 0.66101 9
41 84 0.69562 8
41 85 0.58463 11
41 99 0.59842 12
41 100 0.9464 9
42 50 0.62568 14
42 53 0.65068 10
42 60 0.96815 12
42 66 0.85483 8
42 69 0.96785 7
42 82 0.69921 8
42 90 0.66015 13
42 95 0.98768 7
42 96 0.78583 14
43 60 0.75559 9
43 75 0.50729 7
43 79 0.96113 4
43 90 0.57947 9
44 74 0.61679 4
44 93 0.63438 5
45 49 0.77921 9
45 50 0.81831 14
45 52 0.79699 9
45 55 0.7014 9
45 56 0.8705 15
45 57 0.93629 7
45 58 0.5604 9
45 59 0.90674 10
45 74 0.58663 8
45 90 0.61014 12
46 50 0.62184 10
46 90 0.52047 9
46 96 0.66037 10
47 50 0.78089 10
47 56 0.97939 11
47 68 0.54233 9
48 52 0.72114 6
48 60 0.79656 8
48 96 0.80013 10
49 53 0.86582 8
49 56 0.72701 13
49 68 0.71913 11
49 73 0.65664 4
50 53 0.6956 13
50 58 0.88245 12
50 75 0.70661 13
50 76 0.79126 13
51 53 0.79114 8
51 54 0.77182 7
51 55 0.53285 7
51 56 0.51055 13
51 60 0.82913 10
51 64 0.76714 6
51 96 0.97103 12
52 58 0.70875 7
52 75 0.72008 8
52 76 0.71095 8
53 54 0.81757 8
53 89 0.80877 6
54 72 0.57802 4
54 76 0.76458 8
54 96 0.95643 11
54 100 0.56549 5
55 90 0.56537 10
55 93 0.96061 7
55 99 0.79698 8
56 59 0.53388 14
56 63 0.76926 10
56 77 0.71881 11
57 60 0.99819 8
57 68 0.81503 9
58 90 0.91935 10
59 85 0.55978 9
60 68 0.81497 14
60 74 0.85281 9
60 87 0.54551 7
60 99 0.62539 11
61 89 0.67208 3
61 99 0.82153 5
62 91 0.81352 3
62 96 0.70356 9
63 98 0.72413 4
64 68 0.50757 9
64 83 0.73244 3
64 94 0.78305 3
65 74 0.86235 3
65 92 0.76588 4
66 70 0.77094 4
66 72 0.74138 3
66 96 0.77707 10
66 100 0.74239 4
67 68 0.81746 8
67 82 0.55145 3
68 71 0.84781 9
68 74 0.69293 10
68 75 0.61733 12
68 81 0.99355 8
68 84 0.50803 8
68 85 0.80263 11
68 86 0.9006 9
68 90 0.96634 14
68 92 0.5986 10
69 90 0.92574 8
70 80 0.55796 2
70 96 0.78951 9
71 98 0.84609 4
71 99 0.86299 6
73 96 0.99065 9
75 76 0.89179 9
75 78 0.73138 5
75 88 0.87359 5
75 96 0.68299 12
75 99 0.83312 9
76 86 0.54636 6
76 90 0.94648 11
76 95 0.87232 6
76 97 0.57019 5
76 99 0.56053 9
77 93 0.68259 5
77 98 0.58186 4
78 99 0.81913 5
79 96 0.72073 9
80 96 0.63199 9
81 92 0.95923 4
82 90 0.96771 9
83 100 0.80309 3
85 90 0.51725 11
85 92 0.78448 7
85 96 0.84322 12
85 97 0.55514 5
85 98 0.8693 7
86 90 0.81256 8
87 96 0.50479 9
88 92 0.97616 4
89 93 0.92699 5
89 96 0.61979 10
90 93 0.87642 10
90 98 0.97282 10
91 93 0.97731 5
91 94 0.78272 3
91 95 0.93751 3
92 98 0.93082 6
93 94 0.6867 5
96 99 0.58204 12
