-1 -13 -3 0 -52 -49 -84 -3 -2 0 0 -4 0 0 0 
0 1 0 0 55 -3 2 0 5 -1 0 2 0 1 0 
0 0 0 0 31 -2 0 0 1 0 0 0 0 0 0 
0 11 0 0 44 11 135 0 0 0 0 8 0 0 0 
1 6 6 0 63 54 10 13 2 0 2 5 0 0 0 
5 31 16 4 140 223 126 19 22 79 12 5 4 5 0 
0 -1 0 0 -17 -1 -7 0 0 0 0 0 0 0 0 
-1 -13 -2 0 -34 -47 -84 -1 -2 0 0 -1 0 0 0 
0 1 0 0 9 2 -1 0 0 0 0 0 0 0 0 
0 -1 0 0 18 -1 -7 0 0 1 0 0 0 -1 0 
0 8 0 0 53 0 79 0 16 0 0 11 0 0 0 
-1 -15 -2 0 -44 -43 -94 0 0 1 -1 -4 0 -1 0 
0 0 0 0 12 0 0 0 0 0 0 0 0 0 0 
0 0 -1 1 8 -14 -25 -2 0 10 2 -3 0 2 0 
0 19 -1 1 58 10 212 -1 1 39 0 7 1 3 0 
1 11 3 0 56 35 111 3 6 0 0 7 0 0 0 
0 0 0 0 -2 0 -1 0 0 0 0 0 0 0 0 
0 1 0 0 20 0 3 0 0 1 0 1 0 0 0 
0 2 0 0 18 0 15 0 1 0 0 0 0 0 0 
1 14 7 0 52 100 121 21 14 0 0 10 0 0 0 
0 9 0 0 45 7 111 0 1 0 0 6 0 0 0 
-1 -13 -2 0 -33 -45 -85 0 -3 1 -1 0 0 0 0 
0 1 0 0 5 1 2 0 0 0 0 0 0 0 0 
1 18 2 1 102 34 132 1 5 22 2 10 0 1 0 
0 0 0 0 -7 0 0 0 0 0 0 0 0 0 0 
0 10 -1 1 33 21 85 -2 2 15 0 -1 2 5 0 
1 5 2 0 47 23 5 1 3 0 0 3 0 0 0 
-1 -16 -8 0 -19 -145 -100 -27 -5 -9 -1 -4 0 0 0 
1 18 2 0 91 44 142 0 7 0 1 11 0 0 0 
0 1 0 0 38 3 -1 0 -1 -3 0 2 0 2 0 
0 9 0 0 30 9 111 0 0 0 0 6 0 0 0 
5 31 17 3 188 168 95 23 12 34 9 12 3 0 0 
1 19 2 0 92 44 157 1 7 0 0 14 0 0 0 
0 2 0 0 31 6 11 0 0 0 0 0 0 0 0 
0 19 1 -1 43 105 199 5 5 29 -3 9 -2 4 0 
-1 1 -8 -1 21 -36 79 -27 -3 -1 -6 5 -3 0 0 
-7 -28 -39 -3 -129 -382 14 -96 -15 -28 -22 -2 -1 -4 0 
0 8 1 -1 40 18 94 0 1 -4 1 7 -1 0 0 
0 -1 0 0 -2 -2 -5 0 0 0 0 3 0 0 0 
1 12 1 2 70 16 100 0 3 37 1 7 2 2 0 
-9 -14 -88 -2 -70 -609 97 -393 -14 -38 -40 4 -2 1 0 
0 8 1 -1 57 79 61 10 6 -5 -10 7 0 1 0 
0 5 -1 1 7 10 8 -3 -3 12 3 1 0 2 0 
1 5 4 0 1 43 14 6 -1 0 0 2 0 0 0 
1 14 11 0 32 200 115 49 11 5 6 5 0 2 0 
0 -1 0 0 28 -2 -8 0 0 -1 0 1 0 0 0 
0 -5 0 0 21 -17 -57 0 1 0 0 0 0 0 0 
0 -2 0 0 0 -2 -21 0 -2 0 0 0 0 0 0 
0 11 0 0 57 43 96 0 11 1 0 8 0 0 0 
0 15 -1 1 51 178 109 -13 9 36 11 4 2 4 0 
1 14 7 1 35 124 113 18 12 20 10 8 0 4 0 
0 -9 0 0 -17 -50 -70 0 -2 -9 0 1 0 0 0 
11 42 146 8 127 1193 122 892 57 91 151 5 13 8 0 
2 32 12 3 127 230 222 28 12 74 17 13 4 4 0 
0 1 0 0 17 3 10 0 1 1 0 -2 0 0 0 
0 11 -3 3 35 77 87 -43 35 47 35 5 8 2 0 
0 -6 1 -1 -7 8 -55 2 -1 -22 -2 -3 0 -1 0 
0 -6 0 0 3 -33 -24 0 -3 3 0 -4 0 0 0 
9 36 120 6 105 987 112 723 40 88 114 7 12 3 0 
-2 -27 -21 -2 -6 -330 -137 -92 -16 -58 -30 -3 1 -1 0 
1 8 2 0 41 23 25 1 2 0 0 3 0 0 0 
1 19 2 0 98 46 157 1 5 0 0 14 0 0 0 
1 17 1 1 76 21 119 0 1 28 1 5 0 3 0 
0 -5 0 0 -1 -17 -54 0 1 0 0 -2 0 0 0 
1 18 2 0 82 47 159 1 -1 0 0 9 0 0 0 
4 18 25 1 73 219 30 61 9 17 11 5 2 1 0 
0 -6 0 0 -12 -6 -59 0 0 0 0 -4 0 0 0 
-6 -17 -65 -4 -52 -410 -22 -311 -16 -46 -56 -1 -4 -1 0 
1 10 2 0 53 30 41 0 6 0 1 4 0 0 0 
0 4 0 0 29 4 16 0 0 2 0 2 0 1 0 
-1 -13 -2 0 -52 -32 -80 -1 -4 0 0 -6 0 0 0 
1 12 2 0 80 26 45 1 4 0 0 5 0 0 0 
5 21 19 1 112 188 24 30 11 19 5 8 0 1 0 
-1 -11 -3 -1 -15 -41 -70 -3 -3 -22 -3 -4 0 -1 0 
0 -8 -3 3 27 -86 -83 -17 -8 34 13 -3 4 2 0 
0 2 0 0 16 19 8 0 -1 1 0 6 0 -1 0 
0 1 0 0 16 2 2 0 0 0 0 3 0 0 0 
1 18 2 0 72 50 140 0 0 0 1 13 0 0 0 
8 30 45 7 144 442 81 108 19 78 49 11 7 3 0 
0 0 0 0 17 0 -3 0 0 0 0 3 0 0 0 
0 -6 0 0 -16 0 -54 0 0 -4 0 -3 0 -1 0 
0 5 0 0 28 12 71 0 -1 5 0 4 0 0 0 
0 0 0 0 -9 -2 0 0 1 0 0 0 0 0 0 
3 14 6 3 96 82 27 4 4 50 3 7 3 0 0 
-2 -13 -11 -2 -4 -159 -26 -23 -4 -30 -10 4 -3 -2 0 
-1 -12 -1 -1 -32 -18 -63 0 -1 -21 0 -4 -1 -1 0 
0 -2 0 0 -14 -2 -22 0 0 0 0 1 0 0 0 
1 8 1 1 38 13 26 0 0 12 1 3 0 2 0 
0 12 0 0 58 30 133 0 3 0 0 11 0 0 0 
0 -2 2 -2 35 8 -29 21 -4 -24 -18 -1 -3 -1 0 
0 1 0 0 20 3 1 0 0 0 0 0 0 0 0 
0 -3 1 -1 18 9 -42 2 -1 -20 0 -1 -2 -1 0 
0 1 0 0 18 6 5 0 0 0 0 -2 0 0 0 
0 0 0 0 -3 0 0 0 0 0 0 0 0 0 0 
0 0 0 0 11 0 1 0 0 0 0 -1 0 0 0 
0 13 -3 3 50 122 38 -37 14 41 32 3 5 2 0 
1 8 2 0 44 27 29 1 2 0 0 5 0 0 0 
1 4 6 0 17 54 7 13 0 0 2 1 0 -2 0 
0 -9 0 0 -15 -54 -92 1 -6 -6 -2 1 1 0 0 
0 -2 0 0 17 -14 -42 0 4 0 0 1 0 0 0 
