3 14 3 0 102 26 32 1 1 0 0 3 0 0 0 
9 62 33 3 316 392 294 64 22 54 19 21 1 3 0 
3 26 3 0 163 46 133 1 3 0 0 16 0 0 0 
2 22 1 0 111 22 163 0 0 0 0 11 0 0 0 
7 28 19 2 175 130 100 26 4 28 8 11 1 1 0 
7 65 17 4 273 251 383 19 25 79 12 21 4 5 0 
2 9 1 0 49 9 20 0 0 0 0 2 0 0 0 
2 25 1 0 107 15 164 0 5 0 0 10 0 0 0 
3 15 3 0 95 28 34 1 1 0 0 3 0 0 0 
3 15 2 1 108 16 38 0 0 10 1 4 0 2 0 
5 50 10 0 208 154 329 10 23 0 0 22 0 0 0 
2 14 0 1 103 0 38 0 0 10 0 4 0 2 0 
2 14 1 0 120 12 39 0 1 0 0 4 0 0 0 
4 40 5 1 179 90 213 2 8 10 2 14 0 2 0 
4 53 3 3 221 69 356 0 3 74 2 17 2 5 0 
4 25 6 0 154 61 150 4 7 0 0 10 0 0 0 
2 14 1 0 78 14 41 0 0 0 0 1 0 0 0 
2 20 0 1 102 0 107 0 0 18 0 8 0 1 0 
2 17 1 0 113 13 62 0 2 0 0 8 0 0 0 
8 44 28 0 265 256 191 56 26 0 0 17 0 0 0 
2 24 1 0 147 18 157 0 3 0 0 11 0 0 0 
2 24 0 1 129 0 145 0 0 24 0 12 0 0 0 
2 9 1 0 66 7 15 0 1 0 0 3 0 0 0 
4 32 5 1 215 62 157 2 5 22 2 12 0 1 0 
2 10 1 0 56 10 21 0 0 0 0 3 0 0 0 
6 54 11 4 220 166 297 7 10 72 10 11 3 6 0 
3 24 3 0 176 38 80 1 5 0 0 11 0 0 0 
8 36 27 1 194 224 136 50 9 10 6 13 0 0 0 
3 40 2 1 209 44 260 0 7 20 1 19 0 1 0 
3 22 1 2 132 6 120 0 0 32 0 7 1 3 0 
2 24 1 0 134 22 155 0 1 0 0 13 0 0 0 
7 39 18 3 266 172 105 23 14 34 9 15 3 0 0 
3 39 3 0 168 64 304 1 7 0 0 21 0 0 0 
4 15 6 0 92 45 34 4 0 0 0 2 0 0 0 
9 61 30 6 245 358 378 51 11 98 24 16 9 5 0 
9 52 32 4 314 334 255 59 16 44 22 18 3 3 0 
3 28 3 0 154 48 175 1 4 0 0 14 0 0 0 
3 30 2 1 167 32 161 0 2 18 1 11 0 3 0 
3 22 3 0 105 40 145 1 2 0 0 10 0 0 0 
4 39 3 3 185 46 264 0 6 53 2 15 2 3 0 
6 53 13 2 298 217 255 12 12 20 8 22 0 2 0 
12 91 60 6 346 810 444 164 38 105 52 28 4 5 0 
5 42 9 1 226 142 163 7 5 12 3 20 0 2 0 
5 26 10 0 132 104 62 10 0 0 0 6 0 0 0 
12 91 60 6 335 804 446 165 43 103 50 29 5 4 0 
4 50 5 1 231 110 282 2 9 22 2 27 0 0 0 
4 49 6 0 219 125 300 4 11 0 0 22 0 0 0 
4 40 6 0 202 110 179 4 5 0 0 20 0 0 0 
7 62 20 1 281 305 369 30 20 25 5 26 0 1 0 
17 92 126 10 421 1224 309 537 58 116 136 22 7 8 0 
9 78 32 4 314 491 432 57 29 67 26 27 1 4 0 
8 43 25 3 281 236 111 38 13 31 18 10 0 4 0 
20 98 179 11 432 1562 323 956 71 136 170 20 14 11 0 
9 72 31 5 322 423 365 54 20 105 25 24 5 4 0 
7 58 19 2 325 283 198 26 14 35 8 24 1 1 0 
19 75 161 10 348 1090 208 811 73 106 146 18 12 4 0 
4 37 6 0 206 95 141 4 8 0 0 15 0 0 0 
7 45 18 3 236 193 197 23 10 55 9 18 3 1 0 
19 93 161 10 348 1405 330 815 55 143 138 22 16 8 0 
11 49 52 3 347 424 112 141 22 22 21 17 3 0 0 
3 19 3 0 126 32 52 1 3 0 0 7 0 0 0 
3 37 3 0 163 64 259 1 5 0 0 20 0 0 0 
3 40 2 1 162 42 273 0 2 28 1 14 0 3 0 
4 19 6 0 124 53 49 4 2 0 0 8 0 0 0 
3 27 3 0 139 54 171 1 0 0 0 13 0 0 0 
9 46 33 3 204 286 148 66 13 52 15 13 3 2 0 
2 11 1 0 78 9 27 0 1 0 0 4 0 0 0 
9 42 34 2 255 294 131 70 13 12 14 13 0 2 0 
3 32 2 1 184 30 140 0 6 20 1 16 0 1 0 
3 20 1 2 99 7 95 0 0 29 0 4 1 2 0 
2 14 1 0 76 12 37 0 1 0 0 6 0 0 0 
3 22 3 0 142 32 62 1 6 0 0 9 0 0 0 
7 42 20 1 219 209 138 30 11 19 5 14 0 1 0 
4 27 6 0 177 77 98 4 2 0 0 9 0 0 0 
9 56 28 8 272 321 223 38 12 99 36 19 10 2 0 
9 57 32 4 284 363 221 59 19 51 22 26 3 2 0 
3 30 3 0 124 56 169 1 2 0 0 14 0 0 0 
3 32 2 1 185 50 179 0 0 10 1 16 0 2 0 
11 63 48 7 290 498 274 109 24 78 49 20 7 3 0 
2 15 0 1 78 0 85 0 0 13 0 6 0 1 0 
2 11 0 1 51 0 25 0 0 11 0 2 0 0 0 
4 40 4 2 210 70 239 1 1 44 2 16 1 2 0 
2 6 1 0 38 4 6 0 1 0 0 0 0 0 0 
5 42 7 3 216 106 199 4 6 50 3 17 3 0 0 
6 55 13 2 233 233 312 13 9 24 6 25 1 0 0 
2 19 0 1 104 0 78 0 0 19 0 9 0 0 0 
2 25 1 0 110 17 139 0 4 0 0 11 0 0 0 
3 21 2 1 121 24 56 0 1 12 1 11 0 2 0 
4 42 6 0 191 112 271 4 7 0 0 21 0 0 0 
14 66 84 7 380 723 160 283 31 65 78 13 3 4 0 
4 10 5 1 82 24 11 2 0 6 2 1 0 0 0 
6 20 13 2 140 78 37 12 3 14 8 2 0 1 0 
7 29 19 2 184 152 82 25 1 18 10 5 0 1 0 
3 10 2 1 47 13 13 0 0 7 1 1 0 0 0 
3 22 3 0 148 40 75 1 2 0 0 11 0 0 0 
16 71 112 8 370 881 167 455 50 74 98 18 7 5 0 
3 23 3 0 163 40 70 1 3 0 0 13 0 0 0 
7 30 19 2 193 146 83 26 6 22 8 9 1 0 0 
9 50 32 4 254 322 167 60 12 48 20 13 4 3 0 
4 23 6 0 140 55 62 4 7 0 0 9 0 0 0 
