4 27 6 0 154 75 116 4 3 0 0 7 0 0 0 
9 61 33 3 261 395 292 64 17 55 19 19 1 2 0 
3 26 3 0 132 48 133 1 2 0 0 16 0 0 0 
2 11 1 0 67 11 28 0 0 0 0 3 0 0 0 
6 22 13 2 112 76 90 13 2 28 6 6 1 1 0 
2 34 1 0 133 28 257 0 3 0 0 16 0 0 0 
2 10 1 0 66 10 27 0 0 0 0 2 0 0 0 
3 38 3 0 141 62 248 1 7 0 0 11 0 0 0 
3 14 3 0 86 26 35 1 1 0 0 3 0 0 0 
3 16 2 1 90 17 45 0 0 9 1 4 0 3 0 
5 42 10 0 155 154 250 10 7 0 0 11 0 0 0 
3 29 2 1 147 43 132 0 0 9 1 8 0 3 0 
2 14 1 0 108 12 39 0 1 0 0 4 0 0 0 
4 40 6 0 171 104 238 4 8 0 0 17 0 0 0 
4 34 4 2 163 59 144 1 2 35 2 10 1 2 0 
3 14 3 0 98 26 39 1 1 0 0 3 0 0 0 
2 14 1 0 80 14 42 0 0 0 0 1 0 0 0 
2 19 0 1 82 0 104 0 0 17 0 7 0 1 0 
2 15 1 0 95 13 47 0 1 0 0 8 0 0 0 
7 30 21 0 213 156 70 35 12 0 0 7 0 0 0 
2 15 1 0 102 11 46 0 2 0 0 5 0 0 0 
3 37 2 1 162 45 230 0 3 23 1 12 0 0 0 
2 8 1 0 61 6 13 0 1 0 0 3 0 0 0 
3 14 3 0 113 28 25 1 0 0 0 2 0 0 0 
2 10 1 0 63 10 21 0 0 0 0 3 0 0 0 
6 44 12 3 187 145 212 9 8 57 10 12 1 1 0 
2 19 1 0 129 15 75 0 2 0 0 8 0 0 0 
9 52 35 1 213 369 236 77 14 19 7 17 0 0 0 
2 22 0 1 118 0 118 0 0 20 0 8 0 1 0 
3 21 1 2 94 3 121 0 1 35 0 5 1 1 0 
2 15 1 0 104 13 44 0 1 0 0 7 0 0 0 
2 8 1 0 78 4 10 0 2 0 0 3 0 0 0 
2 20 1 0 76 20 147 0 0 0 0 7 0 0 0 
4 13 6 0 61 39 23 4 0 0 0 2 0 0 0 
9 42 29 7 202 253 179 46 6 69 27 7 11 1 0 
10 51 40 5 293 370 176 86 19 45 28 13 6 3 0 
10 56 42 3 283 430 161 97 19 28 22 16 1 4 0 
3 22 1 2 127 14 67 0 1 22 0 4 1 3 0 
3 23 3 0 107 42 150 1 2 0 0 7 0 0 0 
3 27 2 1 115 30 164 0 3 16 1 8 0 1 0 
15 67 101 4 368 826 158 405 26 58 48 18 2 1 0 
12 83 59 7 289 731 383 154 32 110 62 21 4 4 0 
5 37 10 0 219 132 155 10 8 0 0 19 0 0 0 
4 21 6 0 131 61 48 4 1 0 0 4 0 0 0 
11 77 49 6 303 604 331 116 32 98 44 24 5 2 0 
4 51 5 1 203 112 290 2 9 23 2 26 0 0 0 
4 54 6 0 198 142 357 4 10 0 0 22 0 0 0 
4 42 6 0 202 112 200 4 7 0 0 20 0 0 0 
7 51 20 1 224 262 273 30 9 24 5 18 0 1 0 
17 77 127 9 370 1046 200 550 49 80 125 18 5 4 0 
8 64 25 3 279 367 319 39 17 47 16 19 1 0 0 
8 52 25 3 298 286 181 38 15 40 18 9 0 4 0 
9 56 33 3 305 369 201 64 14 45 19 15 1 3 0 
7 40 19 2 195 193 143 26 8 31 8 11 1 0 0 
7 57 19 2 308 280 188 26 13 34 8 26 1 1 0 
19 64 164 7 313 1013 121 854 38 59 111 13 4 2 0 
4 43 5 1 213 87 196 2 9 22 2 18 0 1 0 
7 51 18 3 233 226 221 23 13 52 9 22 3 1 0 
10 57 41 4 243 418 218 92 15 55 24 15 4 5 0 
13 76 73 5 353 754 249 233 38 80 51 20 2 1 0 
2 11 1 0 85 9 27 0 1 0 0 4 0 0 0 
2 18 1 0 65 18 102 0 0 0 0 6 0 0 0 
2 23 1 0 86 21 154 0 1 0 0 9 0 0 0 
4 24 6 0 125 70 103 4 1 0 0 10 0 0 0 
2 9 1 0 57 7 12 0 1 0 0 4 0 0 0 
5 28 8 2 131 67 118 5 4 35 4 8 1 1 0 
2 17 1 0 90 15 86 0 1 0 0 8 0 0 0 
15 59 99 6 307 704 153 381 29 58 70 14 4 3 0 
2 22 0 1 131 0 99 0 0 20 0 12 0 1 0 
3 16 1 2 70 3 79 0 0 27 0 2 1 1 0 
3 27 3 0 128 44 117 1 5 0 0 12 0 0 0 
2 10 1 0 62 6 17 0 2 0 0 4 0 0 0 
2 21 1 0 107 21 114 0 0 0 0 6 0 0 0 
5 38 9 1 192 118 168 7 5 22 3 13 0 1 0 
9 64 31 5 245 407 306 55 20 65 23 22 6 0 0 
9 55 32 4 268 344 213 59 20 50 22 20 3 3 0 
3 29 3 0 108 54 167 1 2 0 0 11 0 0 0 
2 14 0 1 113 0 39 0 0 10 0 3 0 2 0 
3 33 3 0 146 56 193 1 5 0 0 9 0 0 0 
2 15 0 1 61 0 88 0 0 13 0 3 0 1 0 
2 17 0 1 67 0 79 0 0 15 0 5 0 1 0 
4 35 4 2 182 58 168 1 2 39 2 12 1 2 0 
2 6 1 0 47 6 6 0 0 0 0 0 0 0 0 
2 28 1 0 120 24 172 0 2 0 0 10 0 0 0 
8 68 24 4 237 392 338 36 13 54 16 21 4 2 0 
3 31 1 2 136 18 141 0 1 40 0 13 1 1 0 
2 27 1 0 124 19 161 0 4 0 0 10 0 0 0 
2 13 1 0 83 11 30 0 1 0 0 8 0 0 0 
4 30 6 0 133 82 138 4 4 0 0 10 0 0 0 
14 68 82 9 345 715 189 262 35 89 96 14 6 5 0 
4 9 5 1 62 21 10 2 0 6 2 1 0 0 0 
6 23 12 3 122 69 79 10 4 34 8 3 2 2 0 
7 28 19 2 166 146 77 25 1 18 10 7 0 1 0 
3 10 2 1 50 13 13 0 0 7 1 1 0 0 0 
3 22 3 0 137 40 74 1 2 0 0 12 0 0 0 
16 58 115 5 320 759 129 492 36 33 66 15 2 3 0 
2 15 1 0 119 13 41 0 1 0 0 8 0 0 0 
6 26 13 2 176 92 76 13 6 22 6 8 1 2 0 
9 59 32 4 269 376 259 59 18 54 22 12 3 3 0 
4 25 6 0 123 69 104 4 3 0 0 8 0 0 0 
