0 1
0 38
0 40
0 43
1 12
1 19
1 25
1 28
1 41
1 49
1 54
1 55
2 34
2 38
2 49
3 33
3 52
4 8
4 14
4 17
4 18
4 33
4 49
5 49
5 55
6 9
6 27
7 19
7 40
7 55
8 27
8 32
9 34
9 35
10 15
10 19
10 23
10 40
10 55
11 34
11 35
11 40
12 48
13 31
13 35
13 55
13 59
14 49
14 52
14 58
15 22
15 36
16 19
16 27
17 49
18 44
19 33
19 46
19 58
20 48
20 58
21 40
21 50
21 55
22 57
23 42
23 53
24 33
24 51
25 29
25 31
25 36
25 55
25 59
26 27
26 41
27 36
27 40
27 43
27 49
27 51
28 49
29 39
29 55
30 57
30 58
32 55
34 35
34 36
34 37
34 47
34 55
34 58
35 36
35 45
35 49
35 54
35 56
35 58
36 37
36 39
36 52
36 57
36 59
37 58
38 55
39 55
40 41
40 51
40 59
40 78
40 81
40 83
40 84
40 98
40 99
41 49
41 52
41 59
41 65
41 68
41 81
41 89
41 94
41 95
42 59
42 74
42 78
42 89
43 73
43 92
44 48
44 49
44 51
44 54
44 55
44 56
44 57
44 58
44 73
44 89
45 49
45 89
45 95
46 49
46 55
46 67
47 51
47 59
47 95
48 52
48 55
48 67
48 72
49 52
49 57
49 74
49 75
50 52
50 53
50 54
50 55
50 59
50 63
50 95
51 57
51 74
51 75
52 53
52 88
53 71
53 75
53 95
53 99
54 89
54 92
54 98
55 58
55 62
55 76
56 59
56 67
57 89
58 84
59 67
59 73
59 86
59 98
60 88
60 98
61 90
61 95
62 97
63 67
63 82
63 93
64 73
64 91
65 69
65 71
65 95
65 99
66 67
66 81
67 70
67 73
67 74
67 80
67 83
67 84
67 85
67 89
67 91
68 89
69 79
69 95
70 97
70 98
72 95
74 75
74 77
74 87
74 95
74 98
75 85
75 89
75 94
75 96
75 98
76 92
76 97
77 98
78 95
79 95
80 91
81 89
82 99
84 89
84 91
84 95
84 96
84 97
85 89
86 95
87 91
88 92
88 95
89 92
89 97
90 92
90 93
90 94
91 97
92 93
95 98
