0 1 0.69218
0 38 0.90112
0 40 0.65367
0 43 0.85525
1 12 0.52852
1 19 0.87699
1 25 0.78161
1 28 0.5299
1 41 0.72596
1 49 0.95698
1 54 0.97172
1 55 0.57651
2 34 0.94725
2 38 0.56163
2 49 0.99632
3 33 0.85263
3 52 0.73534
4 8 0.95017
4 14 0.82458
4 17 0.62181
4 18 0.62774
4 33 0.70081
4 49 0.88227
5 49 0.74261
5 55 0.68016
6 9 0.6317
6 27 0.53615
7 19 0.55213
7 40 0.73075
7 55 0.65604
8 27 0.50265
8 32 0.5843
9 34 0.51867
9 35 0.5658
10 15 0.51898
10 19 0.64983
10 23 0.83662
10 40 0.82853
10 55 0.65011
11 34 0.7377
11 35 0.78811
11 40 0.81215
12 48 0.82239
13 31 0.88017
13 35 0.52803
13 55 0.66253
13 59 0.72914
14 49 0.89724
14 52 0.80314
14 58 0.55199
15 22 0.68863
15 36 0.55659
16 19 0.67269
16 27 0.73371
17 49 0.62569
18 44 0.58853
19 33 0.77259
19 46 0.56677
19 58 0.74882
20 48 0.62343
20 58 0.81214
21 40 0.87967
21 50 0.68642
21 55 0.81059
22 57 0.74539
23 42 0.90877
23 53 0.77935
24 33 0.84657
24 51 0.95456
25 29 0.64143
25 31 0.5675
25 36 0.65978
25 55 0.8959
25 59 0.83696
26 27 0.5532
26 41 0.92174
27 36 0.69937
27 40 0.75669
27 43 0.90135
27 49 0.62431
27 51 0.64883
28 49 0.82129
29 39 0.81911
29 55 0.61626
30 57 0.61356
30 58 0.73983
32 55 0.92707
34 35 0.90234
34 36 0.81972
34 37 0.74025
34 47 0.75584
34 55 0.7926
34 58 0.98569
35 36 0.5081
35 45 0.54295
35 49 0.70545
35 54 0.73629
35 56 0.7868
35 58 0.84339
36 37 0.835
36 39 0.91017
36 52 0.56231
36 57 0.81519
36 59 0.54227
37 58 0.94025
38 55 0.92641
39 55 0.97534
40 41 0.66065
40 51 0.57795
40 59 0.99372
40 78 0.72169
40 81 0.66101
40 83 0.69562
40 84 0.58463
40 98 0.59842
40 99 0.9464
41 49 0.62568
41 52 0.65068
41 59 0.96815
41 65 0.85483
41 68 0.96785
41 81 0.69921
41 89 0.66015
41 94 0.98768
41 95 0.78583
42 59 0.75559
42 74 0.50729
42 78 0.96113
42 89 0.57947
43 73 0.61679
43 92 0.63438
44 48 0.77921
44 49 0.81831
44 51 0.79699
44 54 0.7014
44 55 0.8705
44 56 0.93629
44 57 0.5604
44 58 0.90674
44 73 0.58663
44 89 0.61014
45 49 0.62184
45 89 0.52047
45 95 0.66037
46 49 0.78089
46 55 0.97939
46 67 0.54233
47 51 0.72114
47 59 0.79656
47 95 0.80013
48 52 0.86582
48 55 0.72701
48 67 0.71913
48 72 0.65664
49 52 0.6956
49 57 0.88245
49 74 0.70661
49 75 0.79126
50 52 0.79114
50 53 0.77182
50 54 0.53285
50 55 0.51055
50 59 0.82913
50 63 0.76714
50 95 0.97103
51 57 0.70875
51 74 0.72008
51 75 0.71095
52 53 0.81757
52 88 0.80877
53 71 0.57802
53 75 0.76458
53 95 0.95643
53 99 0.56549
54 89 0.56537
54 92 0.96061
54 98 0.79698
55 58 0.53388
55 62 0.76926
55 76 0.71881
56 59 0.99819
56 67 0.81503
57 89 0.91935
58 84 0.55978
59 67 0.81497
59 73 0.85281
59 86 0.54551
59 98 0.62539
60 88 0.67208
60 98 0.82153
61 90 0.81352
61 95 0.70356
62 97 0.72413
63 67 0.50757
63 82 0.73244
63 93 0.78305
64 73 0.86235
64 91 0.76588
65 69 0.77094
65 71 0.74138
65 95 0.77707
65 99 0.74239
66 67 0.81746
66 81 0.55145
67 70 0.84781
67 73 0.69293
67 74 0.61733
67 80 0.99355
67 83 0.50803
67 84 0.80263
67 85 0.9006
67 89 0.96634
67 91 0.5986
68 89 0.92574
69 79 0.55796
69 95 0.78951
70 97 0.84609
70 98 0.86299
72 95 0.99065
74 75 0.89179
74 77 0.73138
74 87 0.87359
74 95 0.68299
74 98 0.83312
75 85 0.54636
75 89 0.94648
75 94 0.87232
75 96 0.57019
75 98 0.56053
76 92 0.68259
76 97 0.58186
77 98 0.81913
78 95 0.72073
79 95 0.63199
80 91 0.95923
81 89 0.96771
82 99 0.80309
84 89 0.51725
84 91 0.78448
84 95 0.84322
84 96 0.55514
84 97 0.8693
85 89 0.81256
86 95 0.50479
87 91 0.97616
88 92 0.92699
88 95 0.61979
89 92 0.87642
89 97 0.97282
90 92 0.97731
90 93 0.78272
90 94 0.93751
91 97 0.93082
92 93 0.6867
95 98 0.58204
