1 22 0.50302 5
1 34 0.64874 4
1 44 0.76188 17
1 45 0.53612 10
1 48 0.61229 8
2 4 0.52837 15
2 5 0.63616 7
2 10 0.53409 6
2 17 0.64802 7
2 28 0.97608 10
2 31 0.52909 7
2 33 0.57525 9
2 41 0.80329 16
2 44 0.74437 20
2 48 0.59072 11
2 54 0.9891 8
3 4 0.58597 14
3 11 0.66364 8
3 14 0.79944 7
3 22 0.76463 8
3 27 0.91803 6
3 28 0.8404 9
3 56 0.58445 8
3 57 0.76821 11
3 58 0.60431 10
3 59 0.93976 8
4 5 0.98183 11
4 9 0.70921 11
4 11 0.55942 13
4 13 0.67576 11
4 21 0.8778 12
4 22 0.58206 12
4 26 0.61643 11
4 30 0.93611 12
4 32 0.80995 13
4 37 0.71886 10
4 40 0.89143 10
4 41 0.93036 20
4 42 0.52261 16
4 44 0.80212 24
4 49 0.83701 11
4 50 0.93367 12
4 58 0.58872 15
5 54 0.84187 4
6 44 0.57413 16
6 58 0.87519 6
7 44 0.51879 16
7 52 0.51051 10
7 53 0.51094 5
8 21 0.86936 4
8 41 0.96115 12
9 45 0.55211 9
9 58 0.9295 7
10 22 0.57651 4
11 24 0.97746 4
11 25 0.67164 4
11 29 0.60714 6
11 41 0.52795 14
11 45 0.60801 11
12 18 0.76362 4
12 19 0.57807 3
12 41 0.68991 13
12 42 0.53992 9
12 60 0.85947 6
13 38 0.96877 3
13 39 0.74163 3
13 59 0.5523 5
14 41 0.94681 13
14 48 0.92043 8
14 50 0.83767 5
14 55 0.89654 5
15 20 0.79794 4
15 21 0.57943 4
16 30 0.53579 4
16 33 0.93187 5
16 48 0.66702 7
17 20 0.9669 5
17 28 0.6938 6
17 44 0.56378 17
18 23 0.98005 4
18 45 0.55718 9
19 57 0.92709 7
20 28 0.97778 7
20 34 0.79993 5
20 52 0.58134 12
20 57 0.71951 9
21 25 0.60855 4
21 41 0.56926 14
21 52 0.8149 12
22 39 0.98833 4
22 41 0.57781 14
23 33 0.56053 6
23 36 0.52249 3
23 41 0.65332 13
23 43 0.52886 6
24 44 0.83944 16
26 41 0.71659 12
26 43 0.57353 5
27 32 0.85916 5
28 29 0.94891 7
28 34 0.97602 6
28 39 0.69263 6
28 41 0.50511 15
28 50 0.78411 7
29 32 0.54446 6
29 40 0.53003 3
29 57 0.65923 9
30 44 0.99883 17
30 45 0.86966 10
30 46 0.76554 5
31 52 0.67268 10
31 58 0.88676 7
32 43 0.97483 8
32 46 0.89116 6
32 55 0.87302 6
32 56 0.96486 7
32 57 0.51136 10
33 44 0.66757 18
33 50 0.70637 6
33 51 0.89579 9
33 53 0.5276 7
34 45 0.64614 10
35 57 0.71276 7
35 58 0.78655 6
36 44 0.95558 16
37 41 0.89129 12
38 57 0.62351 7
41 51 0.50509 16
41 53 0.51075 15
41 57 0.50763 17
41 58 0.71315 16
41 59 0.54602 14
41 60 0.62583 15
41 62 0.59972 13
41 74 0.86174 12
41 84 0.81125 17
41 85 0.92823 12
42 44 0.83307 21
42 45 0.66833 14
42 50 0.73694 9
42 57 0.88518 13
42 68 0.72742 7
42 71 0.7871 7
42 73 0.63636 10
42 81 0.51691 15
42 84 0.85586 12
42 88 0.94606 7
42 94 0.67688 7
43 44 0.64918 19
43 52 0.94233 13
43 67 0.74459 5
43 97 0.73552 8
43 98 0.80128 8
44 45 0.83235 23
44 47 0.6416 17
44 49 0.72858 17
44 51 0.85519 20
44 52 0.95808 24
44 53 0.99223 19
44 61 0.8283 18
44 62 0.85017 17
44 66 0.97477 16
44 70 0.66685 17
44 77 0.54033 16
44 80 0.70978 16
44 81 0.85659 23
44 82 0.53146 16
44 84 0.67589 21
44 89 0.75953 16
44 90 0.59438 17
44 98 0.67019 19
45 48 0.92408 14
45 52 0.60284 17
45 67 0.50361 9
45 84 0.56059 14
45 91 0.87032 10
45 93 0.92631 11
45 94 0.73678 9
45 97 0.62686 12
46 51 0.53683 8
46 84 0.85991 8
46 98 0.70648 7
47 59 0.6461 6
47 84 0.62667 8
47 92 0.64915 3
47 93 0.83279 5
48 51 0.62914 11
48 57 0.62126 12
48 60 0.95821 10
48 61 0.85124 9
48 81 0.65001 14
48 93 0.56715 9
48 96 0.8137 8
49 58 0.70631 7
49 98 0.66303 6
50 62 0.64355 5
51 52 0.65787 14
51 59 0.74747 9
51 64 0.57106 6
51 65 0.66803 6
51 69 0.98003 7
51 81 0.96473 14
52 55 0.79113 11
52 56 0.55155 12
52 58 0.82371 14
52 59 0.9561 12
52 70 0.70391 11
52 78 0.73805 10
52 80 0.88679 10
52 81 0.92572 17
52 82 0.81689 10
52 100 0.7034 11
53 60 0.8894 8
53 78 0.88185 5
53 79 0.65452 5
53 99 0.95973 6
54 81 0.80946 11
54 90 0.83985 4
54 95 0.85534 3
55 60 0.89219 6
55 61 0.58507 5
56 57 0.95542 10
56 58 0.65626 9
56 70 0.72728 6
56 73 0.70862 7
57 60 0.82146 10
57 84 0.97413 12
58 63 0.53519 8
59 97 0.85384 8
60 74 0.8448 5
60 97 0.87304 8
61 65 0.72839 4
61 81 0.8434 11
61 92 0.6987 4
62 79 0.96214 3
62 81 0.50002 11
63 73 0.6536 6
63 76 0.50559 3
63 81 0.7094 11
63 83 0.75944 4
64 84 0.82687 7
66 81 0.52772 10
66 83 0.82855 3
67 72 0.69018 3
68 90 0.56534 3
69 80 0.96791 3
69 97 0.96447 6
70 84 0.76353 8
70 86 0.88133 3
71 98 0.79956 5
72 83 0.8221 3
72 95 0.60925 3
72 96 0.99407 4
73 84 0.70378 9
73 90 0.81352 5
73 91 0.7618 6
73 93 0.92852 6
74 85 0.99019 2
75 97 0.71575 5
75 98 0.63604 5
76 84 0.8808 7
77 81 0.6382 9
78 97 0.91902 6
81 91 0.9521 11
81 93 0.61041 11
81 97 0.52937 13
81 98 0.53071 13
81 99 0.63137 10
81 100 0.72654 10
84 87 0.80806 7
86 91 0.99865 3
87 99 0.76303 3
88 100 0.67672 3
89 98 0.72413 5
91 99 0.6803 4
93 100 0.64656 5
96 97 0.83376 6
96 98 0.79217 6
