1 22 0.50302 4
1 34 0.64874 3
1 44 0.76188 16
1 45 0.53612 4
2 4 0.52837 14
2 5 0.63616 7
2 10 0.53409 6
2 17 0.64802 7
2 28 0.97608 6
2 31 0.52909 6
2 33 0.57525 9
2 41 0.80329 16
2 44 0.74437 20
2 48 0.59072 7
2 54 0.9891 8
3 4 0.58597 11
3 27 0.91803 3
3 57 0.76821 7
3 58 0.60431 7
4 5 0.98183 10
4 9 0.70921 10
4 11 0.55942 11
4 13 0.67576 11
4 21 0.8778 12
4 22 0.58206 11
4 26 0.61643 10
4 30 0.93611 11
4 37 0.71886 10
4 40 0.89143 10
4 41 0.93036 20
4 42 0.52261 16
4 44 0.80212 23
4 49 0.83701 11
4 50 0.93367 12
4 58 0.58872 14
5 54 0.84187 4
6 44 0.57413 15
6 58 0.87519 6
7 44 0.51879 16
7 52 0.51051 5
7 53 0.51094 5
8 21 0.67516 8
8 29 0.54739 6
8 35 0.87311 6
8 36 0.81071 6
8 37 0.77697 6
8 41 0.96115 15
8 42 0.83578 12
8 59 0.52743 8
8 60 0.68446 9
9 58 0.9295 6
10 22 0.57651 3
11 24 0.97746 3
11 25 0.67164 3
11 29 0.60714 4
11 41 0.52795 13
12 18 0.76362 3
12 19 0.57807 3
12 41 0.68991 13
12 42 0.53992 10
12 60 0.85947 7
13 38 0.96877 5
13 39 0.74163 3
13 59 0.5523 5
14 41 0.94681 12
14 50 0.83767 4
14 55 0.89654 3
15 20 0.79794 3
15 21 0.57943 4
16 30 0.53579 3
16 33 0.93187 5
17 20 0.9669 3
17 44 0.56378 16
18 23 0.98005 3
19 57 0.92709 6
20 34 0.79993 3
20 57 0.71951 7
21 25 0.60855 4
21 38 0.63829 6
21 41 0.56926 14
21 52 0.8149 7
22 39 0.98833 3
22 41 0.57781 13
23 33 0.56053 6
23 36 0.52249 4
23 41 0.65332 13
23 43 0.52886 6
24 44 0.83944 15
26 41 0.71659 12
26 43 0.57353 5
27 32 0.85916 3
28 50 0.8272 4
29 40 0.53003 3
29 57 0.65923 7
30 38 0.51698 5
30 44 0.99883 17
30 46 0.76554 5
31 58 0.88676 6
32 43 0.97483 5
32 55 0.73217 4
32 56 0.96486 4
33 38 0.99379 7
33 44 0.66757 18
33 50 0.70637 7
33 51 0.89579 9
33 53 0.5276 8
34 45 0.64614 4
35 57 0.71276 7
35 58 0.78655 7
36 44 0.95558 16
37 41 0.89129 12
38 42 0.95101 10
38 57 0.62351 8
41 51 0.50509 16
41 53 0.51075 15
41 57 0.50763 16
41 58 0.71315 16
41 59 0.54602 14
41 60 0.62583 15
41 62 0.59972 13
41 74 0.86174 13
41 84 0.81125 16
41 85 0.92823 12
41 91 0.75674 16
42 44 0.83307 22
42 45 0.66833 10
42 50 0.73694 10
42 57 0.88518 13
42 68 0.72742 9
42 71 0.7871 8
42 73 0.63636 11
42 81 0.51691 16
42 84 0.85586 13
42 88 0.94606 8
42 94 0.67688 9
43 44 0.64918 18
43 67 0.74459 4
43 97 0.73552 8
43 98 0.80128 8
44 45 0.83235 17
44 47 0.6416 17
44 49 0.72858 16
44 51 0.85519 19
44 53 0.99223 18
44 61 0.8283 17
44 62 0.85017 17
44 66 0.97477 16
44 70 0.66685 16
44 77 0.54033 16
44 80 0.70978 15
44 81 0.85659 23
44 82 0.53146 16
44 84 0.67589 20
44 89 0.75953 15
44 90 0.59438 16
44 98 0.67019 19
45 94 0.73678 4
46 51 0.53683 7
46 84 0.85991 8
46 91 0.57689 8
46 98 0.70648 7
47 59 0.6461 6
47 83 0.68821 7
47 84 0.62667 8
47 92 0.64915 4
47 93 0.83279 5
48 60 0.95821 6
48 61 0.97491 5
48 81 0.58092 10
49 58 0.70631 7
49 98 0.66303 6
50 62 0.64355 5
51 59 0.74747 8
51 64 0.57106 6
51 65 0.66803 6
51 69 0.98003 6
51 81 0.96473 13
51 91 0.54637 10
52 58 0.82371 9
52 59 0.9561 7
52 81 0.92572 12
52 82 0.81689 5
52 100 0.7034 5
53 60 0.8894 8
53 78 0.88185 5
53 79 0.65452 5
53 99 0.95973 6
54 81 0.80946 11
54 90 0.83985 4
54 95 0.85534 3
55 60 0.89219 6
55 61 0.58507 5
56 57 0.95542 8
56 58 0.65626 8
56 70 0.72728 4
56 73 0.70862 6
57 60 0.82146 10
57 84 0.97413 11
58 63 0.53519 8
59 97 0.85384 8
60 74 0.8448 6
60 97 0.87304 9
61 65 0.72839 4
61 81 0.8434 11
61 92 0.6987 4
62 79 0.96214 3
62 81 0.50002 11
63 73 0.6536 6
63 76 0.50559 4
63 81 0.7094 11
63 83 0.75944 7
64 84 0.82687 6
66 81 0.52772 10
66 83 0.82855 6
67 72 0.69018 3
68 90 0.56534 3
68 91 0.71403 7
69 80 0.96791 2
69 97 0.96447 6
70 84 0.76353 7
70 86 0.88133 3
71 98 0.79956 5
72 83 0.8221 6
72 95 0.60925 3
72 96 0.99407 3
73 84 0.70378 9
73 90 0.81352 5
73 91 0.7618 9
73 93 0.92852 5
74 83 0.54477 6
74 85 0.99019 3
75 97 0.71575 5
75 98 0.63604 5
76 83 0.81962 6
76 84 0.8808 7
77 81 0.6382 10
77 91 0.77768 7
78 97 0.91902 5
81 91 0.9521 14
81 93 0.61041 10
81 97 0.52937 13
81 98 0.53071 13
81 99 0.63137 11
81 100 0.72654 10
82 91 0.81688 7
83 94 0.96364 6
83 97 0.72132 9
83 99 0.91977 7
84 87 0.80806 7
86 91 0.99865 6
87 91 0.56313 7
87 99 0.76303 4
88 100 0.67672 3
89 98 0.72413 5
91 99 0.6803 8
93 100 0.64656 4
96 97 0.83376 6
96 98 0.79217 6
