-1 -23 -3 -1 -126 -74 -128 -3 -4 -36 -1 -14 -2 -4 0 
0 -14 2 -2 -71 -84 -68 15 -10 -34 -12 -15 -3 -1 0 
-6 -30 -35 -4 -178 -342 -51 -83 -40 -56 -28 -7 -5 -4 0 
-1 -10 -16 -2 -93 -210 -25 -108 -19 -19 -40 -12 -5 -2 0 
0 -1 0 0 -23 -1 -12 0 0 -1 0 -4 0 0 0 
0 -1 0 0 -22 1 -15 0 -1 0 0 -13 0 0 0 
0 -10 1 -1 -39 21 -98 0 1 -29 1 -7 -1 -7 0 
7 32 32 3 172 316 74 62 23 50 16 3 6 6 0 
-1 -16 -2 0 -111 -46 -106 0 -5 -1 -1 -15 0 0 0 
0 -1 0 0 -24 -1 -1 0 0 0 0 -3 0 0 0 
-2 -24 -10 -1 -121 -172 -127 -19 -15 -20 -5 -9 -1 -2 0 
0 2 0 0 -24 5 29 0 1 -1 0 1 0 1 0 
0 2 0 0 -8 2 -7 0 2 0 0 -1 0 0 0 
-2 -21 -7 0 -131 -108 -86 -9 -17 0 0 -8 0 0 0 
0 -1 0 0 -23 1 0 0 -1 0 0 -2 0 0 0 
-1 -10 -2 0 -82 -27 -42 -1 -2 0 0 -7 0 0 0 
-1 -7 -1 -2 -74 -34 -27 0 -1 -20 -1 -10 -2 -2 0 
-1 -15 -2 0 -93 -36 -95 -1 -1 0 0 -10 0 0 0 
0 -2 0 0 -14 -2 -18 0 0 0 0 -3 0 0 0 
-2 -25 -7 -2 -155 -125 -154 -9 -7 -14 -6 -18 -1 -1 0 
1 0 6 0 -21 39 -92 13 5 0 2 -14 0 3 0 
-1 -10 -4 -1 -66 -51 -33 -6 -8 -20 -3 1 -1 -2 0 
0 0 0 0 -32 -2 -2 0 1 0 0 2 0 0 0 
0 -3 0 0 -31 -1 -26 0 -1 0 0 -11 0 0 0 
0 -1 0 0 -24 -1 -3 0 0 0 0 -1 0 0 0 
0 -2 0 0 -31 -1 -22 0 -1 -1 0 0 0 0 0 
0 -10 0 0 -62 -4 -45 0 -3 0 0 -6 0 0 0 
-7 -39 -31 -4 -201 -327 -201 -59 -22 -42 -22 -19 -3 -2 0 
-1 -9 -3 -1 -65 -36 -32 -3 -3 -15 -3 -2 0 -1 0 
0 -11 1 -1 -55 -2 -88 2 0 -34 -1 -10 -1 -4 0 
-1 -15 -1 -1 -103 -23 -96 0 -1 -23 -1 -15 0 -1 0 
-4 -38 -20 -2 -225 -256 -194 -41 -19 -26 -10 -26 -1 -1 0 
1 2 7 0 -27 77 -14 18 1 -2 3 -10 0 -1 0 
-1 -20 -2 -1 -137 -43 -107 0 -1 -19 -3 -7 0 -2 0 
1 6 2 0 11 24 9 1 5 0 0 -2 0 0 0 
1 7 2 0 39 43 6 1 2 0 0 -6 0 0 0 
1 5 1 1 17 19 -11 0 2 18 0 -3 1 3 0 
4 27 13 1 186 147 82 16 13 20 4 8 0 1 0 
-1 -9 -2 0 -54 -21 -27 -1 -2 0 0 -5 0 0 0 
0 -2 0 0 -17 0 -17 0 -1 0 0 -3 0 0 0 
0 -3 -3 3 -81 -20 -29 -48 -27 17 36 -9 12 -3 0 
2 -1 27 0 -38 213 -85 148 6 -29 23 -11 -1 -3 -1 
-1 -21 -6 -1 -107 -128 -129 -15 -14 -29 -5 -10 -1 -7 0 
-1 -9 -19 -10 -29 -199 -57 -153 -17 -126 -204 -4 -47 -4 -2 
-11 -60 -104 -6 -242 -1106 -165 -436 -57 -107 -101 -10 -12 -12 -1 
0 -1 -1 1 -46 -21 -6 -3 0 13 3 -6 0 2 0 
1 4 5 0 -30 72 -4 9 0 0 1 -11 0 -1 0 
-8 -44 -55 -5 -254 -617 -133 -163 -39 -73 -48 -12 -5 -6 0 
0 -2 0 0 -31 0 -26 0 -1 -4 0 -15 0 0 0 
0 -7 0 0 -61 -26 -14 0 -5 1 0 -6 0 0 0 
-1 -16 -9 -1 -81 -171 -110 -33 -12 -37 -10 -5 -1 -6 -1 
-11 -58 -119 -13 -143 -1120 -296 -598 -35 -235 -148 -9 -34 -17 -1 
0 1 0 0 -24 9 -6 0 -1 0 0 -7 0 0 0 
0 0 0 0 -24 0 4 0 0 0 0 -4 0 0 0 
-1 -22 -4 0 -150 -92 -136 -6 -7 0 0 -16 0 0 0 
-2 -23 -6 -5 -137 -101 -110 -4 -6 -81 -17 -11 -4 -4 0 
-2 -16 -20 -3 -108 -269 -56 -82 -14 -25 -37 -10 -2 -1 0 
0 -15 3 -3 -79 -74 -115 24 -10 -48 -21 -7 -3 -4 0 
0 -12 0 0 -67 -53 -119 0 -10 -3 0 -16 0 2 0 
1 -2 8 0 -41 44 -41 26 0 -7 -1 -7 3 3 0 
0 -10 0 0 -67 -27 -63 0 -7 -3 0 -11 0 -3 0 
0 -1 0 0 -29 -3 -20 0 0 1 0 -7 0 -1 0 
0 5 -1 1 -4 8 25 -3 2 8 3 -5 0 0 0 
0 -2 0 0 -26 -2 -16 0 0 0 0 -3 0 0 0 
0 -1 0 0 -24 1 -8 0 -1 0 0 -1 0 0 0 
0 5 0 0 -3 5 9 0 3 1 0 -9 0 -1 0 
-1 -16 -2 0 -108 -35 -100 -1 -3 0 0 -11 0 0 0 
1 12 2 0 46 33 64 1 3 0 0 6 0 0 0 
0 -2 0 0 -39 -2 -8 0 -1 0 0 -2 0 0 0 
-1 -17 -2 -2 -83 -44 -109 -1 -1 -45 -3 -9 -2 -9 0 
0 2 0 0 -4 2 25 0 0 0 0 0 0 0 0 
0 4 0 0 -7 10 23 0 1 0 0 1 0 0 0 
0 3 0 0 -35 17 38 0 0 3 0 -1 0 -1 0 
1 9 3 0 20 49 32 1 1 -1 2 2 0 1 0 
0 0 0 0 -12 0 0 0 0 0 0 0 0 0 0 
1 5 1 1 12 13 10 0 1 10 1 -2 0 0 0 
1 7 1 1 12 32 5 0 2 19 0 -10 1 1 0 
-1 -17 -2 0 -93 -37 -122 -1 -6 0 0 -14 0 0 0 
0 0 0 0 0 0 0 0 0 0 0 0 0 0 0 
-1 -16 -1 -1 -78 -16 -112 0 -1 -30 -1 -8 0 -7 0 
0 -9 2 -2 -37 -48 -61 19 -13 -60 -9 -6 -9 -5 -1 
1 0 3 -1 2 76 -59 1 6 -30 0 -1 0 -7 0 
6 22 32 1 147 206 39 76 10 4 7 6 0 0 0 
-1 -10 -9 -2 -56 -140 -59 -35 0 -48 -15 -6 -4 -3 -1 
0 1 0 0 5 0 -2 0 0 1 0 3 0 0 0 
0 5 0 0 1 5 33 0 0 0 0 3 0 0 0 
1 8 1 1 42 12 25 0 3 10 1 1 0 1 0 
0 2 0 0 -14 2 25 0 0 0 0 0 0 0 0 
0 -1 0 0 -11 0 -17 0 0 -1 0 -10 0 0 0 
0 0 0 0 4 -2 -17 0 1 0 0 -10 0 0 0 
6 18 40 5 107 329 76 111 8 63 37 2 7 3 0 
0 1 0 0 -6 1 4 0 0 0 0 0 0 0 0 
-2 -21 -7 -2 -118 -94 -101 -8 -11 -39 -6 -8 -2 -3 0 
1 -1 2 0 -27 32 -34 0 0 -7 1 -3 0 -1 0 
0 0 0 0 4 0 0 0 0 0 0 0 0 0 0 
-1 -11 -3 0 -77 -46 -49 -3 -3 0 0 -6 0 0 0 
0 -9 0 0 -118 -46 -67 0 -13 0 0 -12 0 0 0 
0 -3 0 0 -47 -15 -23 0 -2 -1 0 -8 0 -2 0 
1 13 3 1 23 56 54 3 4 10 2 -1 1 2 0 
0 -13 0 0 -77 -24 -104 0 -1 -7 0 -11 0 -3 0 
