5 57 7 3 280 142 462 4 5 66 3 38 3 5 0 
11 89 47 8 339 647 637 103 30 159 52 48 10 12 0 
10 66 40 5 357 415 236 85 45 75 30 23 5 7 0 
19 101 153 18 352 1397 495 706 55 289 220 40 43 11 0 
3 28 1 2 184 20 148 0 0 32 0 19 1 2 0 
2 39 1 0 177 33 410 0 3 0 0 41 0 0 0 
3 49 1 2 215 20 455 0 1 60 0 31 1 8 0 
2 24 0 1 139 0 182 0 0 22 0 14 0 1 0 
3 41 2 1 238 46 250 0 5 20 1 27 0 3 0 
2 15 1 0 134 11 45 0 2 0 0 10 0 0 0 
7 65 19 2 326 288 419 26 21 44 8 30 1 8 0 
5 41 9 1 250 120 250 7 9 20 3 22 0 3 0 
4 27 6 0 182 75 149 4 3 0 0 20 0 0 0 
5 50 10 0 283 160 289 10 20 0 0 28 0 0 0 
2 10 1 0 91 8 16 0 1 0 0 4 0 0 0 
3 21 3 0 192 34 65 1 4 0 0 11 0 0 0 
4 46 3 3 234 76 393 0 1 52 2 34 2 4 0 
3 23 3 0 169 42 106 1 2 0 0 11 0 0 0 
2 16 1 0 115 10 64 0 3 0 0 8 0 0 0 
6 40 13 2 265 170 195 13 7 14 6 24 1 1 0 
6 55 13 2 266 204 410 13 8 43 6 33 1 6 0 
6 51 13 2 265 171 323 13 12 44 6 22 1 8 0 
5 37 10 0 260 132 226 10 8 0 0 21 0 0 0 
2 35 1 0 174 31 385 0 2 0 0 36 0 0 0 
2 11 1 0 114 7 21 0 2 0 0 4 0 0 0 
3 44 2 1 245 45 325 0 3 25 1 22 0 6 0 
2 16 1 0 110 10 50 0 3 0 0 7 0 0 0 
9 54 32 4 313 338 249 59 24 42 22 26 3 2 0 
5 32 9 1 222 91 102 7 10 15 3 11 0 1 0 
5 64 8 2 269 151 541 5 10 71 4 44 1 7 0 
3 35 2 1 227 39 176 0 3 23 1 25 0 1 0 
8 52 26 2 321 298 217 45 19 26 10 27 1 1 0 
7 61 18 3 309 230 392 23 17 92 9 37 3 5 0 
4 28 4 2 220 54 112 0 1 22 4 9 0 3 0 
2 22 1 0 144 16 97 0 3 0 0 14 0 0 0 
2 33 1 0 146 29 378 0 2 0 0 34 0 0 0 
2 37 0 1 182 0 306 0 0 25 0 20 0 6 0 
2 15 1 0 107 15 62 0 0 0 0 7 0 0 0 
3 16 3 0 120 26 35 1 3 0 0 6 0 0 0 
2 22 1 0 127 18 140 0 2 0 0 19 0 0 0 
22 106 215 16 456 1850 305 1251 93 168 258 29 31 11 0 
13 102 69 9 369 923 646 202 35 199 70 43 13 16 1 
8 73 26 2 335 390 518 45 22 57 10 31 1 10 0 
30 115 401 34 367 2757 319 3211 81 386 748 22 99 15 2 
16 101 110 10 423 1190 533 437 57 181 107 33 15 15 1 
5 40 10 0 321 134 132 10 13 0 0 23 0 0 0 
5 50 9 1 269 146 409 7 8 32 3 39 0 3 0 
12 81 60 6 486 697 295 165 45 90 50 34 5 7 0 
4 59 3 3 245 71 489 0 2 84 2 39 2 9 0 
6 50 14 1 348 186 215 16 18 26 4 31 0 1 0 
11 100 48 7 372 720 713 111 39 168 46 39 7 17 1 
18 101 139 14 426 1337 459 628 47 250 153 29 34 18 1 
8 65 25 3 305 341 527 39 14 74 16 43 1 6 0 
5 30 9 1 230 102 138 7 4 8 3 21 0 1 0 
5 40 10 0 282 142 171 10 9 0 0 23 0 0 0 
7 55 16 5 323 213 211 14 14 81 17 21 4 4 0 
13 82 71 7 402 784 343 214 42 102 67 31 5 7 0 
11 70 48 7 384 516 393 111 26 110 45 27 9 11 0 
7 68 19 2 375 310 376 26 23 48 8 35 1 2 0 
8 59 23 5 307 277 257 33 14 104 16 21 7 2 0 
6 58 13 2 260 200 487 13 12 48 6 33 1 9 0 
5 70 9 1 305 207 653 7 15 29 3 50 0 7 0 
5 35 10 0 203 126 158 10 7 0 0 23 0 0 0 
2 21 1 0 186 15 85 0 3 0 0 15 0 0 0 
2 15 1 0 150 9 46 0 3 0 0 9 0 0 0 
3 45 2 1 189 45 451 0 1 29 1 33 0 7 0 
3 25 3 0 170 44 117 1 3 0 0 12 0 0 0 
2 15 1 0 136 11 60 0 2 0 0 9 0 0 0 
3 20 3 0 191 32 66 1 4 0 0 8 0 0 0 
5 58 7 3 272 127 478 3 3 77 5 33 2 11 0 
2 20 1 0 153 16 81 0 2 0 0 13 0 0 0 
4 8 6 0 59 24 5 4 0 0 0 0 0 0 0 
7 43 20 1 319 197 122 30 20 15 5 18 0 3 0 
3 25 1 2 144 6 174 0 0 38 0 12 1 3 0 
2 16 1 0 108 10 52 0 3 0 0 4 0 0 0 
2 15 1 0 125 13 53 0 1 0 0 8 0 0 0 
2 43 0 1 186 0 450 0 0 29 0 33 0 7 0 
3 32 3 0 205 50 168 1 7 0 0 17 0 0 0 
2 11 1 0 129 7 23 0 2 0 0 4 0 0 0 
3 46 2 1 198 44 467 0 2 30 1 32 0 7 0 
17 100 121 15 355 1196 455 494 54 266 148 24 37 15 1 
2 44 0 1 186 0 466 0 0 30 0 32 0 7 0 
3 9 3 0 80 16 9 1 1 0 0 1 0 0 0 
12 94 58 8 358 767 617 153 29 193 55 46 11 8 1 
2 21 0 1 112 0 176 0 0 19 0 14 0 1 0 
2 8 1 0 95 8 8 0 0 0 0 4 0 0 0 
2 14 1 0 118 14 49 0 0 0 0 9 0 0 0 
2 15 1 0 133 13 58 0 1 0 0 11 0 0 0 
2 35 0 1 143 0 369 0 0 29 0 30 0 3 0 
4 40 6 0 179 108 391 4 6 0 0 36 0 0 0 
5 39 9 1 219 115 201 7 12 17 3 25 0 0 0 
2 9 1 0 104 7 13 0 1 0 0 3 0 0 0 
6 49 12 3 296 151 219 10 16 54 8 21 2 4 0 
2 25 0 1 182 0 133 0 0 21 0 13 0 2 0 
2 7 1 0 36 7 8 0 0 0 0 1 0 0 0 
4 30 6 0 179 76 104 4 7 0 0 10 0 0 0 
9 59 36 0 359 404 253 84 34 0 0 34 0 0 0 
9 57 32 4 277 303 401 62 15 105 16 29 6 9 0 
4 26 5 1 188 58 112 2 1 18 2 17 0 0 0 
4 35 4 2 209 53 195 1 2 42 2 22 1 3 0 
