0 21
0 33
0 43
0 44
0 47
1 3
1 4
1 9
1 16
1 27
1 30
1 32
1 40
1 43
1 47
1 53
2 3
2 10
2 13
2 21
2 26
2 27
2 55
2 56
2 57
2 58
3 4
3 8
3 10
3 12
3 20
3 21
3 25
3 29
3 31
3 36
3 39
3 40
3 41
3 43
3 48
3 49
3 57
4 53
5 43
5 57
6 43
6 51
6 52
7 20
7 40
8 44
8 57
9 21
10 23
10 24
10 28
10 40
10 44
11 17
11 18
11 40
11 41
11 59
12 37
12 38
12 58
13 40
13 47
13 49
13 54
14 19
14 20
15 29
15 32
15 47
16 19
16 27
16 43
17 22
17 44
18 56
19 27
19 33
19 51
19 56
20 24
20 40
20 51
21 38
21 40
22 32
22 35
22 40
22 42
23 43
25 40
25 42
26 31
27 28
27 33
27 38
27 40
27 49
28 31
28 39
28 56
29 43
29 44
29 45
30 51
30 57
31 42
31 45
31 54
31 55
31 56
32 43
32 49
32 50
32 52
33 44
34 56
34 57
35 43
36 40
37 56
40 50
40 52
40 56
40 57
40 58
40 59
40 61
40 73
40 83
40 84
41 43
41 44
41 49
41 56
41 67
41 70
41 72
41 80
41 83
41 87
41 93
42 43
42 51
42 66
42 96
42 97
43 44
43 46
43 48
43 50
43 51
43 52
43 60
43 61
43 65
43 69
43 76
43 79
43 80
43 81
43 83
43 88
43 89
43 97
44 47
44 51
44 66
44 83
44 90
44 92
44 93
44 96
45 50
45 83
45 97
46 58
46 83
46 91
46 92
47 50
47 56
47 59
47 60
47 80
47 92
47 95
48 57
48 97
49 61
50 51
50 58
50 63
50 64
50 68
50 80
51 54
51 55
51 57
51 58
51 69
51 77
51 79
51 80
51 81
51 99
52 59
52 77
52 78
52 98
53 80
53 89
53 94
54 59
54 60
55 56
55 57
55 69
55 72
56 59
56 83
57 62
58 96
59 73
59 96
60 64
60 80
60 91
61 78
61 80
62 72
62 75
62 80
62 82
63 83
65 80
65 82
66 71
67 89
68 79
68 96
69 83
69 85
70 97
71 82
71 94
71 95
72 83
72 89
72 90
72 92
73 84
74 96
74 97
75 83
76 80
77 96
80 90
80 92
80 96
80 97
80 98
80 99
83 86
85 90
86 98
87 99
88 97
90 98
92 99
95 96
95 97
