4 34 4 2 154 68 334 1 1 30 2 24 1 1 0 
11 75 49 6 268 563 569 118 20 125 40 33 7 11 0 
4 36 5 1 179 73 185 2 5 19 2 16 0 3 0 
18 91 137 16 259 1187 470 598 36 270 180 28 38 9 0 
3 27 1 2 161 19 136 0 0 31 0 15 1 2 0 
2 38 1 0 155 34 395 0 2 0 0 28 0 0 0 
3 39 2 1 176 41 357 0 2 31 1 24 0 1 0 
9 56 32 4 311 316 256 62 23 72 16 17 6 7 0 
2 25 0 1 127 0 144 0 0 19 0 12 0 3 0 
2 14 1 0 110 10 44 0 2 0 0 7 0 0 0 
5 41 9 1 205 116 292 7 6 24 3 21 0 6 0 
5 43 9 1 226 125 279 7 10 19 3 23 0 4 0 
4 29 6 0 174 77 142 4 5 0 0 19 0 0 0 
3 29 3 0 152 52 203 1 3 0 0 20 0 0 0 
2 9 1 0 68 9 16 0 0 0 0 2 0 0 0 
2 11 1 0 110 7 23 0 2 0 0 4 0 0 0 
3 39 2 1 160 42 366 0 0 32 1 24 0 2 0 
2 8 1 0 76 6 11 0 1 0 0 1 0 0 0 
2 14 1 0 101 8 46 0 3 0 0 5 0 0 0 
4 15 6 0 110 45 41 4 0 0 0 6 0 0 0 
7 55 19 2 245 243 318 26 13 43 8 19 1 9 0 
5 41 9 1 199 120 290 7 4 24 3 23 0 6 0 
5 37 10 0 228 130 224 10 9 0 0 23 0 0 0 
2 32 1 0 143 30 359 0 1 0 0 25 0 0 0 
2 10 1 0 90 6 18 0 2 0 0 3 0 0 0 
3 42 2 1 214 44 303 0 2 24 1 22 0 6 0 
2 6 1 0 48 6 5 0 0 0 0 1 0 0 0 
2 15 1 0 112 11 48 0 2 0 0 7 0 0 0 
4 23 6 0 157 55 70 4 7 0 0 9 0 0 0 
5 53 9 1 214 149 453 7 10 37 3 34 0 3 0 
2 20 1 0 124 16 80 0 2 0 0 10 0 0 0 
4 14 6 0 96 42 23 4 0 0 0 1 0 0 0 
8 63 25 3 282 307 378 41 18 90 12 27 3 4 0 
3 8 2 1 83 11 5 0 0 3 1 2 0 1 0 
3 28 3 0 155 40 106 1 8 0 0 12 0 0 0 
3 40 3 0 185 72 384 1 4 0 0 28 0 0 0 
3 42 1 2 199 19 295 0 2 43 0 17 1 9 0 
6 42 14 1 293 162 144 16 13 20 4 15 0 1 0 
2 7 1 0 66 5 8 0 1 0 0 1 0 0 0 
2 20 1 0 110 18 123 0 1 0 0 16 0 0 0 
22 103 212 19 375 1830 276 1203 66 185 294 20 43 8 0 
15 101 96 9 331 1136 561 350 41 170 93 32 12 13 0 
7 52 20 1 228 262 389 30 8 28 5 21 0 3 0 
29 106 382 24 338 2558 262 3058 64 260 544 18 52 11 0 
5 41 6 4 181 84 368 1 0 74 6 23 3 3 0 
5 39 9 1 275 113 126 7 13 13 3 17 0 2 0 
6 54 14 1 239 218 405 16 8 32 4 28 0 2 0 
4 37 5 1 232 80 162 2 6 17 2 22 0 1 0 
4 57 3 3 214 71 463 0 1 80 2 24 2 9 0 
6 43 14 1 287 160 201 16 13 27 4 25 0 1 0 
10 84 39 6 291 549 603 78 27 131 36 34 6 11 0 
7 43 20 1 283 217 163 30 12 15 5 20 0 1 0 
8 66 25 3 281 350 521 39 13 74 16 36 1 6 0 
5 30 9 1 206 102 142 7 4 8 3 17 0 1 0 
4 18 6 0 132 50 35 4 2 0 0 7 0 0 0 
5 32 10 0 186 112 101 10 8 0 0 10 0 0 0 
11 66 51 4 294 515 287 132 28 77 30 21 3 6 0 
11 55 51 4 305 442 278 135 16 62 24 20 6 7 0 
7 56 19 2 308 257 257 26 13 45 8 19 1 4 0 
9 57 31 5 266 321 216 59 14 97 15 14 10 5 0 
6 48 13 2 193 173 424 13 5 45 6 22 1 6 0 
5 69 9 1 276 204 633 7 15 30 3 43 0 6 0 
5 40 9 1 199 134 183 7 9 8 3 18 0 0 0 
2 19 1 0 160 13 69 0 3 0 0 12 0 0 0 
2 14 1 0 126 10 38 0 2 0 0 8 0 0 0 
3 50 2 1 186 50 460 0 4 30 1 24 0 6 0 
2 9 1 0 62 9 17 0 0 0 0 1 0 0 0 
3 27 3 0 182 44 124 1 5 0 0 15 0 0 0 
3 18 3 0 152 30 58 1 3 0 0 6 0 0 0 
4 41 5 1 189 83 369 2 2 32 2 24 0 2 0 
2 22 1 0 149 18 106 0 2 0 0 13 0 0 0 
4 12 6 0 52 34 28 4 1 0 0 1 0 0 0 
7 46 20 1 284 214 160 30 20 18 5 17 0 2 0 
4 34 4 2 164 55 206 1 1 37 2 14 1 4 0 
2 16 1 0 96 10 52 0 3 0 0 4 0 0 0 
3 20 2 1 137 26 63 0 2 10 1 6 0 0 0 
3 50 1 2 198 32 455 0 2 48 0 23 1 8 0 
2 15 1 0 112 13 46 0 1 0 0 3 0 0 0 
2 11 1 0 129 7 23 0 2 0 0 4 0 0 0 
2 30 1 0 120 28 355 0 1 0 0 24 0 0 0 
17 91 123 13 318 1148 394 513 41 206 139 18 28 10 0 
3 44 3 0 188 76 407 1 6 0 0 31 0 0 0 
9 31 35 1 227 222 48 77 11 4 7 7 0 0 0 
11 84 49 6 302 627 558 118 29 145 40 40 7 5 0 
2 22 0 1 117 0 174 0 0 20 0 17 0 1 0 
2 13 1 0 96 13 41 0 0 0 0 7 0 0 0 
3 22 2 1 160 26 74 0 3 10 1 10 0 1 0 
2 17 1 0 119 15 83 0 1 0 0 11 0 0 0 
2 34 0 1 132 0 352 0 0 28 0 20 0 3 0 
4 40 6 0 183 106 374 4 7 0 0 26 0 0 0 
11 57 49 6 326 444 277 118 20 80 40 27 7 3 0 
2 10 1 0 98 8 17 0 1 0 0 3 0 0 0 
4 28 5 1 178 57 118 2 5 15 2 13 0 1 0 
3 24 2 1 155 32 99 0 0 14 1 10 0 1 0 
2 7 1 0 40 7 8 0 0 0 0 1 0 0 0 
3 19 3 0 102 30 55 1 4 0 0 4 0 0 0 
9 50 36 0 241 358 186 84 21 0 0 22 0 0 0 
9 54 32 4 230 288 378 62 13 104 16 21 6 7 0 
5 39 8 2 211 114 166 5 5 28 4 16 1 2 0 
4 22 4 2 132 29 91 1 1 35 2 11 1 0 0 
