0 21 0.50302
0 33 0.64874
0 43 0.76188
0 44 0.53612
0 47 0.61229
1 3 0.52837
1 4 0.63616
1 9 0.53409
1 16 0.64802
1 27 0.97608
1 30 0.52909
1 32 0.57525
1 40 0.80329
1 43 0.74437
1 47 0.59072
1 53 0.9891
2 3 0.58597
2 10 0.66364
2 13 0.79944
2 21 0.76463
2 26 0.91803
2 27 0.8404
2 55 0.58445
2 56 0.76821
2 57 0.60431
2 58 0.93976
3 4 0.98183
3 8 0.70921
3 10 0.55942
3 12 0.67576
3 20 0.8778
3 21 0.58206
3 25 0.61643
3 29 0.93611
3 31 0.80995
3 36 0.71886
3 39 0.89143
3 40 0.93036
3 41 0.52261
3 43 0.80212
3 48 0.83701
3 49 0.93367
3 57 0.58872
4 53 0.84187
5 43 0.57413
5 57 0.87519
6 43 0.51879
6 51 0.51051
6 52 0.51094
7 20 0.86936
7 40 0.96115
8 44 0.55211
8 57 0.9295
9 21 0.57651
10 23 0.97746
10 24 0.67164
10 28 0.60714
10 40 0.52795
10 44 0.60801
11 17 0.76362
11 18 0.57807
11 40 0.68991
11 41 0.53992
11 59 0.85947
12 37 0.96877
12 38 0.74163
12 58 0.5523
13 40 0.94681
13 47 0.92043
13 49 0.83767
13 54 0.89654
14 19 0.79794
14 20 0.57943
15 29 0.53579
15 32 0.93187
15 47 0.66702
16 19 0.9669
16 27 0.6938
16 43 0.56378
17 22 0.98005
17 44 0.55718
18 56 0.92709
19 27 0.97778
19 33 0.79993
19 51 0.58134
19 56 0.71951
20 24 0.60855
20 40 0.56926
20 51 0.8149
21 38 0.98833
21 40 0.57781
22 32 0.56053
22 35 0.52249
22 40 0.65332
22 42 0.52886
23 43 0.83944
25 40 0.71659
25 42 0.57353
26 31 0.85916
27 28 0.94891
27 33 0.97602
27 38 0.69263
27 40 0.50511
27 49 0.78411
28 31 0.54446
28 39 0.53003
28 56 0.65923
29 43 0.99883
29 44 0.86966
29 45 0.76554
30 51 0.67268
30 57 0.88676
31 42 0.97483
31 45 0.89116
31 54 0.87302
31 55 0.96486
31 56 0.51136
32 43 0.66757
32 49 0.70637
32 50 0.89579
32 52 0.5276
33 44 0.64614
34 56 0.71276
34 57 0.78655
35 43 0.95558
36 40 0.89129
37 56 0.62351
40 50 0.50509
40 52 0.51075
40 56 0.50763
40 57 0.71315
40 58 0.54602
40 59 0.62583
40 61 0.59972
40 73 0.86174
40 83 0.81125
40 84 0.92823
41 43 0.83307
41 44 0.66833
41 49 0.73694
41 56 0.88518
41 67 0.72742
41 70 0.7871
41 72 0.63636
41 80 0.51691
41 83 0.85586
41 87 0.94606
41 93 0.67688
42 43 0.64918
42 51 0.94233
42 66 0.74459
42 96 0.73552
42 97 0.80128
43 44 0.83235
43 46 0.6416
43 48 0.72858
43 50 0.85519
43 51 0.95808
43 52 0.99223
43 60 0.8283
43 61 0.85017
43 65 0.97477
43 69 0.66685
43 76 0.54033
43 79 0.70978
43 80 0.85659
43 81 0.53146
43 83 0.67589
43 88 0.75953
43 89 0.59438
43 97 0.67019
44 47 0.92408
44 51 0.60284
44 66 0.50361
44 83 0.56059
44 90 0.87032
44 92 0.92631
44 93 0.73678
44 96 0.62686
45 50 0.53683
45 83 0.85991
45 97 0.70648
46 58 0.6461
46 83 0.62667
46 91 0.64915
46 92 0.83279
47 50 0.62914
47 56 0.62126
47 59 0.95821
47 60 0.85124
47 80 0.65001
47 92 0.56715
47 95 0.8137
48 57 0.70631
48 97 0.66303
49 61 0.64355
50 51 0.65787
50 58 0.74747
50 63 0.57106
50 64 0.66803
50 68 0.98003
50 80 0.96473
51 54 0.79113
51 55 0.55155
51 57 0.82371
51 58 0.9561
51 69 0.70391
51 77 0.73805
51 79 0.88679
51 80 0.92572
51 81 0.81689
51 99 0.7034
52 59 0.8894
52 77 0.88185
52 78 0.65452
52 98 0.95973
53 80 0.80946
53 89 0.83985
53 94 0.85534
54 59 0.89219
54 60 0.58507
55 56 0.95542
55 57 0.65626
55 69 0.72728
55 72 0.70862
56 59 0.82146
56 83 0.97413
57 62 0.53519
58 96 0.85384
59 73 0.8448
59 96 0.87304
60 64 0.72839
60 80 0.8434
60 91 0.6987
61 78 0.96214
61 80 0.50002
62 72 0.6536
62 75 0.50559
62 80 0.7094
62 82 0.75944
63 83 0.82687
65 80 0.52772
65 82 0.82855
66 71 0.69018
67 89 0.56534
68 79 0.96791
68 96 0.96447
69 83 0.76353
69 85 0.88133
70 97 0.79956
71 82 0.8221
71 94 0.60925
71 95 0.99407
72 83 0.70378
72 89 0.81352
72 90 0.7618
72 92 0.92852
73 84 0.99019
74 96 0.71575
74 97 0.63604
75 83 0.8808
76 80 0.6382
77 96 0.91902
80 90 0.9521
80 92 0.61041
80 96 0.52937
80 97 0.53071
80 98 0.63137
80 99 0.72654
83 86 0.80806
85 90 0.99865
86 98 0.76303
87 99 0.67672
88 97 0.72413
90 98 0.6803
92 99 0.64656
95 96 0.83376
95 97 0.79217
