1 2 0.71505 6
1 18 0.606 5
1 52 0.98648 8
2 8 0.94422 21
2 11 0.91555 6
2 15 0.75203 11
2 16 0.87092 6
2 20 0.66718 9
2 32 0.53803 6
2 36 0.64178 9
2 54 0.5614 7
2 58 0.856 9
3 15 0.81547 10
3 19 0.51804 4
3 21 0.8246 4
3 44 0.91313 6
3 50 0.50457 6
3 52 0.61288 10
3 60 0.78746 13
4 8 0.94117 17
4 27 0.97846 5
4 60 0.88923 11
5 17 0.86057 5
5 47 0.77306 5
6 13 0.74645 7
6 15 0.5831 8
6 31 0.93702 6
6 45 0.91295 4
7 15 0.97819 8
7 36 0.87817 5
7 41 0.90714 4
8 15 0.76209 22
8 16 0.55274 17
8 17 0.75879 20
8 18 0.87712 20
8 20 0.90948 20
8 22 0.62541 17
8 23 0.81228 18
8 25 0.58733 17
8 27 0.95825 20
8 28 0.64242 17
8 29 0.83801 17
8 30 0.5731 17
8 31 0.86706 20
8 33 0.9223 19
8 34 0.85887 17
8 35 0.54285 17
8 36 0.88321 20
8 38 0.94378 19
8 43 0.94268 21
8 45 0.85184 18
8 46 0.51524 18
8 47 0.9658 20
8 48 0.91782 33
8 49 0.77652 19
8 51 0.77674 19
8 52 0.87926 22
8 53 0.91487 19
8 55 0.7925 22
8 56 0.91663 18
8 59 0.93376 18
9 36 0.56272 5
9 52 0.92864 7
10 36 0.54227 5
10 51 0.9632 4
11 23 0.744 3
12 27 0.69248 5
12 33 0.73848 4
13 23 0.78917 7
13 24 0.86304 7
13 31 0.95235 9
13 32 0.87646 7
13 37 0.76562 7
13 38 0.52416 8
13 41 0.79054 8
13 47 0.72994 9
13 49 0.67194 8
13 60 0.90574 15
14 38 0.68038 4
14 51 0.73956 4
15 18 0.61698 10
15 21 0.52137 7
15 23 0.75696 8
15 33 0.82493 10
15 35 0.78421 8
15 52 0.94438 13
15 56 0.62407 8
15 60 0.78419 16
16 60 0.8453 11
17 18 0.51674 8
17 28 0.9364 5
17 30 0.82983 5
17 34 0.56217 5
17 36 0.57997 8
17 38 0.6392 7
17 39 0.77409 7
18 40 0.7347 6
18 43 0.86246 9
18 47 0.63612 8
18 60 0.74285 13
19 33 0.70868 4
20 25 0.93601 5
20 40 0.72224 6
20 41 0.51406 6
20 45 0.97577 6
20 46 0.96621 6
20 54 0.91096 6
22 25 0.69464 2
24 27 0.73323 5
24 58 0.99288 5
26 52 0.53434 7
26 59 0.74093 3
27 33 0.56494 7
27 53 0.72422 7
27 57 0.75961 9
27 60 0.65458 13
29 39 0.63508 3
31 37 0.66668 6
31 38 0.58224 7
31 40 0.95468 6
31 52 0.83768 10
31 53 0.97068 7
32 39 0.83257 4
33 37 0.58915 5
33 40 0.51651 5
35 43 0.94724 6
36 39 0.72591 6
36 47 0.75904 8
37 58 0.76557 6
38 50 0.67023 5
39 48 0.6817 20
41 42 0.52448 8
41 92 0.91272 7
42 48 0.84887 23
42 51 0.79536 8
42 55 0.81584 12
42 56 0.80024 7
42 58 0.52602 9
42 60 0.99132 15
42 72 0.81208 6
42 76 0.76022 9
42 94 0.73577 6
42 98 0.82173 9
43 55 0.9382 11
43 59 0.52915 7
43 61 0.81807 6
43 84 0.89651 6
43 90 0.85485 6
43 92 0.60847 10
43 100 0.95091 6
44 48 0.90861 20
44 52 0.75309 9
44 67 0.7849 6
44 74 0.67598 6
45 57 0.74336 7
45 87 0.50615 7
46 49 0.63331 5
46 55 0.80578 9
46 85 0.59492 4
47 55 0.74504 10
47 76 0.72359 8
47 81 0.59426 5
48 55 0.70549 24
48 56 0.85527 19
48 57 0.85658 22
48 58 0.82058 21
48 59 0.99414 20
48 60 0.97507 27
48 62 0.99997 18
48 63 0.64491 19
48 65 0.7633 19
48 67 0.5422 21
48 68 0.54441 18
48 69 0.89083 19
48 70 0.97702 18
48 71 0.53135 18
48 73 0.86967 21
48 74 0.68338 21
48 75 0.57414 19
48 76 0.62161 21
48 78 0.70117 20
48 83 0.73736 18
48 85 0.92695 19
48 86 0.85163 19
48 87 0.82316 22
48 88 0.77361 19
48 89 0.80864 18
48 91 0.79138 19
48 92 0.96878 22
48 93 0.93114 18
48 95 0.50497 19
48 96 0.53191 19
48 99 0.88757 19
49 76 0.64697 7
49 87 0.75084 7
49 92 0.57476 8
50 76 0.61224 6
50 87 0.59079 7
50 91 0.98813 4
51 58 0.75787 7
51 63 0.9182 4
52 55 0.85497 13
52 58 0.73547 10
52 67 0.87264 10
52 73 0.97816 10
52 74 0.61108 10
53 60 0.73964 12
53 81 0.65006 4
53 87 0.65036 7
54 60 0.68148 12
54 78 0.9531 5
54 91 0.62146 4
55 61 0.82057 7
55 63 0.9735 8
55 73 0.96857 10
55 75 0.85496 8
55 92 0.70932 11
55 96 0.59967 8
57 58 0.8874 9
57 68 0.81615 6
57 70 0.54042 6
57 74 0.5736 8
57 76 0.98754 9
57 78 0.8464 7
57 79 0.68548 7
59 73 0.56219 6
60 65 0.62294 11
60 69 0.54814 11
60 74 0.66531 13
60 80 0.70406 10
60 81 0.66806 11
60 85 0.82342 11
60 86 0.74326 11
60 94 0.82917 10
62 65 0.86557 2
64 67 0.68035 5
64 74 0.8959 5
64 98 0.64043 5
66 92 0.70845 6
66 99 0.65639 2
67 73 0.94525 7
67 93 0.79815 5
67 97 0.74873 5
67 100 0.80151 5
69 79 0.68877 4
71 92 0.63319 6
72 79 0.99342 3
73 77 0.80486 4
73 80 0.97778 4
74 82 0.89361 5
75 83 0.87508 2
76 79 0.95904 6
76 87 0.95046 8
77 98 0.70583 4
78 87 0.76001 7
78 90 0.65155 3
79 88 0.71019 4
82 87 0.73135 6
82 95 0.6263 3
82 98 0.68297 5
84 92 0.78899 6
86 89 0.54036 2
87 96 0.67087 6
88 99 0.50314 3
91 98 0.87967 5
92 95 0.98707 6
92 98 0.62117 8
97 98 0.99984 4
