1 2 0.71505 6
1 52 0.98648 7
2 8 0.94422 21
2 11 0.91555 6
2 15 0.75203 10
2 16 0.87092 6
2 20 0.66718 9
2 32 0.53803 6
2 36 0.64178 9
2 54 0.5614 7
2 58 0.856 9
3 15 0.81547 9
3 19 0.51804 4
3 21 0.8246 4
3 44 0.91313 5
3 50 0.50457 6
3 52 0.61288 9
3 60 0.78746 8
4 8 0.94117 17
4 27 0.97846 5
5 17 0.86057 5
5 47 0.77306 4
6 15 0.5831 6
6 45 0.91295 4
7 15 0.97819 7
7 36 0.87817 5
7 41 0.90714 4
8 15 0.76209 21
8 16 0.55274 17
8 17 0.75879 20
8 18 0.87712 17
8 20 0.90948 20
8 22 0.62541 17
8 23 0.81228 17
8 25 0.58733 17
8 27 0.95825 20
8 28 0.64242 17
8 29 0.83801 17
8 30 0.5731 17
8 31 0.86706 17
8 33 0.9223 19
8 34 0.85887 17
8 35 0.54285 17
8 36 0.88321 20
8 38 0.94378 18
8 43 0.94268 20
8 45 0.85184 19
8 46 0.51524 18
8 47 0.9658 19
8 48 0.91782 33
8 49 0.77652 18
8 51 0.77674 19
8 52 0.87926 22
8 53 0.91487 18
8 55 0.7925 23
8 56 0.91663 18
8 59 0.93376 18
9 36 0.56272 5
9 37 0.88366 5
9 52 0.92864 7
10 36 0.54227 5
10 51 0.9632 4
11 23 0.744 2
12 27 0.69248 5
12 33 0.73848 4
13 41 0.79054 3
13 47 0.72994 4
14 37 0.57874 5
14 38 0.68038 3
14 51 0.73956 4
15 21 0.52137 6
15 23 0.75696 7
15 33 0.82493 9
15 35 0.78421 7
15 52 0.94438 11
15 56 0.62407 7
17 18 0.67691 5
17 28 0.9364 5
17 30 0.82983 5
17 34 0.56217 5
17 36 0.57997 8
17 38 0.6392 6
17 39 0.77409 7
19 33 0.70868 4
20 25 0.93601 5
20 40 0.72224 5
20 41 0.51406 6
20 45 0.97577 7
20 46 0.96621 6
20 54 0.91096 6
22 25 0.69464 2
24 27 0.73323 5
24 58 0.99288 5
26 52 0.53434 7
26 59 0.74093 3
27 33 0.56494 7
27 53 0.72422 6
27 57 0.75961 9
27 60 0.65458 9
29 39 0.63508 3
31 37 0.50738 5
31 52 0.83768 7
32 39 0.83257 3
33 37 0.58915 7
33 40 0.51651 5
35 43 0.94724 6
36 39 0.72591 6
36 47 0.75904 7
37 40 0.54242 5
37 45 0.68965 7
37 58 0.76557 7
38 50 0.67023 4
39 48 0.6817 20
41 42 0.52448 8
41 92 0.91272 8
42 48 0.84887 23
42 51 0.79536 8
42 55 0.81584 13
42 56 0.80024 7
42 58 0.52602 9
42 60 0.99132 10
42 72 0.81208 7
42 76 0.76022 9
42 94 0.73577 7
42 98 0.82173 9
43 55 0.9382 12
43 59 0.52915 7
43 61 0.81807 6
43 84 0.89651 5
43 90 0.85485 8
43 92 0.60847 10
43 100 0.95091 7
44 48 0.90861 19
44 52 0.75309 8
44 67 0.7849 6
45 57 0.74336 8
45 62 0.65913 6
45 87 0.50615 5
46 49 0.63331 4
46 55 0.80578 10
46 85 0.59492 4
47 55 0.74504 11
47 76 0.72359 7
47 81 0.59426 5
48 55 0.70549 25
48 56 0.85527 19
48 57 0.85658 22
48 58 0.82058 21
48 59 0.99414 20
48 60 0.97507 22
48 62 0.99997 20
48 63 0.64491 19
48 65 0.7633 19
48 67 0.5422 21
48 68 0.54441 18
48 69 0.89083 18
48 70 0.97702 18
48 71 0.53135 18
48 73 0.86967 21
48 74 0.68338 18
48 75 0.57414 19
48 76 0.62161 21
48 78 0.70117 19
48 83 0.73736 18
48 85 0.92695 19
48 86 0.85163 19
48 87 0.82316 19
48 88 0.77361 19
48 89 0.80864 18
48 91 0.79138 19
48 92 0.96878 23
48 93 0.93114 18
48 95 0.50497 19
48 96 0.53191 18
48 99 0.88757 19
49 76 0.64697 6
49 92 0.57476 7
50 62 0.60441 5
50 76 0.61224 6
50 91 0.98813 4
51 58 0.75787 7
51 63 0.9182 4
52 55 0.85497 13
52 58 0.73547 10
52 67 0.87264 10
52 73 0.97816 9
53 81 0.65006 4
53 87 0.65036 4
53 90 0.70171 6
54 78 0.9531 4
54 91 0.62146 4
55 61 0.82057 9
55 62 0.93061 10
55 63 0.9735 9
55 73 0.96857 11
55 75 0.85496 9
55 92 0.70932 13
55 96 0.59967 8
55 100 0.87546 10
57 58 0.8874 9
57 68 0.81615 6
57 70 0.54042 6
57 74 0.5736 6
57 76 0.98754 9
57 78 0.8464 7
57 79 0.68548 7
59 73 0.56219 6
60 65 0.75962 6
60 80 0.70406 6
60 81 0.66806 6
60 85 0.82342 6
60 86 0.74326 6
60 94 0.82917 6
61 62 0.74562 4
62 65 0.6308 4
64 67 0.68035 5
64 98 0.64043 4
66 92 0.70845 7
66 99 0.65639 3
66 100 0.68092 4
67 73 0.94525 7
67 93 0.79815 5
67 97 0.74873 5
67 100 0.80151 7
69 79 0.68877 3
71 92 0.63319 6
72 79 0.99342 4
72 100 0.70783 4
73 77 0.80486 4
73 80 0.97778 4
75 83 0.87508 2
76 79 0.95904 6
76 87 0.95046 6
77 98 0.70583 4
78 90 0.65155 6
79 88 0.71019 4
82 95 0.6263 2
82 98 0.68297 4
84 92 0.78899 6
86 89 0.54036 2
88 90 0.65812 6
88 99 0.50314 3
90 92 0.95879 9
90 94 0.88168 5
90 97 0.76052 5
90 100 0.5499 7
91 98 0.87967 5
92 95 0.98707 7
92 98 0.62117 9
97 98 0.99984 5
