-1 -8 -2 0 -84 -28 -26 -1 -4 0 0 -6 0 0 0 
0 -6 0 0 -76 -40 -17 0 -5 -2 0 -6 0 -1 0 
0 -11 1 -1 -43 -31 -111 3 -2 -27 -1 -8 -2 -2 0 
-1 -16 -1 -1 -78 -37 -116 0 -5 -19 0 -15 -1 -1 0 
0 -1 0 0 -18 1 -5 0 -1 0 0 -1 0 0 0 
-2 -15 -4 -1 -103 -52 -57 -2 -5 -11 -2 -6 0 -2 0 
0 -2 0 0 -31 -4 -18 0 0 0 0 -3 0 0 0 
0 -10 5 -5 -75 -196 0 128 -34 -42 -106 -7 -22 -2 0 
1 5 2 0 7 25 4 1 2 0 0 0 0 0 0 
0 0 0 0 1 0 0 0 0 0 0 0 0 0 0 
0 -1 0 0 -18 -1 -2 0 0 0 0 0 0 0 0 
0 0 0 0 -10 0 1 0 0 0 0 -1 0 0 0 
-9 -43 -51 -3 -285 -460 -169 -141 -20 -18 -21 -19 -3 -1 0 
1 4 2 0 8 16 9 1 1 0 0 -1 0 0 0 
-2 -23 -20 -3 -90 -288 -104 -82 -20 -58 -29 -12 -10 -3 0 
-1 -18 -2 0 -89 -58 -136 0 -8 0 -1 -17 0 0 0 
0 -8 0 0 -63 -52 -17 0 -2 0 0 -3 0 -4 0 
-6 -43 -23 -4 -170 -356 -138 -33 -19 -105 -16 -6 -7 -12 0 
0 0 0 0 -13 0 0 0 0 0 0 0 0 0 0 
0 0 0 0 -48 1 7 0 -1 1 0 -4 0 0 0 
0 -2 0 0 -34 0 -17 0 0 0 0 -2 0 -1 0 
0 0 0 0 -10 0 5 0 0 0 0 -5 0 0 0 
-1 -12 -3 0 -69 -62 -55 -2 -6 0 -1 -9 0 -1 0 
-1 -10 -2 0 -52 -30 -40 -1 -2 0 0 -5 0 0 0 
0 0 0 0 -10 0 5 0 0 0 0 -5 0 0 0 
0 -1 0 0 -11 -1 -10 0 0 0 0 -1 0 0 0 
0 -8 2 -2 -51 -11 -78 9 -5 -31 -6 -7 -3 -2 0 
0 0 0 0 -18 0 5 0 0 0 0 -5 0 0 0 
0 0 0 0 -11 0 5 0 0 0 0 -5 0 0 0 
0 0 0 0 -18 0 5 0 0 0 0 -5 0 0 0 
-5 -14 -20 -5 -96 -220 30 -27 -9 -86 -21 -3 -7 -2 0 
-1 -10 -2 0 -56 -33 -42 -1 0 0 0 -3 0 0 0 
0 -2 -1 1 -50 -8 -6 -5 -4 6 5 -9 0 -1 0 
0 0 0 0 -18 0 5 0 0 0 0 -5 0 0 0 
0 -3 0 0 -29 -1 -24 0 -1 1 0 -2 0 -2 0 
0 0 0 0 -33 3 0 0 -1 1 0 -4 0 -1 0 
3 -3 15 0 12 65 -37 28 5 -5 3 -1 0 -2 0 
-2 -12 -7 -2 -67 -93 -13 -8 -3 -39 -6 -3 -2 -4 0 
0 -1 0 0 -25 -4 3 0 0 0 0 -4 0 0 0 
-1 -10 -4 1 -107 -45 -26 -4 -6 10 1 -11 0 0 0 
0 -8 0 0 -41 -28 -34 0 -2 0 0 -2 0 0 0 
0 -5 0 0 -35 -33 -67 0 -1 -13 0 -8 0 -1 0 
-1 3 -11 2 -40 -38 35 -39 0 11 -1 -1 4 -2 0 
-1 -3 -2 -2 -40 -12 28 -1 -2 -44 -1 -2 -4 -2 0 
2 4 11 0 11 126 3 23 5 0 2 -6 0 0 0 
0 0 0 0 -32 0 21 0 0 0 0 -3 0 0 0 
-1 -12 -6 -1 -83 -91 -4 -15 -11 -24 -4 -5 -2 -3 0 
0 -7 4 -4 -18 -158 -45 122 -12 -52 -112 -8 -10 -2 0 
-2 -15 -8 -1 -75 -142 -43 -10 -10 -9 -6 -8 0 -2 0 
0 -3 1 -1 -25 -1 -11 3 1 -9 -3 -1 0 -2 0 
0 1 0 0 -10 3 6 0 1 0 0 -5 0 0 0 
-1 -10 -11 -1 -88 -165 -16 -49 -9 -1 -15 -5 -2 -5 0 
-1 -17 -2 -3 -69 -50 -88 0 -6 -65 -7 -16 -3 -3 0 
-1 -19 -4 0 -85 -88 -143 -5 -4 0 -1 -13 0 0 0 
2 2 24 3 -46 195 -24 114 5 25 43 -9 12 0 0 
0 -2 0 0 -41 0 -9 0 -2 0 0 -10 0 -1 0 
0 -4 0 0 -43 -26 3 0 -2 0 0 -6 0 -3 0 
0 1 0 0 -44 7 5 0 0 0 0 -5 0 0 0 
0 -1 0 0 -15 -3 -2 0 0 1 0 -5 0 -1 0 
-9 -35 -119 -7 -204 -976 -39 -697 -37 -88 -140 -12 -12 -7 0 
1 4 1 1 45 11 8 0 0 12 0 2 1 2 0 
4 22 12 2 118 178 59 10 6 40 8 -4 2 8 0 
0 2 0 0 -4 2 26 0 0 0 0 -3 0 1 0 
-1 -6 -2 0 -61 -17 -11 -1 -4 0 0 -4 0 0 0 
0 -5 0 0 -17 -5 -95 0 0 -3 0 -7 0 -1 0 
1 6 2 0 33 17 16 1 3 0 0 3 0 0 0 
0 2 0 0 2 18 1 0 0 0 0 -1 0 -2 0 
0 0 0 0 -11 0 4 0 0 0 0 -4 0 0 0 
-1 -16 -1 -1 -57 -20 -99 0 0 -40 -1 -4 0 -5 0 
0 0 0 0 -11 0 4 0 0 0 0 -4 0 0 0 
0 1 0 0 -3 0 11 0 0 1 0 -3 0 0 0 
1 5 2 0 26 22 8 1 1 0 0 2 0 0 0 
0 1 0 0 -23 4 16 0 0 0 0 -4 0 1 0 
-5 -33 -17 -3 -134 -279 -125 -19 -16 -76 -12 -8 -4 -8 0 
0 2 0 0 -5 2 26 0 0 0 0 -3 0 1 0 
0 -4 2 -2 -34 -6 -12 9 -1 -16 -6 -3 -3 -2 0 
0 0 0 0 0 0 0 0 0 0 0 0 0 0 0 
-1 -1 -3 -1 -24 -15 30 -3 -1 -34 -2 -1 -1 -2 0 
0 1 0 0 -12 4 5 0 0 0 0 -3 0 0 0 
0 -9 0 0 -34 -9 -110 0 0 0 0 -7 0 0 0 
0 -9 1 -1 -45 5 -99 1 -1 -19 -1 -7 0 -1 0 
-2 -14 -5 0 -116 -50 -34 -4 -4 0 0 -9 0 0 0 
0 0 0 0 -5 0 4 0 0 0 0 -4 0 0 0 
0 0 0 0 10 0 0 0 0 -2 0 1 0 1 0 
0 -9 0 0 -37 -9 -101 0 0 -5 0 -7 0 -2 0 
0 -9 0 0 -37 -9 -101 0 0 -5 0 -7 0 -2 0 
-5 -9 -26 -4 -85 -222 66 -53 -9 -73 -21 -4 -6 -2 0 
1 7 3 0 19 55 23 2 2 0 1 -2 0 0 0 
0 0 0 0 -16 0 4 0 0 0 0 -4 0 0 0 
6 20 25 2 158 177 27 45 8 19 10 2 1 3 0 
0 -1 0 0 -28 -1 2 0 -1 0 0 -5 0 0 0 
1 5 9 1 -24 94 25 33 5 5 10 -6 2 3 0 
0 0 0 0 -5 0 4 0 0 0 0 -4 0 0 0 
1 -2 2 0 -2 31 -82 0 0 -9 1 -5 0 0 0 
0 -1 0 0 -13 1 8 0 -2 1 0 -3 0 0 0 
-1 -4 -1 -1 -25 -18 36 0 0 -34 0 -2 -1 -1 0 
1 7 2 0 26 23 19 1 2 0 0 2 0 0 0 
0 -1 0 0 -14 -6 5 0 0 0 0 1 0 0 0 
0 2 0 0 5 3 6 0 0 1 0 -4 0 0 0 
4 20 12 2 110 115 65 13 9 23 6 9 1 4 0 
