2 20 1 0 125 14 78 0 3 0 0 13 0 0 0 
10 59 40 5 221 374 408 87 11 115 26 26 7 10 0 
7 33 18 3 216 158 92 22 2 32 11 15 2 2 0 
2 36 0 1 129 0 418 0 0 32 0 32 0 2 0 
2 14 1 0 89 10 34 0 2 0 0 9 0 0 0 
2 16 1 0 114 14 51 0 1 0 0 9 0 0 0 
3 21 3 0 133 38 60 1 2 0 0 12 0 0 0 
32 107 462 34 205 2901 577 4016 54 274 868 32 76 17 0 
3 24 3 0 142 42 78 1 3 0 0 13 0 0 0 
2 12 1 0 102 10 26 0 1 0 0 5 0 0 0 
2 11 1 0 93 7 31 0 2 0 0 6 0 0 0 
2 11 0 1 95 0 21 0 0 9 0 4 0 1 0 
2 10 1 0 87 10 19 0 0 0 0 2 0 0 0 
3 14 3 0 109 24 25 1 2 0 0 3 0 0 0 
11 58 47 8 221 373 355 110 7 175 38 27 17 9 0 
2 38 0 1 134 0 432 0 0 32 0 31 0 3 0 
9 36 29 7 157 115 288 51 4 161 17 26 16 2 0 
2 37 0 1 116 0 427 0 0 27 0 29 0 5 0 
2 12 1 0 79 10 23 0 1 0 0 7 0 0 0 
8 51 23 5 194 220 368 33 2 121 16 25 7 6 0 
2 14 0 1 79 0 39 0 0 12 0 7 0 1 0 
2 31 0 1 113 0 403 0 0 29 0 32 0 1 0 
3 40 2 1 139 37 441 0 2 29 1 30 0 5 0 
2 14 1 0 129 12 35 0 1 0 0 7 0 0 0 
3 35 1 2 127 6 391 0 0 58 0 30 1 3 0 
2 15 1 0 142 11 50 0 2 0 0 11 0 0 0 
8 54 24 4 220 271 416 36 6 93 16 43 4 1 0 
2 37 0 1 116 0 427 0 0 27 0 29 0 5 0 
2 35 1 0 148 29 436 0 3 0 0 35 0 0 0 
2 37 0 1 116 0 427 0 0 27 0 29 0 5 0 
3 46 2 1 158 44 458 0 4 36 1 37 0 2 0 
2 13 1 0 104 11 36 0 1 0 0 6 0 0 0 
7 50 17 4 169 209 435 17 4 69 16 27 2 7 0 
2 37 0 1 116 0 427 0 0 27 0 29 0 5 0 
3 45 1 2 159 16 430 0 0 60 0 33 1 7 0 
8 55 24 4 201 257 413 36 8 94 16 23 4 9 0 
7 25 20 1 226 126 41 30 9 6 5 8 0 0 0 
4 43 5 1 142 90 434 2 1 27 2 29 0 5 0 
5 49 9 1 194 171 556 7 6 11 3 41 0 1 0 
3 17 2 1 108 20 33 0 2 10 1 8 0 0 0 
5 30 10 0 205 114 94 10 3 0 0 18 0 0 0 
11 79 48 7 311 561 533 114 17 167 39 26 12 14 0 
9 58 27 9 261 284 425 35 7 150 35 35 14 8 0 
4 52 3 3 178 80 548 0 5 58 2 36 2 4 0 
7 60 20 1 261 294 471 30 15 30 5 43 0 3 0 
5 51 7 3 239 93 435 4 3 91 3 38 3 7 0 
7 59 19 2 254 263 478 26 7 65 8 43 1 6 0 
35 96 561 34 237 2861 448 5504 60 255 960 31 81 14 0 
4 50 5 1 240 103 463 2 7 29 2 41 0 2 0 
5 24 10 0 218 90 41 10 3 0 0 11 0 0 0 
6 51 14 1 273 212 477 16 14 13 4 41 0 1 0 
12 74 58 8 339 609 479 149 26 127 62 37 9 13 0 
5 48 9 1 202 146 440 7 5 32 3 35 0 2 0 
4 20 5 1 184 44 42 2 1 12 2 7 0 1 0 
15 103 88 17 210 967 745 283 25 379 123 39 49 23 0 
4 79 3 3 208 93 919 0 2 118 2 55 2 11 0 
10 57 38 7 233 300 412 80 12 183 24 31 16 3 0 
8 79 25 3 287 421 625 40 20 74 14 39 2 9 0 
5 74 7 3 184 148 869 3 7 122 5 64 2 6 0 
10 58 40 5 217 372 468 87 5 128 26 32 7 6 0 
3 23 1 2 186 11 76 0 0 27 0 17 1 4 0 
6 56 12 3 238 178 551 10 6 72 8 32 2 9 0 
3 51 2 1 204 46 580 0 5 32 1 36 0 7 0 
2 13 1 0 77 11 31 0 1 0 0 5 0 0 0 
3 44 1 2 138 12 500 0 0 68 0 30 1 4 0 
3 17 3 0 129 26 47 1 4 0 0 9 0 0 0 
8 53 23 5 205 234 483 32 8 113 18 35 6 4 0 
2 41 0 1 122 0 527 0 0 31 0 29 0 5 0 
2 38 1 0 108 32 532 0 3 0 0 35 0 0 0 
2 41 0 1 122 0 527 0 0 31 0 29 0 5 0 
2 42 0 1 128 0 530 0 0 38 0 34 0 2 0 
3 19 3 0 125 34 51 1 2 0 0 10 0 0 0 
7 62 16 5 241 206 547 16 9 124 13 33 6 12 0 
2 41 0 1 122 0 527 0 0 31 0 29 0 5 0 
3 45 1 2 166 13 540 0 0 63 0 34 1 7 0 
8 65 24 4 249 308 523 36 13 103 16 27 4 9 0 
2 12 1 0 88 12 25 0 0 0 0 5 0 0 0 
4 51 5 1 159 106 548 2 3 31 2 32 0 5 0 
5 20 9 1 182 54 39 7 6 12 3 8 0 1 0 
2 15 1 0 116 13 41 0 1 0 0 10 0 0 0 
3 19 3 0 155 34 49 1 2 0 0 8 0 0 0 
2 8 1 0 67 6 15 0 1 0 0 1 0 0 0 
2 34 0 1 109 0 496 0 0 32 0 32 0 1 0 
2 16 0 1 116 0 48 0 0 12 0 9 0 2 0 
3 45 2 1 162 45 528 0 2 35 1 34 0 3 0 
3 40 1 2 118 8 494 0 0 66 0 30 1 3 0 
4 49 5 1 212 96 530 2 6 35 2 34 0 2 0 
4 45 5 1 132 91 519 2 5 34 2 36 0 0 0 
2 34 0 1 104 0 496 0 0 32 0 32 0 1 0 
8 33 26 2 263 190 60 45 8 19 10 11 1 3 0 
4 47 6 0 146 131 550 4 5 0 0 35 0 0 0 
11 70 49 6 243 517 549 118 22 117 40 32 7 11 0 
2 39 0 1 114 0 510 0 0 35 0 33 0 2 0 
3 24 2 1 151 31 75 0 0 15 1 10 0 1 0 
3 43 2 1 130 42 530 0 1 38 1 34 0 2 0 
2 46 0 1 167 0 571 0 0 32 0 35 0 7 0 
3 20 3 0 102 34 50 1 3 0 0 7 0 0 0 
7 28 21 0 191 152 81 35 8 0 0 13 0 0 0 
3 37 2 1 117 37 497 0 1 35 1 33 0 0 0 
6 36 13 2 214 131 110 13 9 23 6 21 1 4 0 
