0 1
0 17
0 51
1 7
1 10
1 14
1 15
1 19
1 31
1 35
1 53
1 57
2 14
2 18
2 20
2 43
2 49
2 51
2 59
3 7
3 26
3 59
4 16
4 46
5 12
5 14
5 30
5 44
6 14
6 35
6 40
7 14
7 15
7 16
7 17
7 19
7 21
7 22
7 24
7 26
7 27
7 28
7 29
7 30
7 32
7 33
7 34
7 35
7 37
7 42
7 44
7 45
7 46
7 47
7 48
7 50
7 51
7 52
7 54
7 55
7 58
8 35
8 51
9 35
9 50
10 22
11 26
11 32
12 22
12 23
12 30
12 31
12 36
12 37
12 40
12 46
12 48
12 59
13 37
13 50
14 17
14 20
14 22
14 32
14 34
14 51
14 55
14 59
15 59
16 17
16 27
16 29
16 33
16 35
16 37
16 38
17 39
17 42
17 46
17 59
18 32
19 24
19 39
19 40
19 44
19 45
19 53
21 24
23 26
23 57
25 51
25 58
26 32
26 52
26 56
26 59
28 38
30 36
30 37
30 39
30 51
30 52
31 38
32 36
32 39
34 42
35 38
35 46
36 57
37 49
38 47
40 41
40 91
41 47
41 50
41 54
41 55
41 57
41 59
41 71
41 75
41 93
41 97
42 54
42 58
42 60
42 83
42 89
42 91
42 99
43 47
43 51
43 66
43 73
44 56
44 86
45 48
45 54
45 84
46 54
46 75
46 80
47 54
47 55
47 56
47 57
47 58
47 59
47 61
47 62
47 64
47 66
47 67
47 68
47 69
47 70
47 72
47 73
47 74
47 75
47 77
47 82
47 84
47 85
47 86
47 87
47 88
47 90
47 91
47 92
47 94
47 95
47 98
48 75
48 86
48 91
49 75
49 86
49 90
50 57
50 62
51 54
51 57
51 66
51 72
51 73
52 59
52 80
52 86
53 59
53 77
53 90
54 60
54 62
54 72
54 74
54 91
54 95
56 57
56 67
56 69
56 73
56 75
56 77
56 78
58 72
59 64
59 68
59 73
59 79
59 80
59 84
59 85
59 93
61 64
63 66
63 73
63 97
65 91
65 98
66 72
66 92
66 96
66 99
68 78
70 91
71 78
72 76
72 79
73 81
74 82
75 78
75 86
76 97
77 86
77 89
78 87
81 86
81 94
81 97
83 91
85 88
86 95
87 98
90 97
91 94
91 97
96 97
