3 28 3 0 209 42 104 1 7 0 0 19 0 0 0 
10 65 40 5 297 414 425 87 16 117 26 32 7 11 0 
7 44 17 4 259 189 203 19 4 59 12 23 4 4 0 
3 52 1 2 207 37 534 0 5 51 0 47 1 3 0 
2 15 1 0 107 9 39 0 3 0 0 10 0 0 0 
4 31 5 1 217 66 108 2 6 11 2 15 0 2 0 
3 23 3 0 164 42 78 1 2 0 0 15 0 0 0 
32 117 457 39 280 3097 577 3888 88 316 974 39 98 19 0 
2 19 1 0 135 17 74 0 1 0 0 13 0 0 0 
2 12 1 0 101 10 26 0 1 0 0 5 0 0 0 
2 12 1 0 111 8 33 0 2 0 0 6 0 0 0 
2 11 0 1 105 0 20 0 0 9 0 5 0 1 0 
11 53 52 3 372 470 188 141 20 18 21 21 3 1 0 
2 10 1 0 101 8 16 0 1 0 0 4 0 0 0 
13 81 67 11 311 661 459 192 27 233 67 39 27 12 0 
3 56 2 1 223 58 568 0 8 32 1 48 0 3 0 
9 44 29 7 220 167 305 51 6 161 17 29 16 6 0 
8 80 23 5 286 356 565 33 19 132 16 35 7 17 0 
2 12 1 0 92 10 23 0 1 0 0 7 0 0 0 
8 51 23 5 242 219 361 33 3 120 16 29 7 6 0 
2 16 0 1 113 0 56 0 0 12 0 9 0 2 0 
2 31 0 1 123 0 398 0 0 29 0 37 0 1 0 
4 52 5 1 208 99 496 2 8 29 2 39 0 6 0 
3 24 3 0 181 42 75 1 3 0 0 12 0 0 0 
3 35 1 2 137 6 386 0 0 58 0 35 1 3 0 
2 16 1 0 153 12 60 0 2 0 0 12 0 0 0 
8 62 22 6 271 282 494 27 11 124 22 50 7 3 0 
2 37 0 1 134 0 422 0 0 27 0 34 0 5 0 
2 35 1 0 159 29 431 0 3 0 0 40 0 0 0 
2 37 0 1 134 0 422 0 0 27 0 34 0 5 0 
8 60 22 6 254 264 428 27 13 122 22 40 7 4 0 
3 23 3 0 160 44 78 1 1 0 0 9 0 0 0 
7 52 18 3 219 217 441 22 8 63 11 36 2 8 0 
2 37 0 1 134 0 422 0 0 27 0 34 0 5 0 
3 48 1 2 188 17 454 0 1 59 0 35 1 9 0 
8 55 24 4 234 254 413 36 9 93 16 27 4 10 0 
4 28 5 1 214 61 78 2 4 11 2 9 0 2 0 
6 55 12 3 209 183 447 10 4 66 8 32 2 9 0 
5 50 9 1 219 175 553 7 6 11 3 45 0 1 0 
4 27 6 0 215 65 59 4 8 0 0 19 0 0 0 
5 38 10 0 246 142 128 10 5 0 0 20 0 0 0 
11 84 48 7 346 594 600 114 18 180 39 34 12 15 0 
10 55 38 7 301 322 390 74 7 139 36 36 10 10 0 
5 55 5 5 218 92 520 1 7 102 3 38 6 6 0 
5 56 9 1 250 168 468 7 10 30 3 49 0 3 0 
5 51 7 3 271 93 414 4 3 91 3 41 3 7 0 
8 71 25 3 337 354 482 41 18 89 12 48 3 9 0 
35 103 557 38 255 3019 493 5382 72 307 1072 39 91 16 0 
6 65 13 2 315 245 506 12 17 38 8 49 0 4 0 
5 27 9 1 243 91 52 7 2 9 3 12 0 2 0 
6 50 14 1 283 209 471 16 13 13 4 46 0 1 0 
13 84 69 9 427 774 495 198 35 128 77 42 11 18 0 
6 65 11 4 271 196 528 7 11 97 10 51 3 5 0 
5 39 9 1 269 132 185 7 5 12 3 20 0 1 0 
13 101 64 14 256 772 769 169 20 354 80 48 37 23 0 
4 81 3 3 249 93 928 0 4 118 2 65 2 12 0 
10 61 38 7 276 326 409 80 14 183 24 37 16 6 0 
8 78 25 3 331 414 620 40 20 74 14 44 2 9 0 
5 75 7 3 199 151 871 3 7 121 5 69 2 7 0 
19 93 159 12 421 1348 507 784 42 216 166 44 19 13 0 
2 19 0 1 141 0 68 0 0 15 0 15 0 2 0 
2 34 0 1 120 0 492 0 0 32 0 36 0 1 0 
3 49 2 1 208 44 554 0 5 32 1 39 0 6 0 
3 19 3 0 138 28 42 1 5 0 0 9 0 0 0 
3 49 1 2 155 17 595 0 0 71 0 37 1 5 0 
2 11 1 0 96 9 31 0 1 0 0 6 0 0 0 
8 51 23 5 203 216 482 32 8 113 18 36 6 6 0 
2 41 0 1 133 0 523 0 0 31 0 33 0 5 0 
3 54 2 1 165 52 631 0 3 40 1 39 0 5 0 
2 41 0 1 133 0 523 0 0 31 0 33 0 5 0 
2 41 0 1 131 0 519 0 0 37 0 37 0 2 0 
2 14 1 0 99 12 43 0 1 0 0 8 0 0 0 
7 61 16 5 264 202 531 16 9 124 13 37 6 11 0 
7 74 17 4 256 279 652 19 16 107 12 37 4 13 0 
3 43 1 2 171 11 514 0 0 63 0 37 1 6 0 
8 69 22 6 283 314 535 27 14 119 22 30 7 11 0 
2 12 1 0 88 12 25 0 0 0 0 5 0 0 0 
5 52 8 2 183 121 518 5 4 65 4 33 1 7 0 
5 19 9 1 194 50 34 7 6 12 3 11 0 1 0 
2 24 1 0 150 22 151 0 1 0 0 17 0 0 0 
3 28 2 1 200 29 148 0 3 19 1 15 0 1 0 
4 22 6 0 183 56 49 4 5 0 0 10 0 0 0 
2 34 0 1 114 0 492 0 0 32 0 36 0 1 0 
2 16 0 1 106 0 48 0 0 14 0 8 0 1 0 
3 54 2 1 199 54 629 0 2 40 1 41 0 5 0 
3 49 1 2 155 17 595 0 0 71 0 37 1 5 0 
9 58 31 5 297 318 464 55 15 108 23 38 6 4 0 
3 38 2 1 113 36 496 0 3 34 1 38 0 0 0 
2 34 0 1 120 0 492 0 0 32 0 36 0 1 0 
2 13 1 0 105 13 33 0 0 0 0 9 0 0 0 
4 48 6 0 174 132 548 4 6 0 0 40 0 0 0 
10 65 40 5 267 423 524 85 17 112 30 38 5 8 0 
2 39 0 1 119 0 506 0 0 35 0 37 0 2 0 
2 26 0 1 153 0 157 0 0 24 0 15 0 1 0 
3 44 2 1 143 41 522 0 3 37 1 37 0 2 0 
3 50 1 2 192 18 535 0 0 66 0 37 1 8 0 
2 13 1 0 76 11 31 0 1 0 0 5 0 0 0 
7 29 21 0 205 158 76 35 8 0 0 12 0 0 0 
3 35 2 1 112 34 491 0 1 34 1 37 0 0 0 
2 16 1 0 104 16 45 0 0 0 0 12 0 0 0 
