0 1 0.71505
0 17 0.606
0 51 0.98648
1 7 0.94422
1 10 0.91555
1 14 0.75203
1 15 0.87092
1 19 0.66718
1 31 0.53803
1 35 0.64178
1 53 0.5614
1 57 0.856
2 14 0.81547
2 18 0.51804
2 20 0.8246
2 43 0.91313
2 49 0.50457
2 51 0.61288
2 59 0.78746
3 7 0.94117
3 26 0.97846
3 59 0.88923
4 16 0.86057
4 46 0.77306
5 12 0.74645
5 14 0.5831
5 30 0.93702
5 44 0.91295
6 14 0.97819
6 35 0.87817
6 40 0.90714
7 14 0.76209
7 15 0.55274
7 16 0.75879
7 17 0.87712
7 19 0.90948
7 21 0.62541
7 22 0.81228
7 24 0.58733
7 26 0.95825
7 27 0.64242
7 28 0.83801
7 29 0.5731
7 30 0.86706
7 32 0.9223
7 33 0.85887
7 34 0.54285
7 35 0.88321
7 37 0.94378
7 42 0.94268
7 44 0.85184
7 45 0.51524
7 46 0.9658
7 47 0.91782
7 48 0.77652
7 50 0.77674
7 51 0.87926
7 52 0.91487
7 54 0.7925
7 55 0.91663
7 58 0.93376
8 35 0.56272
8 51 0.92864
9 35 0.54227
9 50 0.9632
10 22 0.744
11 26 0.69248
11 32 0.73848
12 22 0.78917
12 23 0.86304
12 30 0.95235
12 31 0.87646
12 36 0.76562
12 37 0.52416
12 40 0.79054
12 46 0.72994
12 48 0.67194
12 59 0.90574
13 37 0.68038
13 50 0.73956
14 17 0.61698
14 20 0.52137
14 22 0.75696
14 32 0.82493
14 34 0.78421
14 51 0.94438
14 55 0.62407
14 59 0.78419
15 59 0.8453
16 17 0.51674
16 27 0.9364
16 29 0.82983
16 33 0.56217
16 35 0.57997
16 37 0.6392
16 38 0.77409
17 39 0.7347
17 42 0.86246
17 46 0.63612
17 59 0.74285
18 32 0.70868
19 24 0.93601
19 39 0.72224
19 40 0.51406
19 44 0.97577
19 45 0.96621
19 53 0.91096
21 24 0.69464
23 26 0.73323
23 57 0.99288
25 51 0.53434
25 58 0.74093
26 32 0.56494
26 52 0.72422
26 56 0.75961
26 59 0.65458
28 38 0.63508
30 36 0.66668
30 37 0.58224
30 39 0.95468
30 51 0.83768
30 52 0.97068
31 38 0.83257
32 36 0.58915
32 39 0.51651
34 42 0.94724
35 38 0.72591
35 46 0.75904
36 57 0.76557
37 49 0.67023
38 47 0.6817
40 41 0.52448
40 91 0.91272
41 47 0.84887
41 50 0.79536
41 54 0.81584
41 55 0.80024
41 57 0.52602
41 59 0.99132
41 71 0.81208
41 75 0.76022
41 93 0.73577
41 97 0.82173
42 54 0.9382
42 58 0.52915
42 60 0.81807
42 83 0.89651
42 89 0.85485
42 91 0.60847
42 99 0.95091
43 47 0.90861
43 51 0.75309
43 66 0.7849
43 73 0.67598
44 56 0.74336
44 86 0.50615
45 48 0.63331
45 54 0.80578
45 84 0.59492
46 54 0.74504
46 75 0.72359
46 80 0.59426
47 54 0.70549
47 55 0.85527
47 56 0.85658
47 57 0.82058
47 58 0.99414
47 59 0.97507
47 61 0.99997
47 62 0.64491
47 64 0.7633
47 66 0.5422
47 67 0.54441
47 68 0.89083
47 69 0.97702
47 70 0.53135
47 72 0.86967
47 73 0.68338
47 74 0.57414
47 75 0.62161
47 77 0.70117
47 82 0.73736
47 84 0.92695
47 85 0.85163
47 86 0.82316
47 87 0.77361
47 88 0.80864
47 90 0.79138
47 91 0.96878
47 92 0.93114
47 94 0.50497
47 95 0.53191
47 98 0.88757
48 75 0.64697
48 86 0.75084
48 91 0.57476
49 75 0.61224
49 86 0.59079
49 90 0.98813
50 57 0.75787
50 62 0.9182
51 54 0.85497
51 57 0.73547
51 66 0.87264
51 72 0.97816
51 73 0.61108
52 59 0.73964
52 80 0.65006
52 86 0.65036
53 59 0.68148
53 77 0.9531
53 90 0.62146
54 60 0.82057
54 62 0.9735
54 72 0.96857
54 74 0.85496
54 91 0.70932
54 95 0.59967
56 57 0.8874
56 67 0.81615
56 69 0.54042
56 73 0.5736
56 75 0.98754
56 77 0.8464
56 78 0.68548
58 72 0.56219
59 64 0.62294
59 68 0.54814
59 73 0.66531
59 79 0.70406
59 80 0.66806
59 84 0.82342
59 85 0.74326
59 93 0.82917
61 64 0.86557
63 66 0.68035
63 73 0.8959
63 97 0.64043
65 91 0.70845
65 98 0.65639
66 72 0.94525
66 92 0.79815
66 96 0.74873
66 99 0.80151
68 78 0.68877
70 91 0.63319
71 78 0.99342
72 76 0.80486
72 79 0.97778
73 81 0.89361
74 82 0.87508
75 78 0.95904
75 86 0.95046
76 97 0.70583
77 86 0.76001
77 89 0.65155
78 87 0.71019
81 86 0.73135
81 94 0.6263
81 97 0.68297
83 91 0.78899
85 88 0.54036
86 95 0.67087
87 98 0.50314
90 97 0.87967
91 94 0.98707
91 97 0.62117
96 97 0.99984
