1 16 0.75739 4
1 45 0.53259 4
2 4 0.552 9
2 7 0.816 8
2 14 0.94237 9
2 17 0.64244 6
2 18 0.64588 8
2 31 0.7606 8
2 32 0.50073 6
2 34 0.65057 6
2 39 0.85202 6
3 37 0.51678 2
3 38 0.58466 2
4 15 0.88944 5
4 30 0.99523 6
4 35 0.82506 5
4 42 0.87658 9
4 45 0.61389 8
4 46 0.85828 12
4 50 0.62911 6
4 55 0.93265 6
5 14 0.67773 6
5 42 0.74262 6
5 47 0.97508 10
6 11 0.71 11
6 18 0.91543 6
6 46 0.90937 9
6 60 0.66455 4
7 11 0.51845 13
7 17 0.54366 5
7 19 0.5203 4
7 44 0.5552 12
7 47 0.73013 12
7 59 0.82424 6
8 12 0.86317 2
8 44 0.63018 10
8 52 0.69937 8
9 37 0.76962 2
9 49 0.75836 4
10 39 0.70497 3
10 46 0.97275 8
11 14 0.74749 14
11 16 0.84447 13
11 18 0.6406 13
11 21 0.98347 10
11 23 0.82774 11
11 28 0.58319 12
11 29 0.55627 10
11 40 0.54724 10
11 42 0.89459 14
11 43 0.76312 11
11 45 0.64274 13
11 48 0.79961 12
11 49 0.73906 13
11 52 0.74653 16
11 53 0.80492 12
11 58 0.56967 12
11 59 0.63374 12
12 27 0.83837 5
13 42 0.97196 6
13 44 0.53962 9
14 18 0.66862 9
14 24 0.92051 7
14 25 0.50939 7
14 26 0.60087 7
14 29 0.59421 6
14 30 0.79105 6
14 31 0.65955 8
15 45 0.9147 4
16 20 0.51505 4
16 31 0.83993 7
16 35 0.98806 4
16 47 0.65324 12
16 56 0.62906 8
17 31 0.5355 5
17 56 0.68974 7
18 23 0.73943 6
18 25 0.86074 6
18 33 0.73842 6
18 46 0.57819 11
19 27 0.98071 5
20 22 0.78573 5
21 47 0.72838 10
22 26 0.79727 6
22 27 0.98391 8
22 28 0.70291 7
22 30 0.58594 6
22 38 0.61996 6
22 46 0.96129 12
22 47 0.86518 13
22 52 0.83015 11
23 41 0.94503 4
23 46 0.75885 9
24 43 0.98015 4
24 49 0.57431 5
24 52 0.86685 8
25 44 0.67173 11
25 47 0.97895 11
25 60 0.95473 4
26 38 0.71524 3
26 47 0.75636 11
27 28 0.75246 7
27 32 0.8964 5
27 34 0.55593 5
27 36 0.78004 5
27 47 0.91117 13
28 32 0.98676 4
28 33 0.86734 5
28 54 0.83433 5
31 51 0.64309 13
31 52 0.83248 10
31 58 0.58841 6
33 41 0.9094 4
33 44 0.76519 10
34 42 0.86271 6
36 56 0.72199 6
37 46 0.57005 9
39 46 0.55055 9
39 52 0.94262 8
40 52 0.73417 7
41 56 0.67307 7
41 85 0.50926 4
42 46 0.59311 12
42 47 0.6802 14
42 57 0.84066 7
42 71 0.95031 9
42 79 0.88201 7
43 77 0.78786 3
43 78 0.88074 3
44 46 0.8388 16
44 47 0.68728 17
44 53 0.867 11
44 55 0.75571 10
44 58 0.59399 11
44 70 0.82753 9
44 75 0.75919 9
44 82 0.78814 12
44 85 0.84608 11
44 86 0.65781 14
44 90 0.84059 9
44 95 0.69643 9
45 48 0.6196 6
45 82 0.79464 7
45 87 0.62273 9
46 47 0.54246 16
46 51 0.89611 17
46 54 0.67511 10
46 86 0.71857 13
46 100 0.70506 8
47 49 0.7041 12
47 51 0.79772 19
47 57 0.76566 11
47 59 0.81373 11
47 84 0.78843 13
47 87 0.63184 15
47 99 0.97712 12
48 52 0.78851 9
48 84 0.50297 7
48 92 0.57134 7
49 51 0.55497 13
49 77 0.68176 5
49 89 0.69657 6
50 52 0.5207 8
50 79 0.87735 4
50 86 0.84147 7
51 54 0.79632 12
51 56 0.77315 15
51 61 0.98364 11
51 63 0.53211 12
51 68 0.81003 13
51 69 0.77807 11
51 80 0.67856 11
51 82 0.85287 13
51 83 0.76733 11
51 85 0.6894 12
51 88 0.85988 11
51 89 0.97119 13
51 92 0.60421 14
51 93 0.92903 11
51 98 0.66625 11
51 99 0.74284 13
52 55 0.89973 8
52 56 0.81984 11
52 67 0.9158 11
52 71 0.71046 10
53 57 0.96411 5
53 82 0.68462 6
53 84 0.7422 7
53 99 0.52598 6
54 66 0.82441 4
54 69 0.61397 3
55 85 0.96754 4
56 60 0.92957 7
56 75 0.92817 6
56 87 0.86828 11
56 96 0.67337 7
57 71 0.54207 6
57 96 0.88843 4
58 63 0.80481 5
58 71 0.5025 7
58 73 0.95291 5
59 67 0.80443 7
59 99 0.87783 6
60 62 0.84061 6
61 87 0.91554 7
62 66 0.67698 6
62 67 0.56115 9
62 68 0.78969 7
62 70 0.74276 5
62 78 0.59949 6
62 86 0.55151 10
62 87 0.60895 10
62 92 0.67362 9
63 81 0.55259 3
63 86 0.61255 7
64 71 0.51488 6
64 83 0.61217 3
64 89 0.9557 5
64 92 0.99977 6
65 71 0.73071 6
65 84 0.51371 6
65 87 0.55568 8
65 100 0.99895 3
66 78 0.86388 3
66 87 0.56219 8
67 68 0.55941 7
67 72 0.593 6
67 74 0.70638 5
67 76 0.87189 5
67 87 0.72906 10
67 99 0.8863 8
68 72 0.64464 4
68 73 0.97982 5
68 94 0.67731 4
71 72 0.89791 5
71 79 0.55995 6
73 81 0.73049 3
73 84 0.91025 6
74 82 0.74371 4
76 96 0.87598 3
77 86 0.78674 7
79 86 0.89445 8
79 92 0.51128 7
80 92 0.79989 5
82 86 0.96671 9
82 97 0.89927 4
84 86 0.91511 10
84 87 0.52496 10
84 93 0.90041 6
84 98 0.56313 5
85 88 0.81823 3
86 87 0.58917 11
86 94 0.57441 6
87 89 0.69503 9
87 91 0.60855 7
89 91 0.50227 4
89 99 0.99171 6
90 92 0.89323 5
91 99 0.60207 5
92 95 0.83051 5
92 96 0.92949 6
93 97 0.64594 2
