1 16 0.75739 4
1 45 0.53259 5
2 7 0.816 5
2 31 0.57632 2
2 39 0.85202 4
3 37 0.51678 2
3 38 0.58466 2
4 15 0.88944 5
4 30 0.99523 5
4 35 0.82506 5
4 42 0.87658 9
4 45 0.61389 8
4 46 0.85828 12
4 50 0.62911 6
4 55 0.93265 6
5 42 0.74262 6
5 47 0.97508 10
6 11 0.71 10
6 46 0.90937 9
6 60 0.66455 3
7 11 0.51845 12
7 17 0.54366 5
7 19 0.5203 4
7 44 0.5552 12
7 47 0.73013 13
7 59 0.82424 5
8 12 0.86317 2
8 44 0.63018 10
8 52 0.69937 7
9 37 0.76962 2
9 49 0.75836 4
10 39 0.70497 3
10 46 0.97275 9
11 14 0.74749 10
11 16 0.84447 12
11 21 0.98347 10
11 23 0.82774 11
11 28 0.58319 12
11 29 0.55627 10
11 40 0.54724 10
11 42 0.89459 14
11 43 0.76312 16
11 45 0.64274 13
11 48 0.79961 11
11 49 0.73906 12
11 52 0.74653 14
11 53 0.80492 11
11 58 0.56967 11
11 59 0.63374 11
12 27 0.83837 5
13 42 0.97196 6
13 44 0.53962 9
14 26 0.60087 3
14 29 0.79196 3
15 45 0.9147 5
16 20 0.51505 4
16 35 0.98806 4
16 47 0.65324 12
16 56 0.62906 8
17 31 0.92116 2
17 56 0.68974 7
18 23 0.5795 3
18 33 0.73842 3
18 43 0.94887 8
19 27 0.98071 5
20 22 0.78573 5
21 47 0.72838 10
22 26 0.79727 6
22 27 0.98391 8
22 28 0.70291 7
22 30 0.58594 5
22 38 0.61996 6
22 46 0.96129 12
22 47 0.86518 14
22 52 0.83015 10
23 41 0.94503 4
23 46 0.75885 10
24 43 0.98015 8
24 49 0.57431 5
24 52 0.86685 7
25 44 0.67173 10
25 47 0.97895 11
25 60 0.95473 3
26 38 0.71524 3
26 47 0.75636 11
27 28 0.75246 7
27 32 0.8964 5
27 34 0.55593 5
27 36 0.78004 5
27 47 0.91117 13
28 32 0.98676 4
28 33 0.86734 5
28 54 0.83433 5
29 43 0.83538 8
33 41 0.9094 4
33 44 0.76519 10
34 42 0.86271 6
36 56 0.72199 6
37 46 0.57005 9
39 43 0.94525 9
39 46 0.55055 10
39 52 0.94262 8
40 52 0.73417 6
41 43 0.98651 9
41 56 0.67307 8
41 85 0.50926 5
42 46 0.59311 13
42 47 0.6802 14
42 57 0.84066 8
42 71 0.95031 6
42 79 0.88201 7
43 45 0.83267 11
43 47 0.55108 16
43 51 0.58958 17
43 55 0.82959 9
43 64 0.99588 9
43 77 0.78786 11
43 78 0.88074 9
43 92 0.8178 12
44 46 0.8388 16
44 47 0.68728 18
44 53 0.867 11
44 55 0.75571 11
44 58 0.59399 10
44 70 0.82753 9
44 75 0.75919 9
44 82 0.78814 12
44 85 0.84608 11
44 86 0.65781 14
44 90 0.84059 9
44 95 0.69643 9
45 48 0.6196 6
45 82 0.79464 8
45 87 0.62273 10
46 47 0.54246 17
46 51 0.89611 18
46 54 0.67511 10
46 65 0.55013 13
46 66 0.97847 13
46 86 0.71857 13
46 100 0.70506 9
47 49 0.7041 13
47 51 0.79772 20
47 57 0.76566 12
47 59 0.81373 11
47 84 0.78843 14
47 87 0.63184 15
47 99 0.97712 11
48 52 0.78851 8
48 84 0.50297 7
48 92 0.57134 7
49 51 0.55497 14
49 77 0.68176 7
49 89 0.69657 6
50 52 0.5207 7
50 79 0.87735 4
50 86 0.84147 7
51 54 0.79632 13
51 56 0.77315 16
51 61 0.98364 11
51 63 0.53211 12
51 66 0.86746 15
51 68 0.81003 14
51 69 0.77807 11
51 80 0.67856 12
51 82 0.85287 14
51 83 0.76733 11
51 85 0.6894 13
51 88 0.85988 11
51 89 0.97119 13
51 92 0.60421 15
51 93 0.92903 12
51 98 0.66625 11
51 99 0.74284 12
52 55 0.89973 8
52 56 0.81984 11
52 67 0.9158 9
53 57 0.96411 5
53 82 0.68462 6
53 84 0.7422 7
54 66 0.82441 7
54 69 0.61397 3
55 85 0.96754 5
56 60 0.92957 7
56 75 0.92817 6
56 77 0.83944 9
56 87 0.86828 11
56 96 0.67337 7
57 65 0.57875 8
57 71 0.54207 4
57 96 0.88843 5
58 63 0.80481 4
58 73 0.95291 4
59 67 0.80443 6
60 62 0.84061 7
61 87 0.91554 7
62 66 0.67698 10
62 67 0.56115 9
62 68 0.78969 8
62 70 0.74276 6
62 77 0.69638 9
62 78 0.59949 7
62 86 0.55151 10
62 87 0.60895 11
62 92 0.67362 10
63 81 0.55259 3
63 86 0.61255 7
64 83 0.61217 3
64 89 0.9557 4
64 92 0.99977 7
65 71 0.50494 6
65 77 0.71079 9
65 80 0.71159 6
65 82 0.68533 9
65 84 0.51371 9
65 87 0.55568 11
65 91 0.98118 6
65 100 0.99895 6
66 68 0.84887 8
66 74 0.84321 6
66 78 0.86388 7
66 81 0.98587 6
66 87 0.56219 11
66 99 0.93168 6
67 68 0.55941 7
67 72 0.593 5
67 74 0.70638 5
67 76 0.87189 5
67 87 0.72906 10
68 72 0.64464 4
68 73 0.97982 6
68 94 0.67731 4
73 77 0.61517 6
73 81 0.73049 4
73 84 0.91025 7
74 82 0.74371 5
76 96 0.87598 3
77 78 0.5805 6
77 86 0.78674 9
79 86 0.89445 7
79 92 0.51128 7
80 92 0.79989 6
82 86 0.96671 9
82 97 0.89927 5
84 86 0.91511 10
84 87 0.52496 10
84 93 0.90041 6
84 98 0.56313 5
85 88 0.81823 3
86 87 0.58917 11
86 94 0.57441 6
87 89 0.69503 8
87 91 0.60855 7
89 91 0.50227 4
90 92 0.89323 6
92 95 0.83051 6
92 96 0.92949 7
93 97 0.64594 2
