0 0 0 0 -5 0 0 0 0 0 0 -1 0 0 0 
6 27 29 4 145 231 56 58 8 31 22 8 3 2 0 
0 0 0 0 -1 0 0 0 0 0 0 0 0 0 0 
1 6 8 0 9 81 5 26 3 -2 2 3 0 0 0 
1 8 2 0 33 36 14 0 3 -1 1 6 0 0 0 
1 3 1 2 7 2 -14 0 1 34 2 -3 1 3 0 
0 6 -1 1 36 26 19 -5 0 6 5 3 0 2 0 
0 2 0 0 14 4 21 0 0 0 0 0 0 0 0 
0 0 0 0 -5 0 0 0 0 0 0 0 0 0 0 
0 -2 0 0 -14 0 -14 0 0 -2 0 -1 0 0 0 
1 8 17 1 2 197 7 130 6 -1 22 1 1 4 0 
0 0 0 0 3 0 0 0 0 0 0 0 0 0 0 
0 0 0 0 6 0 -1 0 0 0 0 1 0 0 0 
7 24 38 4 134 281 35 85 14 43 29 4 5 2 0 
0 0 0 0 -4 0 2 0 0 0 0 -1 0 0 0 
1 5 6 0 33 66 3 15 6 0 0 3 0 0 0 
1 8 1 2 65 15 10 0 2 20 2 1 1 1 0 
5 29 18 7 88 183 120 22 7 97 24 9 9 2 0 
0 0 0 0 7 0 -1 0 0 0 0 1 0 0 0 
0 1 0 0 6 1 5 0 0 0 0 0 0 0 0 
0 0 0 0 3 2 -1 0 -1 0 0 1 0 0 0 
0 1 0 0 18 10 -4 0 1 -4 0 -1 0 0 0 
0 0 -2 2 -13 -34 -18 -3 -3 34 2 -3 1 3 0 
1 1 3 0 -18 32 -17 3 0 0 0 -1 0 0 0 
2 13 6 1 54 97 21 4 6 9 5 6 0 2 0 
0 6 0 0 13 13 15 0 3 -1 0 4 0 0 0 
0 1 0 0 9 5 -15 0 1 0 0 0 0 0 0 
0 2 0 0 15 7 18 0 1 1 0 -1 0 0 0 
-1 -3 -1 -1 -36 -13 -8 0 0 -18 0 1 -1 0 0 
1 10 2 0 43 31 38 1 2 0 0 5 0 0 0 
5 54 18 2 251 290 290 26 16 18 8 14 1 2 0 
1 8 2 0 35 24 24 0 1 0 1 4 0 0 0 
0 4 0 0 14 8 10 0 2 0 0 7 0 0 0 
1 8 2 0 36 28 23 1 2 0 0 5 0 0 0 
0 2 0 0 11 2 12 0 0 0 0 0 0 0 0 
0 -1 0 0 -4 -1 -9 0 0 0 0 0 0 0 0 
0 -1 0 0 -10 -2 -13 0 0 0 0 -1 0 0 0 
0 0 0 0 7 0 0 0 0 0 0 0 0 0 0 
-1 -6 -4 0 -49 -52 -40 -5 -2 -1 -1 -3 0 0 0 
0 3 0 0 18 0 34 0 0 3 0 1 0 0 0 
-1 -14 -4 0 -72 -61 -83 -6 -7 0 0 -4 0 0 0 
0 5 -1 1 21 34 6 -7 2 9 6 0 1 -1 0 
-10 -65 -79 -6 -212 -905 -291 -291 -38 -100 -66 -18 -3 -7 0 
0 1 0 0 -6 17 -19 0 2 -5 0 0 0 0 0 
-1 -10 -6 -1 -52 -81 -33 -14 -5 -22 -6 -2 -1 -1 0 
-1 -10 -14 -1 -4 -187 -46 -83 -12 -28 -21 -2 0 -1 -1 
-1 -7 -18 0 -4 -193 -61 -139 -8 -19 -13 -4 -1 -1 0 
0 1 0 0 -8 5 21 0 -2 5 0 0 0 -1 0 
0 -4 0 0 -32 -12 -26 0 -5 -2 0 -5 0 0 0 
0 4 0 0 15 9 30 0 1 1 0 0 0 0 0 
-1 -8 -15 -5 -7 -142 -57 -99 -16 -69 -79 -1 -11 0 -1 
2 13 23 0 34 252 39 117 9 2 4 6 0 0 0 
1 5 5 0 26 73 18 9 2 -1 1 5 0 0 0 
0 -4 2 -2 -16 28 -17 3 0 -40 -1 -1 -1 -2 -1 
-1 -10 -4 0 -51 -64 -44 -5 -7 0 -1 -6 0 0 0 
-1 -5 -10 0 -44 -106 -8 -45 -3 0 0 -7 0 0 0 
-1 -2 -4 -1 -8 -34 -22 -5 -5 -5 -4 -3 -1 1 0 
2 13 9 0 66 131 45 16 7 0 0 5 0 0 0 
1 3 2 2 27 27 -11 0 0 27 4 2 2 1 0 
0 1 0 0 2 3 -10 0 0 0 0 0 0 0 0 
0 -1 0 0 -18 1 -13 0 -1 0 0 -6 0 0 0 
-1 -9 -6 -3 -70 -68 -14 -13 -9 -32 -17 -6 -6 -2 0 
0 0 0 0 -10 0 -7 0 0 0 0 -6 0 0 0 
0 -4 1 -1 -45 10 -41 2 -1 -18 -2 0 0 -1 0 
-6 -27 -36 -3 -170 -309 -96 -87 -28 -24 -28 -14 -1 -2 0 
-6 -37 -33 -6 -142 -311 -188 -66 -19 -100 -41 -14 -8 -5 -1 
1 5 7 1 17 70 22 18 1 5 10 -1 0 0 0 
-1 -6 -4 -2 -26 -30 -18 -5 -3 -27 -8 -1 -2 -5 0 
0 -1 0 0 -13 0 -13 0 0 1 0 -5 0 -1 0 
0 -1 0 0 -8 -1 -5 0 0 0 0 -3 0 0 0 
5 19 25 0 112 218 49 45 6 -2 10 2 0 0 0 
1 7 2 0 31 23 22 0 1 0 1 1 0 0 0 
-1 -7 -4 0 -52 -39 -15 -6 -4 0 0 -5 0 0 0 
-1 -9 -2 0 -52 -24 -28 -1 -4 0 0 -7 0 0 0 
0 -1 0 0 -4 -1 -9 0 0 0 0 0 0 0 0 
0 1 0 0 2 1 6 0 0 0 0 1 0 0 0 
-5 -39 -22 -3 -184 -295 -150 -39 -18 -33 -14 -12 -2 -2 0 
-1 -20 -1 -2 -128 -33 -90 0 -2 -31 -1 -10 -2 -2 0 
1 4 3 1 9 27 3 2 2 12 4 -4 0 1 0 
-1 -11 -2 0 -63 -41 -52 0 -2 0 -1 -9 0 -1 0 
-1 -10 -2 0 -57 -22 -31 -1 -2 0 0 -8 0 0 0 
-1 -11 -7 0 -44 -110 -48 -19 -11 1 -2 -11 0 0 0 
0 -1 0 0 -10 1 -13 0 -1 0 0 -6 0 0 0 
0 -7 0 0 -33 -33 -39 0 -8 -5 0 -3 0 -1 0 
0 -3 0 0 -24 -4 -18 0 -3 -2 0 -5 0 0 0 
0 -5 1 -1 -42 -10 -27 8 -13 -12 -7 -3 -1 -1 0 
0 -12 1 -1 -53 -81 -67 8 -16 -17 -6 -7 -2 -1 0 
0 -1 0 0 -10 0 -13 0 0 -1 0 -5 0 0 0 
1 1 3 2 -16 19 -23 3 1 22 4 -6 3 0 0 
0 -1 0 0 -10 -1 -6 0 0 0 0 -2 0 0 0 
0 -2 0 0 -9 0 -11 0 2 -8 0 2 0 0 0 
-1 -11 -7 -2 -55 -90 -50 -21 -4 -41 -13 -8 -2 -1 0 
0 -1 0 0 -16 -2 -14 0 0 0 0 -5 0 0 0 
0 -1 0 0 -11 -1 -2 0 0 0 0 -3 0 0 0 
0 -1 0 0 -10 -1 -6 0 0 0 0 -2 0 0 0 
0 -3 0 0 -17 -9 -18 0 0 0 0 -3 0 0 0 
0 -1 0 0 -12 -1 -6 0 0 0 0 0 0 0 0 
0 -1 0 0 -15 -1 -14 0 0 0 0 -5 0 0 0 
4 7 15 3 50 173 -39 14 10 23 17 -2 3 -1 0 
0 -5 1 -1 -17 17 -23 0 0 -22 0 -2 0 0 0 
