0 15
0 44
1 3
1 6
1 13
1 16
1 17
1 30
1 31
1 33
1 38
2 36
2 37
3 14
3 29
3 34
3 41
3 44
3 45
3 49
3 54
4 13
4 41
4 46
5 10
5 17
5 45
5 59
6 10
6 16
6 18
6 43
6 46
6 58
7 11
7 43
7 51
8 36
8 48
9 38
9 45
10 13
10 15
10 17
10 20
10 22
10 27
10 28
10 39
10 41
10 42
10 44
10 47
10 48
10 51
10 52
10 57
10 58
11 26
12 41
12 43
13 17
13 23
13 24
13 25
13 28
13 29
13 30
14 44
15 19
15 30
15 34
15 46
15 55
16 30
16 55
17 22
17 24
17 32
17 45
18 26
19 21
20 46
21 25
21 26
21 27
21 29
21 37
21 45
21 46
21 51
22 40
22 45
23 42
23 48
23 51
24 43
24 46
24 59
25 37
25 46
26 27
26 31
26 33
26 35
26 46
27 31
27 32
27 53
30 50
30 51
30 57
32 40
32 43
33 41
35 55
36 45
38 45
38 51
39 51
40 55
40 84
41 45
41 46
41 56
41 70
41 78
42 76
42 77
43 45
43 46
43 52
43 54
43 57
43 69
43 74
43 81
43 84
43 85
43 89
43 94
44 47
44 81
44 86
45 46
45 50
45 53
45 85
45 99
46 48
46 50
46 56
46 58
46 83
46 86
46 98
47 51
47 83
47 91
48 50
48 76
48 88
49 51
49 78
49 85
50 53
50 55
50 60
50 62
50 67
50 68
50 79
50 81
50 82
50 84
50 87
50 88
50 91
50 92
50 97
50 98
51 54
51 55
51 66
51 70
52 56
52 81
52 83
52 98
53 65
53 68
54 84
55 59
55 74
55 86
55 95
56 70
56 95
57 62
57 70
57 72
58 66
58 98
59 61
60 86
61 65
61 66
61 67
61 69
61 77
61 85
61 86
61 91
62 80
62 85
63 70
63 82
63 88
63 91
64 70
64 83
64 86
64 99
65 77
65 86
66 67
66 71
66 73
66 75
66 86
66 98
67 71
67 72
67 93
70 71
70 78
72 80
72 83
73 81
75 95
76 85
78 85
78 91
79 91
81 85
81 96
83 85
83 86
83 92
83 97
84 87
85 86
85 93
86 88
86 90
88 90
88 98
89 91
90 98
91 94
91 95
92 96
