2 12 1 0 99 10 28 0 1 0 0 3 0 0 0 
3 11 3 0 88 20 17 1 1 0 0 4 0 0 0 
2 4 1 0 25 4 1 0 0 0 0 1 0 0 0 
8 37 26 2 239 217 127 44 7 26 12 16 0 1 0 
2 25 0 1 150 0 150 0 0 21 0 14 0 2 0 
3 35 3 0 186 66 226 1 2 0 0 18 0 0 0 
7 53 18 3 218 235 326 22 9 61 11 21 2 2 0 
3 27 3 0 128 52 156 1 1 0 0 9 0 0 0 
2 8 1 0 80 8 14 0 0 0 0 2 0 0 0 
2 17 0 1 123 0 84 0 0 17 0 10 0 0 0 
18 72 146 7 380 1076 173 709 44 58 102 16 5 1 0 
2 9 1 0 55 9 19 0 0 0 0 3 0 0 0 
2 25 1 0 123 21 144 0 2 0 0 12 0 0 0 
3 20 2 1 107 23 116 0 0 15 1 7 0 1 0 
2 12 0 1 80 0 27 0 0 12 0 3 0 0 0 
6 48 15 0 235 218 312 20 11 0 0 22 0 0 0 
3 17 3 0 116 32 57 1 1 0 0 3 0 0 0 
3 19 3 0 141 30 78 1 4 0 0 6 0 0 0 
2 13 1 0 79 11 30 0 1 0 0 6 0 0 0 
2 13 1 0 96 11 33 0 1 0 0 5 0 0 0 
2 35 1 0 169 23 267 0 6 0 0 22 0 0 0 
9 52 31 5 250 330 239 54 5 68 25 18 5 4 0 
4 38 6 0 201 102 230 4 6 0 0 18 0 0 0 
3 29 3 0 191 42 128 1 8 0 0 10 0 0 0 
3 35 2 1 171 38 228 0 0 28 1 16 0 2 0 
4 26 4 2 157 48 138 1 0 26 2 14 1 2 0 
8 30 25 3 175 171 141 40 2 31 14 13 2 2 0 
6 36 13 2 186 159 162 13 2 15 6 14 1 1 0 
3 28 1 2 137 13 163 0 0 41 0 8 1 1 0 
2 15 1 0 85 13 42 0 1 0 0 7 0 0 0 
2 4 1 0 24 2 2 0 1 0 0 0 0 0 0 
2 10 0 1 58 0 20 0 0 8 0 1 0 1 0 
4 27 6 0 139 75 128 4 3 0 0 9 0 0 0 
2 16 1 0 86 14 49 0 1 0 0 8 0 0 0 
2 12 1 0 83 12 29 0 0 0 0 2 0 0 0 
2 17 1 0 95 17 63 0 0 0 0 3 0 0 0 
3 17 3 0 107 34 94 1 0 0 0 11 0 0 0 
3 10 2 1 71 11 19 0 0 7 1 3 0 1 0 
5 39 9 1 233 130 197 7 6 14 3 18 0 0 0 
2 25 0 1 107 0 151 0 0 23 0 5 0 1 0 
5 33 10 0 223 112 127 10 10 0 0 8 0 0 0 
10 60 40 5 274 422 316 85 17 76 30 24 5 4 0 
14 90 85 6 331 970 440 295 43 100 66 27 3 7 0 
17 69 129 7 376 946 227 581 23 104 93 20 6 4 0 
8 55 25 3 294 314 247 39 10 47 16 18 1 2 0 
16 101 109 11 329 1245 447 418 35 174 131 22 10 13 1 
19 111 156 15 361 1648 437 736 56 212 211 22 22 13 0 
5 47 8 2 228 135 210 5 4 41 4 10 1 2 0 
7 65 19 2 283 300 419 26 17 50 8 31 1 3 0 
4 28 5 1 168 67 94 2 3 11 2 9 0 0 0 
21 91 196 14 356 1553 312 1085 48 161 225 23 19 5 1 
11 58 53 2 304 519 204 148 14 31 16 15 1 1 0 
5 51 9 1 239 157 276 7 13 19 3 18 0 1 0 
5 42 6 4 205 75 226 2 1 85 5 19 2 3 1 
5 48 9 1 239 154 235 7 10 18 3 17 0 0 0 
11 67 55 0 326 632 307 165 19 0 0 27 0 0 0 
6 39 12 3 237 138 177 10 9 35 8 17 2 2 0 
4 40 6 0 182 112 251 4 4 0 0 14 0 0 0 
4 44 4 2 210 77 261 1 7 39 2 22 1 1 0 
4 23 6 0 171 65 74 4 2 0 0 9 0 0 0 
2 31 1 0 159 23 223 0 4 0 0 22 0 0 0 
10 50 37 8 274 334 122 67 14 80 42 14 11 4 0 
4 35 6 0 196 95 219 4 5 0 0 20 0 0 0 
4 25 5 1 166 45 93 2 5 18 2 7 0 1 0 
10 52 41 4 318 367 177 89 28 37 30 20 1 4 0 
10 58 37 8 270 351 247 67 19 119 43 21 9 7 1 
8 37 25 3 223 213 108 40 7 26 14 13 2 3 0 
7 43 17 4 192 189 215 18 6 45 14 14 3 6 0 
2 22 0 1 115 0 162 0 0 18 0 12 0 2 0 
2 25 1 0 115 23 141 0 1 0 0 15 0 0 0 
3 19 1 2 125 14 53 0 1 20 0 6 1 1 0 
2 11 0 1 71 0 22 0 0 9 0 3 0 1 0 
5 26 10 0 184 94 58 10 5 0 0 10 0 0 0 
3 23 3 0 146 38 65 1 4 0 0 13 0 0 0 
2 26 1 0 134 26 158 0 0 0 0 7 0 0 0 
2 10 1 0 60 10 21 0 0 0 0 3 0 0 0 
8 58 25 3 326 329 206 40 20 33 14 19 2 2 0 
4 32 3 3 204 48 112 0 2 38 2 13 2 3 0 
4 29 5 1 185 70 96 2 3 11 2 13 0 0 0 
3 36 2 1 163 41 218 0 2 25 1 17 0 1 0 
3 16 3 0 107 26 37 1 3 0 0 8 0 0 0 
8 65 26 2 287 373 349 45 21 38 10 29 1 1 0 
2 23 1 0 108 17 178 0 3 0 0 15 0 0 0 
9 57 33 3 327 358 221 66 20 54 15 26 3 2 0 
5 41 8 2 194 111 266 4 8 37 6 19 0 0 0 
11 71 49 6 341 555 277 114 29 83 48 18 3 7 0 
12 78 58 8 352 689 292 149 36 89 62 30 9 4 0 
2 22 0 1 110 0 160 0 0 22 0 14 0 0 0 
5 38 8 2 216 101 210 4 8 31 6 19 0 2 0 
2 25 1 0 118 23 146 0 1 0 0 10 0 0 0 
3 20 1 2 137 11 59 0 0 27 0 8 1 1 0 
10 53 42 3 274 394 232 98 11 59 20 25 2 1 0 
3 29 3 0 145 52 201 1 3 0 0 17 0 0 0 
2 16 1 0 110 14 50 0 1 0 0 10 0 0 0 
2 25 1 0 118 23 146 0 1 0 0 10 0 0 0 
4 25 6 0 155 73 85 4 1 0 0 6 0 0 0 
2 9 1 0 90 7 20 0 1 0 0 2 0 0 0 
2 28 1 0 142 24 201 0 2 0 0 17 0 0 0 
3 43 1 2 203 21 296 0 2 49 0 21 1 6 0 
2 22 0 1 131 0 106 0 0 22 0 13 0 0 0 
