2 12 1 0 94 10 28 0 1 0 0 2 0 0 0 
9 38 32 4 233 251 73 59 9 31 22 12 3 2 0 
2 4 1 0 24 4 1 0 0 0 0 1 0 0 0 
9 43 34 2 248 298 132 70 10 24 14 19 0 1 0 
3 33 2 1 183 36 164 0 3 20 1 20 0 2 0 
4 38 4 2 193 68 212 1 3 34 2 15 1 3 0 
7 59 17 4 254 261 345 17 9 67 16 24 2 4 0 
3 29 3 0 142 56 177 1 1 0 0 9 0 0 0 
2 8 1 0 75 8 14 0 0 0 0 2 0 0 0 
2 15 0 1 109 0 70 0 0 15 0 9 0 0 0 
19 80 163 8 382 1273 180 839 50 57 124 17 6 5 0 
2 9 1 0 58 9 19 0 0 0 0 3 0 0 0 
2 25 1 0 129 21 143 0 2 0 0 13 0 0 0 
10 44 40 5 241 304 151 85 14 58 30 11 5 3 0 
2 12 0 1 76 0 29 0 0 12 0 2 0 0 0 
7 53 21 0 268 284 315 35 17 0 0 25 0 0 0 
4 25 4 2 181 47 67 1 3 20 2 4 1 1 0 
8 48 21 7 229 213 198 23 11 97 24 15 9 2 0 
2 13 1 0 86 11 29 0 1 0 0 7 0 0 0 
2 14 1 0 102 12 38 0 1 0 0 5 0 0 0 
2 35 1 0 172 25 266 0 5 0 0 23 0 0 0 
9 53 31 5 268 340 235 54 6 64 25 17 5 4 0 
4 38 4 2 188 68 212 1 3 34 2 15 1 3 0 
4 30 6 0 173 74 111 4 8 0 0 9 0 0 0 
5 48 8 2 225 135 249 4 6 37 6 22 0 4 0 
4 32 4 2 170 61 153 1 3 25 2 18 1 2 0 
8 31 25 3 184 176 126 40 3 31 14 13 2 2 0 
6 38 13 2 201 166 180 13 3 16 6 13 1 1 0 
2 25 0 1 101 0 155 0 0 23 0 9 0 1 0 
3 25 3 0 128 44 80 1 3 0 0 12 0 0 0 
7 58 19 2 275 292 292 26 17 18 8 14 1 2 0 
3 18 2 1 93 24 44 0 1 8 1 5 0 1 0 
4 31 6 0 153 83 138 4 5 0 0 16 0 0 0 
3 24 3 0 122 42 72 1 3 0 0 13 0 0 0 
2 14 1 0 94 14 41 0 0 0 0 2 0 0 0 
2 16 1 0 91 16 54 0 0 0 0 3 0 0 0 
3 16 3 0 97 32 81 1 0 0 0 10 0 0 0 
3 10 2 1 78 11 19 0 0 7 1 3 0 1 0 
4 33 5 1 184 78 157 2 4 13 2 15 0 0 0 
2 28 0 1 125 0 185 0 0 26 0 6 0 1 0 
4 19 6 0 151 51 44 4 3 0 0 4 0 0 0 
10 65 39 6 295 456 322 78 19 85 36 24 6 3 0 
4 25 6 0 119 65 149 4 5 0 0 9 0 0 0 
17 70 129 7 370 963 208 581 25 99 93 20 6 4 0 
7 45 19 2 242 233 214 25 5 25 10 16 0 1 0 
15 91 95 10 325 1058 401 335 23 146 110 20 10 12 0 
18 104 138 15 357 1455 376 597 48 193 198 18 21 12 0 
5 48 8 2 220 140 231 5 2 46 4 10 1 1 0 
7 61 19 2 251 288 393 26 12 48 8 26 1 3 0 
4 32 5 1 183 76 124 2 4 12 2 9 0 0 0 
20 83 181 9 349 1411 255 986 32 92 146 22 8 5 0 
13 71 76 2 338 771 243 265 23 33 20 21 1 1 0 
6 56 14 1 265 230 294 16 15 18 4 23 0 1 0 
5 38 8 2 189 103 209 5 1 45 4 18 1 1 0 
4 38 5 1 188 90 191 2 3 18 2 11 0 0 0 
10 62 45 0 282 526 299 120 16 0 0 20 0 0 0 
5 37 8 2 229 104 155 5 4 30 4 14 1 3 0 
6 53 15 0 248 243 296 20 11 0 0 19 0 0 0 
5 47 6 4 237 104 250 1 7 66 6 24 3 2 0 
4 24 6 0 173 68 64 4 2 0 0 9 0 0 0 
2 30 1 0 141 24 210 0 3 0 0 16 0 0 0 
9 41 31 5 204 266 108 54 5 48 25 8 5 2 0 
4 35 6 0 186 95 212 4 5 0 0 14 0 0 0 
4 21 6 0 121 55 52 4 4 0 0 7 0 0 0 
4 25 5 1 148 58 81 2 0 13 2 6 0 2 0 
4 21 4 2 128 40 59 1 0 19 2 7 1 2 0 
9 42 32 4 240 283 130 58 8 31 24 12 2 3 0 
6 37 13 2 166 159 197 13 3 18 6 13 1 1 0 
2 21 0 1 102 0 149 0 0 19 0 7 0 1 0 
2 24 1 0 107 22 136 0 1 0 0 12 0 0 0 
8 38 26 2 237 232 102 45 7 18 10 8 1 1 0 
3 18 2 1 102 23 44 0 1 9 1 4 0 1 0 
4 19 6 0 132 55 43 4 1 0 0 5 0 0 0 
2 14 1 0 94 14 37 0 0 0 0 6 0 0 0 
2 25 1 0 130 25 149 0 0 0 0 7 0 0 0 
2 11 1 0 62 11 27 0 0 0 0 4 0 0 0 
3 19 3 0 142 34 56 1 2 0 0 7 0 0 0 
3 12 2 1 76 15 22 0 0 7 1 3 0 1 0 
5 33 8 2 194 97 99 4 5 23 6 9 0 1 0 
2 25 0 1 100 0 166 0 0 25 0 8 0 0 0 
2 6 1 0 50 4 6 0 1 0 0 0 0 0 0 
7 54 19 2 243 263 301 26 10 39 8 18 1 1 0 
2 22 1 0 98 18 165 0 2 0 0 9 0 0 0 
9 50 33 3 294 325 182 66 12 49 15 23 3 1 0 
5 38 8 2 170 107 248 4 5 35 6 14 0 0 0 
11 66 50 5 299 545 250 122 16 71 41 15 2 6 0 
12 66 59 7 299 608 225 157 20 72 56 23 7 3 0 
2 21 0 1 100 0 147 0 0 21 0 9 0 0 0 
6 39 11 4 200 120 187 7 9 53 10 13 3 2 0 
2 24 1 0 108 22 140 0 1 0 0 8 0 0 0 
3 18 1 2 128 11 48 0 2 19 0 10 1 1 0 
9 42 35 1 219 304 182 77 7 18 7 17 0 0 0 
3 28 3 0 129 50 187 1 3 0 0 12 0 0 0 
2 15 1 0 99 13 48 0 1 0 0 7 0 0 0 
2 24 1 0 108 22 140 0 1 0 0 8 0 0 0 
4 22 6 0 138 64 67 4 1 0 0 3 0 0 0 
2 8 1 0 78 6 14 0 1 0 0 2 0 0 0 
2 27 1 0 127 23 187 0 2 0 0 12 0 0 0 
7 50 16 5 253 194 257 14 12 72 17 19 4 5 0 
2 17 1 0 114 17 83 0 0 0 0 11 0 0 0 
