0 15 0.75739
0 44 0.53259
1 6 0.816
1 30 0.57632
1 38 0.85202
2 36 0.51678
2 37 0.58466
3 14 0.88944
3 29 0.99523
3 34 0.82506
3 41 0.87658
3 44 0.61389
3 45 0.85828
3 49 0.62911
3 54 0.93265
4 41 0.74262
4 46 0.97508
5 10 0.71
5 45 0.90937
5 59 0.66455
6 10 0.51845
6 16 0.54366
6 18 0.5203
6 43 0.5552
6 46 0.73013
6 58 0.82424
7 11 0.86317
7 43 0.63018
7 51 0.69937
8 36 0.76962
8 48 0.75836
9 38 0.70497
9 45 0.97275
10 13 0.74749
10 15 0.84447
10 20 0.98347
10 22 0.82774
10 27 0.58319
10 28 0.55627
10 39 0.54724
10 41 0.89459
10 42 0.76312
10 44 0.64274
10 47 0.79961
10 48 0.73906
10 51 0.74653
10 52 0.80492
10 57 0.56967
10 58 0.63374
11 26 0.83837
12 41 0.97196
12 43 0.53962
13 25 0.60087
13 28 0.79196
14 44 0.9147
15 19 0.51505
15 34 0.98806
15 46 0.65324
15 55 0.62906
16 30 0.92116
16 55 0.68974
17 22 0.5795
17 32 0.73842
17 42 0.94887
18 26 0.98071
19 21 0.78573
20 46 0.72838
21 25 0.79727
21 26 0.98391
21 27 0.70291
21 29 0.58594
21 37 0.61996
21 45 0.96129
21 46 0.86518
21 51 0.83015
22 40 0.94503
22 45 0.75885
23 42 0.98015
23 48 0.57431
23 51 0.86685
24 43 0.67173
24 46 0.97895
24 59 0.95473
25 37 0.71524
25 46 0.75636
26 27 0.75246
26 31 0.8964
26 33 0.55593
26 35 0.78004
26 46 0.91117
27 31 0.98676
27 32 0.86734
27 53 0.83433
28 42 0.83538
32 40 0.9094
32 43 0.76519
33 41 0.86271
35 55 0.72199
36 45 0.57005
38 42 0.94525
38 45 0.55055
38 51 0.94262
39 51 0.73417
40 42 0.98651
40 55 0.67307
40 84 0.50926
41 45 0.59311
41 46 0.6802
41 56 0.84066
41 70 0.95031
41 78 0.88201
42 44 0.83267
42 46 0.55108
42 50 0.58958
42 54 0.82959
42 63 0.99588
42 76 0.78786
42 77 0.88074
42 91 0.8178
43 45 0.8388
43 46 0.68728
43 52 0.867
43 54 0.75571
43 57 0.59399
43 69 0.82753
43 74 0.75919
43 81 0.78814
43 84 0.84608
43 85 0.65781
43 89 0.84059
43 94 0.69643
44 47 0.6196
44 81 0.79464
44 86 0.62273
45 46 0.54246
45 50 0.89611
45 53 0.67511
45 64 0.55013
45 65 0.97847
45 85 0.71857
45 99 0.70506
46 48 0.7041
46 50 0.79772
46 56 0.76566
46 58 0.81373
46 83 0.78843
46 86 0.63184
46 98 0.97712
47 51 0.78851
47 83 0.50297
47 91 0.57134
48 50 0.55497
48 76 0.68176
48 88 0.69657
49 51 0.5207
49 78 0.87735
49 85 0.84147
50 53 0.79632
50 55 0.77315
50 60 0.98364
50 62 0.53211
50 65 0.86746
50 67 0.81003
50 68 0.77807
50 79 0.67856
50 81 0.85287
50 82 0.76733
50 84 0.6894
50 87 0.85988
50 88 0.97119
50 91 0.60421
50 92 0.92903
50 97 0.66625
50 98 0.74284
51 54 0.89973
51 55 0.81984
51 66 0.9158
52 56 0.96411
52 81 0.68462
52 83 0.7422
53 65 0.82441
53 68 0.61397
54 84 0.96754
55 59 0.92957
55 74 0.92817
55 76 0.83944
55 86 0.86828
55 95 0.67337
56 64 0.57875
56 70 0.54207
56 95 0.88843
57 62 0.80481
57 72 0.95291
58 66 0.80443
59 61 0.84061
60 86 0.91554
61 65 0.67698
61 66 0.56115
61 67 0.78969
61 69 0.74276
61 76 0.69638
61 77 0.59949
61 85 0.55151
61 86 0.60895
61 91 0.67362
62 80 0.55259
62 85 0.61255
63 82 0.61217
63 88 0.9557
63 91 0.99977
64 70 0.50494
64 76 0.71079
64 79 0.71159
64 81 0.68533
64 83 0.51371
64 86 0.55568
64 90 0.98118
64 99 0.99895
65 67 0.84887
65 73 0.84321
65 77 0.86388
65 80 0.98587
65 86 0.56219
65 98 0.93168
66 67 0.55941
66 71 0.593
66 73 0.70638
66 75 0.87189
66 86 0.72906
67 71 0.64464
67 72 0.97982
67 93 0.67731
72 76 0.61517
72 80 0.73049
72 83 0.91025
73 81 0.74371
75 95 0.87598
76 77 0.5805
76 85 0.78674
78 85 0.89445
78 91 0.51128
79 91 0.79989
81 85 0.96671
81 96 0.89927
83 85 0.91511
83 86 0.52496
83 92 0.90041
83 97 0.56313
84 87 0.81823
85 86 0.58917
85 93 0.57441
86 88 0.69503
86 90 0.60855
88 90 0.50227
89 91 0.89323
91 94 0.83051
91 95 0.92949
92 96 0.64594
