1 21 0.81754 6
1 22 0.71937 4
1 40 0.86253 10
2 6 0.71045 8
2 31 0.9981 4
2 34 0.8211 4
2 36 0.85218 3
3 39 0.96223 3
3 45 0.89842 11
3 60 0.5332 6
4 6 0.86663 7
4 29 0.68439 3
5 41 0.57036 5
5 52 0.83953 4
6 7 0.85861 10
6 10 0.59015 10
6 12 0.80426 7
6 16 0.74677 8
6 31 0.7745 9
6 36 0.85191 7
6 40 0.67059 15
6 48 0.69335 9
6 50 0.74528 14
6 52 0.88562 9
6 58 0.95776 9
7 23 0.56225 5
7 26 0.51887 5
7 27 0.97307 4
7 35 0.85301 5
7 40 0.9559 12
7 54 0.96578 5
8 15 0.90219 7
8 40 0.67811 11
8 42 0.90747 12
8 45 0.98863 12
8 53 0.93234 12
8 57 0.51555 8
9 15 0.64462 5
9 16 0.7042 3
10 11 0.63588 6
10 47 0.55967 5
10 49 0.73587 7
10 50 0.6642 11
10 53 0.90689 13
10 60 0.57895 8
11 40 0.65766 11
11 44 0.66496 5
11 46 0.71282 8
11 55 0.56089 5
12 13 0.94872 3
13 14 0.80978 5
13 30 0.98594 3
13 55 0.99119 5
14 15 0.57089 7
14 20 0.63117 6
14 21 0.96497 8
14 40 0.70945 12
14 45 0.63943 13
14 55 0.5557 6
15 18 0.73874 5
15 39 0.55009 5
15 40 0.58437 12
15 42 0.51723 13
15 59 0.59765 9
16 45 0.55394 11
16 50 0.74368 10
17 33 0.75134 4
17 40 0.67175 12
17 43 0.65922 6
17 45 0.66348 13
17 47 0.81664 5
17 50 0.71145 11
17 53 0.89753 13
18 60 0.52365 6
19 21 0.70542 5
19 40 0.75578 9
20 21 0.53652 7
20 33 0.66951 3
20 44 0.74801 5
20 50 0.66573 10
21 23 0.79386 6
21 32 0.83806 6
21 45 0.53419 14
21 57 0.66609 10
21 59 0.81325 10
22 40 0.59095 11
22 45 0.62457 12
22 49 0.75572 6
22 52 0.94421 5
23 31 0.81072 4
23 40 0.52368 10
24 26 0.96247 3
24 41 0.58647 5
25 48 0.63002 4
25 53 0.65547 11
25 60 0.51825 6
26 45 0.9319 11
26 50 0.52108 10
27 34 0.65962 3
28 58 0.91532 4
28 60 0.53983 6
29 35 0.99123 4
29 37 0.81382 4
29 50 0.90444 10
29 53 0.61991 12
30 48 0.74284 4
31 56 0.80054 5
31 57 0.64956 8
32 45 0.883 11
32 56 0.5236 4
34 39 0.84092 4
34 41 0.88267 6
34 50 0.59155 10
35 40 0.80979 10
35 41 0.67174 6
37 40 0.67631 10
37 45 0.63388 11
38 40 0.62591 9
38 50 0.6401 9
40 48 0.77623 11
40 53 0.61809 18
40 60 0.68926 13
41 45 0.69153 13
41 55 0.97777 7
41 78 0.66674 6
41 95 0.77381 8
42 44 0.73266 11
42 46 0.56965 14
42 47 0.91784 11
42 53 0.68192 18
42 62 0.65909 11
42 63 0.96502 11
42 65 0.89167 18
42 66 0.81405 10
42 70 0.83876 10
42 74 0.61271 12
42 78 0.85687 11
42 79 0.65115 10
42 86 0.68731 11
42 87 0.64741 10
42 90 0.57985 10
42 93 0.56651 14
43 45 0.57823 12
43 46 0.90548 8
43 91 0.92402 4
43 95 0.71852 7
44 65 0.66096 12
44 94 0.97478 4
45 46 0.71037 15
45 57 0.92129 15
45 59 0.52125 15
45 64 0.85573 11
45 67 0.8184 12
45 72 0.95158 11
45 94 0.94905 11
46 48 0.7649 8
46 65 0.8297 15
46 75 0.92929 6
46 83 0.59339 6
46 86 0.59499 7
46 92 0.76124 7
46 99 0.73501 6
47 65 0.78271 11
48 65 0.58343 12
49 62 0.76811 6
49 69 0.836 4
49 73 0.92281 5
49 91 0.55783 5
49 97 0.64902 4
50 51 0.70201 10
50 53 0.86885 17
50 54 0.51317 9
50 56 0.60375 10
50 58 0.56169 11
50 59 0.55461 13
50 77 0.90528 9
51 53 0.95122 11
51 93 0.7073 7
51 97 0.91186 3
52 53 0.52646 12
52 65 0.7237 12
52 89 0.7497 5
53 57 0.88305 15
53 59 0.73576 15
53 61 0.78722 12
53 64 0.8087 11
53 65 0.53703 19
53 78 0.58274 11
53 88 0.76975 12
53 90 0.80128 11
53 94 0.88775 11
54 86 0.5296 3
55 67 0.88881 6
55 92 0.82125 5
56 59 0.94541 8
56 65 0.59062 12
57 58 0.87839 8
57 65 0.7772 15
57 73 0.62112 7
57 80 0.56995 8
57 90 0.86507 7
57 94 0.76301 7
58 59 0.70249 8
58 85 0.82773 4
59 65 0.54074 15
59 70 0.80893 6
59 81 0.54597 6
59 88 0.98185 8
60 67 0.5325 8
60 87 0.71708 6
60 93 0.9614 10
60 95 0.80951 9
61 62 0.53525 5
61 74 0.75866 6
61 75 0.70005 4
61 93 0.73041 8
61 95 0.67508 7
62 68 0.82483 3
62 82 0.58949 3
63 65 0.92174 11
63 82 0.54046 3
63 84 0.78034 3
64 65 0.76525 11
65 72 0.89859 11
65 76 0.93066 11
65 92 0.68369 11
65 93 0.5729 14
65 95 0.58478 14
65 96 0.58711 11
65 98 0.83843 10
66 74 0.79249 5
66 100 0.87493 2
67 74 0.60311 6
67 80 0.68487 6
67 93 0.81041 8
68 88 0.64734 4
69 80 0.73477 4
71 76 0.65221 3
71 89 0.63358 4
71 92 0.95272 4
71 100 0.54562 3
72 74 0.69863 5
72 95 0.95839 6
73 98 0.51971 2
74 91 0.99756 5
74 93 0.62645 8
76 80 0.5146 4
77 78 0.97001 3
77 96 0.90659 3
79 96 0.95886 3
80 85 0.61232 4
80 99 0.81628 4
81 93 0.66279 6
83 88 0.58674 4
84 88 0.77176 4
86 95 0.76915 6
88 89 0.76228 5
89 95 0.87249 6
93 95 0.81687 9
93 96 0.50603 7
