0 2 0 0 6 4 22 0 0 0 0 2 0 0 0 
0 -1 0 0 -7 -1 -7 0 0 -2 0 -3 0 0 0 
-4 -13 -15 -3 -106 -114 0 -21 -9 -56 -11 -2 -2 -3 0 
0 -1 0 0 -2 -1 -10 0 0 0 0 -2 0 0 0 
0 1 0 0 11 1 7 0 0 0 0 -1 0 0 0 
-1 -10 -10 -3 -17 -132 -57 -41 0 -55 -31 0 -6 0 0 
-2 -25 -15 0 -92 -244 -156 -43 -13 4 -6 -13 0 -1 0 
2 30 5 4 63 109 218 2 12 87 8 10 6 9 0 
0 0 0 0 0 0 -4 0 0 0 0 -1 0 0 0 
0 1 0 0 -41 -3 12 0 3 -1 0 4 0 2 0 
0 -1 0 0 -2 -4 1 0 0 0 0 -1 0 0 0 
0 -2 0 0 -29 -2 -11 0 0 0 0 -4 0 0 0 
-1 -19 -3 -1 -94 -63 -136 -2 -2 -18 -4 -9 0 -1 0 
-1 -8 -6 -1 -52 -78 20 -13 -3 -27 -6 -8 -2 1 0 
-1 -18 -7 -1 -31 -160 -153 -18 -12 -14 -10 -3 0 1 0 
1 18 3 0 44 74 145 2 3 0 1 10 0 0 0 
1 25 4 2 19 102 213 5 11 62 9 15 1 4 0 
-1 -25 -1 -1 -109 -38 -218 0 -2 -24 -1 -18 0 0 0 
-2 -27 -4 -1 -127 -93 -188 -2 -9 -16 -2 -10 0 -1 0 
-2 -8 -11 0 -44 -97 -13 -23 -8 1 -2 4 0 0 0 
7 37 31 4 185 254 135 56 14 73 21 13 7 2 0 
-1 -4 -5 0 -45 -54 42 -9 -6 1 -1 -2 0 0 0 
1 7 3 0 15 39 26 2 4 -1 1 5 0 0 0 
-1 -5 -2 0 -11 -16 -7 -1 -2 0 0 -2 0 0 0 
1 10 2 0 56 36 43 1 3 0 0 10 0 0 0 
0 10 0 0 -4 32 128 0 -1 0 0 10 0 0 0 
-1 -16 -2 0 -104 -36 -98 -1 -3 0 0 -6 0 0 0 
0 -8 0 0 -37 -6 -91 0 -1 0 0 -9 0 0 0 
0 8 -1 1 -1 7 89 -3 -3 23 3 9 0 4 0 
-1 -17 -1 -1 -85 -20 -127 0 -1 -20 -1 -9 0 0 0 
0 1 0 0 6 3 -3 0 1 -1 0 3 0 0 0 
0 16 0 0 37 14 127 0 1 10 0 2 0 3 0 
0 -1 0 0 17 -1 -6 0 0 0 0 2 0 0 0 
0 1 0 0 -18 10 15 0 -3 0 0 4 0 0 0 
-1 -12 -3 -1 -53 -48 -60 -2 -6 -19 -4 -4 0 0 0 
0 -1 0 0 -10 0 -8 0 0 -1 0 -3 0 0 0 
1 19 2 0 79 47 159 1 5 0 0 9 0 0 0 
0 2 0 0 -9 0 24 0 1 0 0 5 0 0 0 
0 -5 0 0 -26 -6 -17 0 -2 0 0 -4 0 0 0 
1 6 16 0 15 163 26 109 8 -13 13 9 -2 0 0 
1 11 8 -1 29 125 90 26 0 -16 -5 7 0 0 0 
1 12 13 4 -19 186 64 75 6 52 49 4 12 8 0 
0 1 1 -1 6 5 -10 1 1 -3 1 2 -2 0 0 
0 1 0 0 39 1 2 0 1 -1 0 7 0 1 0 
9 19 122 4 116 767 -94 752 37 35 90 1 7 3 0 
-1 -4 -11 0 -58 -115 27 -50 -3 12 -5 4 0 0 0 
0 2 0 0 35 -3 13 0 4 -1 0 7 0 1 0 
0 -1 0 0 -14 -6 -7 0 1 1 0 1 0 -1 0 
0 -3 0 0 -40 -14 -7 0 -2 0 0 0 0 0 0 
1 -13 10 5 -12 -158 -134 43 -11 61 49 -3 13 2 0 
-11 -49 -94 -5 -231 -992 -90 -380 -48 -51 -67 -1 -3 1 -1 
0 0 0 0 13 -10 -7 0 2 2 0 4 0 2 0 
9 21 111 15 28 830 -26 595 31 166 217 -2 37 11 0 
0 0 0 0 -26 4 -2 0 -2 0 0 5 0 0 0 
-1 -6 -5 -1 -41 -47 -6 -10 -2 -11 -4 -5 -1 0 0 
0 -7 0 0 16 -17 -84 0 2 -15 0 5 0 0 0 
1 18 4 6 6 109 143 1 9 93 33 5 11 8 0 
0 -7 0 0 -8 -28 -93 0 0 -9 0 3 0 1 0 
-8 -3 -113 -3 -105 -743 168 -696 -12 11 -109 5 1 7 0 
-8 -32 -99 -9 -74 -756 -56 -548 -21 -116 -137 0 -10 -3 -1 
-3 4 -22 1 -58 -93 110 -64 -7 9 -1 13 1 2 0 
0 -2 0 0 13 -8 -7 0 0 0 0 5 0 0 0 
0 0 0 0 0 -1 9 0 0 -1 0 5 0 1 0 
1 27 2 0 77 52 239 0 9 5 1 22 0 2 0 
0 4 -3 3 -8 15 -7 -38 3 35 25 3 13 8 0 
0 -2 0 0 -28 -2 4 0 -1 0 0 3 0 0 0 
-1 -9 -3 -3 -78 -31 -8 -3 -3 -63 -8 -3 -3 -1 -1 
0 0 0 0 -1 0 0 0 0 0 0 0 0 0 0 
-2 -27 -5 0 -130 -97 -173 -4 -3 0 0 -13 0 0 0 
0 -7 0 0 9 -7 -93 0 0 0 0 1 0 0 0 
0 -2 0 0 -33 -4 -2 0 -1 0 0 -1 0 0 0 
1 9 4 -1 35 79 46 2 9 -29 2 8 -1 -1 0 
0 0 0 0 1 0 2 0 0 0 0 6 0 0 0 
-1 -17 -6 -1 -54 -125 -129 -11 -6 -15 -10 -4 0 -1 0 
-1 -21 -2 0 -69 -51 -154 -1 -3 0 0 -10 0 0 0 
-1 -16 -2 -1 -64 -47 -114 -1 -3 -19 -2 -6 0 -1 0 
-1 -7 -3 0 -35 -40 -19 -3 -1 0 0 5 0 0 0 
0 8 -1 1 16 -5 94 -2 -2 27 2 10 0 3 0 
0 1 0 0 12 1 12 0 0 0 0 4 0 0 0 
-1 -16 -4 -2 -73 -79 -98 -6 0 -33 -8 -1 -1 -2 0 
0 -7 0 0 -18 -5 -98 0 -1 0 0 -2 0 0 0 
0 0 0 0 -2 0 0 0 0 0 0 0 0 0 0 
0 -1 0 0 -3 -1 -10 0 0 0 0 0 0 0 0 
-1 -17 -2 0 -74 -42 -125 -1 0 0 0 -11 0 0 0 
0 -1 0 0 -23 -1 -3 0 0 0 0 -2 0 0 0 
1 8 3 0 47 43 26 2 4 0 1 8 0 0 0 
0 -7 0 0 -20 -7 -79 0 0 0 0 -5 0 0 0 
0 1 0 0 7 2 -1 0 1 -1 0 10 0 1 0 
1 8 3 0 42 33 24 3 2 0 0 4 0 0 0 
1 16 0 2 82 0 107 0 0 45 0 13 1 6 0 
0 -1 0 0 -17 0 -4 0 -1 0 0 -2 0 0 0 
0 -2 0 0 -7 -5 -16 0 0 -1 0 2 0 0 0 
1 -17 8 1 -36 -46 -154 24 -8 -17 7 -5 6 0 -1 
2 33 3 2 137 63 245 1 6 40 2 19 1 5 0 
7 27 31 4 153 314 19 60 10 56 20 3 4 4 0 
0 0 0 0 -16 1 3 0 -1 -1 0 2 0 1 0 
0 -11 0 0 -50 -9 -83 0 -1 0 0 -5 0 0 0 
-1 -14 -2 0 -76 -42 -88 -1 -3 0 0 -3 0 0 0 
0 -2 0 0 -20 -2 -13 0 0 0 0 -2 0 0 0 
-2 -25 -5 0 -103 -77 -152 -4 -4 0 0 -12 0 0 0 
