0 2
0 21
0 39
1 5
1 30
1 33
1 35
2 13
2 18
2 25
2 38
2 50
2 59
3 5
3 28
4 40
4 51
5 6
5 9
5 11
5 15
5 30
5 35
5 39
5 47
5 49
5 51
5 57
5 59
6 19
6 22
6 25
6 26
6 34
6 39
6 53
6 58
7 14
7 39
7 41
7 56
8 14
8 15
9 10
9 46
9 48
9 49
9 52
9 59
10 39
10 43
10 45
10 54
11 12
12 13
12 29
12 54
12 58
13 14
13 19
13 39
13 44
13 54
13 59
14 17
14 38
14 39
14 41
14 50
14 58
15 49
16 32
16 39
16 42
16 44
16 46
16 49
17 58
17 59
18 39
18 50
18 58
19 23
19 32
19 43
19 49
19 54
20 31
20 44
21 39
21 44
21 48
21 50
21 51
22 30
22 39
23 25
23 40
24 47
24 59
25 49
26 33
26 50
27 57
27 59
28 34
28 36
28 49
28 52
29 47
29 58
30 55
30 56
31 44
31 55
33 38
33 40
33 49
34 39
34 40
34 50
36 39
37 39
37 49
39 47
39 59
40 50
40 54
40 77
41 43
41 45
41 46
41 61
41 62
41 64
41 65
41 69
41 73
41 77
41 78
41 85
41 86
41 89
41 92
42 44
42 45
42 58
42 90
43 64
43 93
44 45
44 56
44 58
44 66
45 47
45 50
45 64
45 74
45 82
45 85
45 91
45 98
46 64
47 64
48 61
48 68
48 72
48 90
48 96
49 50
49 53
49 55
49 57
49 58
49 76
50 52
50 59
50 66
50 92
50 96
50 97
51 59
51 64
51 88
52 56
52 58
52 60
52 63
52 64
52 77
52 87
53 85
54 66
54 91
55 58
55 64
56 57
56 64
56 72
56 79
56 89
56 93
57 58
57 84
58 64
58 68
58 69
58 71
58 73
58 80
58 87
59 66
59 74
59 75
59 79
59 83
59 86
59 92
59 99
60 61
60 68
60 73
60 74
60 76
60 92
60 94
60 99
61 67
61 81
62 64
62 81
62 83
63 64
64 71
64 75
64 91
64 92
64 94
64 95
64 97
65 73
65 99
66 73
66 79
66 92
67 87
68 79
70 75
70 88
70 91
70 99
71 73
72 97
73 90
73 92
75 79
76 77
76 95
78 95
79 84
79 98
80 92
82 87
83 87
87 88
92 95
