3 24 2 1 131 22 101 0 4 18 1 11 0 0 0 
4 18 4 2 100 27 56 1 1 25 2 8 1 0 0 
7 42 18 3 237 170 180 22 10 56 11 12 2 3 0 
2 17 1 0 92 15 74 0 1 0 0 10 0 0 0 
2 11 1 0 84 11 23 0 0 0 0 2 0 0 0 
14 67 81 10 275 689 248 255 19 136 98 12 11 4 0 
9 59 33 3 260 386 285 66 17 48 15 23 3 2 0 
4 44 4 2 205 87 230 1 2 39 2 17 1 1 0 
2 10 1 0 94 10 24 0 0 0 0 5 0 0 0 
7 62 19 2 311 303 294 26 9 43 8 19 1 4 0 
5 42 10 0 240 152 177 10 8 0 0 19 0 0 0 
2 17 1 0 95 17 72 0 0 0 0 12 0 0 0 
5 30 8 2 177 87 149 4 2 27 6 12 0 1 0 
8 61 23 5 261 311 249 29 16 78 24 20 3 3 0 
9 70 32 4 306 447 394 58 23 65 24 32 2 1 0 
3 26 2 1 132 27 135 0 0 21 1 9 0 2 0 
6 44 14 1 252 193 214 16 8 7 4 16 0 2 0 
3 41 2 1 204 52 270 0 3 24 1 23 0 0 0 
4 51 5 1 241 111 322 2 12 16 2 24 0 1 0 
7 40 20 1 232 209 139 30 10 9 5 12 0 1 0 
2 9 0 1 63 0 25 0 0 9 0 3 0 0 0 
6 49 14 1 252 204 224 16 13 15 4 19 0 0 0 
3 25 2 1 133 25 111 0 2 17 1 7 0 2 0 
3 15 3 0 90 24 31 1 3 0 0 2 0 0 0 
2 22 1 0 129 18 133 0 2 0 0 13 0 0 0 
4 30 6 0 170 76 124 4 7 0 0 11 0 0 0 
3 26 3 0 164 46 116 1 3 0 0 9 0 0 0 
2 22 1 0 127 20 133 0 1 0 0 13 0 0 0 
5 29 10 0 203 102 122 10 7 0 0 11 0 0 0 
3 25 2 1 149 28 137 0 1 20 1 12 0 0 0 
5 29 9 1 178 92 98 7 5 12 3 12 0 1 0 
3 12 2 1 107 14 29 0 1 8 1 5 0 0 0 
2 11 1 0 80 9 23 0 1 0 0 2 0 0 0 
5 27 10 0 146 100 103 10 4 0 0 8 0 0 0 
5 43 8 2 213 117 195 4 8 35 6 11 0 2 0 
2 14 0 1 73 0 59 0 0 12 0 8 0 1 0 
2 19 1 0 95 17 102 0 1 0 0 9 0 0 0 
2 29 1 0 144 25 182 0 2 0 0 14 0 0 0 
3 18 3 0 129 32 42 1 2 0 0 7 0 0 0 
16 70 111 9 348 868 202 443 35 104 108 18 9 4 0 
7 32 20 1 186 166 98 30 5 16 5 8 0 0 0 
17 62 127 9 309 827 163 558 21 111 109 12 13 6 0 
5 39 7 3 204 101 189 4 3 49 3 14 3 0 0 
5 43 9 1 191 132 249 7 4 24 3 13 0 4 0 
10 60 41 4 324 467 244 91 19 35 26 25 3 0 0 
12 69 61 5 326 638 315 174 15 79 42 17 4 6 0 
4 43 5 1 214 93 251 2 2 24 2 15 0 4 0 
6 56 13 2 256 217 313 12 5 45 8 26 0 4 0 
7 23 21 0 189 134 33 35 2 0 0 3 0 0 0 
15 80 100 5 336 973 295 395 35 73 55 21 5 2 0 
15 90 99 6 424 1078 325 382 51 74 69 29 3 3 1 
6 54 14 1 239 230 321 16 6 24 4 29 0 2 0 
10 78 41 4 315 565 379 92 24 85 24 23 4 2 0 
3 24 3 0 152 40 111 1 4 0 0 9 0 0 0 
7 32 19 2 226 160 51 26 7 18 8 11 1 0 0 
5 52 8 2 214 140 321 5 3 56 4 20 1 3 0 
10 56 44 1 297 447 213 112 16 21 8 22 0 2 0 
6 52 13 2 236 193 288 13 7 47 6 16 1 3 0 
19 89 161 10 403 1390 286 806 44 114 156 23 7 5 0 
18 79 142 11 363 1136 225 653 30 135 151 16 11 6 1 
9 38 35 1 283 259 77 77 16 9 7 11 0 2 0 
5 32 10 0 111 120 153 10 4 0 0 10 0 0 0 
4 35 5 1 142 71 230 2 1 24 2 12 0 4 0 
2 25 0 1 141 0 153 0 0 21 0 11 0 2 0 
19 84 158 13 340 1257 261 768 37 171 181 15 20 5 0 
3 24 2 1 119 25 113 0 1 19 1 10 0 1 0 
7 57 16 5 283 234 226 16 8 84 14 17 4 4 1 
2 9 1 0 61 9 15 0 0 0 0 1 0 0 0 
4 38 6 0 168 108 198 4 3 0 0 13 0 0 0 
2 34 1 0 143 28 254 0 3 0 0 19 0 0 0 
4 11 6 0 105 29 8 4 2 0 0 2 0 0 0 
3 39 1 2 166 19 251 0 2 51 0 20 1 2 0 
3 17 3 0 105 32 51 1 1 0 0 1 0 0 0 
8 52 23 5 254 264 251 30 13 66 22 18 4 4 0 
3 36 3 0 174 66 202 1 3 0 0 17 0 0 0 
4 42 5 1 171 95 264 2 5 19 2 22 0 1 0 
4 28 6 0 164 80 118 4 2 0 0 7 0 0 0 
4 34 6 0 182 96 160 4 3 0 0 14 0 0 0 
2 19 1 0 84 15 113 0 2 0 0 10 0 0 0 
7 36 19 2 221 173 145 26 3 33 8 10 1 2 0 
2 26 1 0 157 22 163 0 2 0 0 18 0 0 0 
2 7 1 0 63 5 8 0 1 0 0 1 0 0 0 
2 16 1 0 98 16 59 0 0 0 0 6 0 0 0 
3 25 3 0 139 50 136 1 0 0 0 13 0 0 0 
2 11 1 0 84 9 21 0 1 0 0 4 0 0 0 
3 27 2 1 128 29 141 0 0 23 1 10 0 1 0 
2 33 1 0 137 31 236 0 1 0 0 20 0 0 0 
6 31 14 1 179 130 156 16 0 23 4 10 0 1 0 
3 13 3 0 90 26 21 1 0 0 0 2 0 0 0 
2 25 1 0 112 21 146 0 2 0 0 10 0 0 0 
3 17 3 0 106 32 34 1 1 0 0 8 0 0 0 
4 36 5 1 159 77 185 2 2 23 2 14 0 2 0 
9 74 28 8 276 408 395 37 20 130 39 18 7 7 1 
2 13 1 0 95 11 40 0 1 0 0 2 0 0 0 
2 26 1 0 116 22 167 0 2 0 0 14 0 0 0 
4 28 5 1 167 54 143 2 3 22 2 17 0 1 0 
2 20 1 0 109 18 100 0 1 0 0 6 0 0 0 
3 34 3 0 177 60 226 1 4 0 0 19 0 0 0 
2 17 1 0 103 17 63 0 0 0 0 7 0 0 0 
4 30 6 0 132 82 155 4 4 0 0 13 0 0 0 
