3 26 2 1 137 26 123 0 4 18 1 13 0 0 0 
4 17 4 2 93 26 49 1 1 23 2 5 1 0 0 
3 29 3 0 131 56 180 1 1 0 0 10 0 0 0 
2 16 1 0 90 14 64 0 1 0 0 8 0 0 0 
2 12 1 0 95 12 30 0 0 0 0 1 0 0 0 
13 57 71 7 258 557 191 214 19 81 67 12 5 4 0 
7 34 18 3 168 142 129 23 4 52 9 10 3 1 0 
6 74 9 6 268 196 448 3 14 126 10 27 7 10 0 
2 10 1 0 94 10 20 0 0 0 0 4 0 0 0 
7 63 19 2 270 300 306 26 12 42 8 23 1 6 0 
5 41 10 0 238 148 178 10 8 0 0 18 0 0 0 
2 15 1 0 66 15 61 0 0 0 0 8 0 0 0 
4 11 5 1 83 24 13 2 0 9 2 3 0 0 0 
7 53 17 4 209 233 269 16 13 51 18 12 1 4 0 
8 52 25 3 275 287 241 40 11 51 14 29 2 2 0 
4 44 5 1 176 101 280 2 3 21 2 19 0 2 0 
7 69 18 3 271 295 427 21 19 69 13 31 1 6 0 
2 16 1 0 95 14 52 0 1 0 0 5 0 0 0 
2 24 1 0 114 18 134 0 3 0 0 14 0 0 0 
5 32 9 1 188 112 126 7 2 10 3 16 0 1 0 
9 46 31 5 248 254 160 56 14 82 21 16 7 2 0 
5 45 9 1 207 150 266 7 7 16 3 17 0 0 0 
4 32 5 1 148 64 137 2 6 16 2 12 0 2 0 
2 10 1 0 79 8 24 0 1 0 0 0 0 0 0 
3 32 3 0 185 54 176 1 5 0 0 23 0 0 0 
4 40 6 0 166 108 252 4 6 0 0 21 0 0 0 
2 10 1 0 60 10 18 0 0 0 0 3 0 0 0 
2 14 1 0 90 14 42 0 0 0 0 4 0 0 0 
5 37 9 1 202 109 211 7 4 23 3 20 0 4 0 
2 8 1 0 64 8 10 0 0 0 0 3 0 0 0 
5 30 9 1 184 95 95 7 6 11 3 15 0 1 0 
3 28 2 1 144 28 156 0 2 18 1 7 0 3 0 
2 10 1 0 97 8 17 0 1 0 0 4 0 0 0 
5 28 10 0 128 110 118 10 1 0 0 12 0 0 0 
4 31 5 1 160 69 135 2 2 16 2 7 0 2 0 
2 13 0 1 63 0 51 0 0 11 0 5 0 1 0 
3 38 3 0 174 64 261 1 6 0 0 18 0 0 0 
2 31 1 0 135 25 206 0 3 0 0 19 0 0 0 
3 13 3 0 103 26 25 1 0 0 0 3 0 0 0 
17 76 127 9 363 1031 228 552 43 91 121 27 7 4 0 
8 43 28 0 215 291 188 56 5 0 0 15 0 0 0 
18 74 140 13 290 1013 227 633 27 163 158 16 25 14 0 
5 40 8 2 210 106 179 5 4 46 4 16 1 0 0 
5 44 9 1 230 133 251 7 5 23 3 20 0 5 0 
19 79 163 8 440 1234 150 843 56 70 116 26 10 3 0 
11 65 50 5 268 523 342 124 12 91 37 21 4 6 0 
4 45 5 1 249 90 264 2 6 23 2 22 0 5 0 
6 55 13 2 242 211 306 12 6 46 8 27 0 3 0 
7 20 21 0 149 120 26 35 0 0 0 3 0 0 0 
16 67 110 10 324 815 161 438 24 134 104 18 18 4 0 
4 41 5 1 193 86 235 2 3 23 2 28 0 4 0 
6 54 14 1 252 220 314 16 8 26 4 33 0 4 0 
19 99 152 19 343 1395 353 687 55 251 241 21 41 13 0 
3 24 3 0 126 44 109 1 2 0 0 14 0 0 0 
6 26 14 1 185 113 45 16 5 7 4 6 0 0 0 
5 45 8 2 230 123 237 5 5 41 4 25 1 3 0 
11 74 48 7 303 556 356 113 25 114 41 27 11 10 0 
6 45 13 2 228 165 195 13 7 38 6 19 1 4 0 
11 86 48 7 298 647 454 110 32 125 47 28 8 12 0 
10 47 43 2 289 380 169 105 9 19 14 16 1 3 0 
6 42 13 2 225 166 187 13 9 18 6 24 1 4 0 
5 30 10 0 124 112 146 10 4 0 0 15 0 0 0 
4 35 5 1 142 70 239 2 1 23 2 17 0 5 0 
3 52 2 1 218 52 392 0 9 26 1 33 0 4 0 
19 88 155 16 332 1272 254 730 40 206 206 18 33 13 0 
3 22 2 1 91 23 117 0 0 19 1 13 0 1 0 
6 48 13 2 205 203 218 13 5 21 6 14 1 3 0 
2 9 1 0 60 9 15 0 0 0 0 1 0 0 0 
2 11 1 0 38 11 25 0 0 0 0 0 0 0 0 
2 27 1 0 152 21 161 0 3 0 0 20 0 0 0 
4 9 6 0 72 25 6 4 1 0 0 1 0 0 0 
4 48 5 1 201 98 297 2 11 22 2 28 0 1 0 
3 17 3 0 106 32 53 1 1 0 0 7 0 0 0 
7 35 17 4 200 139 122 19 7 51 12 14 4 3 0 
2 15 1 0 105 15 48 0 0 0 0 7 0 0 0 
3 26 3 0 107 48 150 1 2 0 0 16 0 0 0 
3 21 3 0 129 40 99 1 1 0 0 12 0 0 0 
4 42 5 1 198 91 254 2 1 27 2 24 0 3 0 
2 20 1 0 96 16 125 0 2 0 0 14 0 0 0 
6 20 15 0 148 94 47 20 3 0 0 9 0 0 0 
2 19 1 0 139 17 65 0 1 0 0 16 0 0 0 
2 7 1 0 61 5 8 0 1 0 0 1 0 0 0 
2 15 1 0 95 15 49 0 0 0 0 6 0 0 0 
2 8 1 0 65 8 11 0 0 0 0 2 0 0 0 
2 10 1 0 61 8 18 0 1 0 0 2 0 0 0 
4 35 5 1 175 72 167 2 4 23 2 18 0 1 0 
2 26 1 0 117 24 157 0 1 0 0 15 0 0 0 
6 32 14 1 186 132 155 16 1 22 4 20 0 2 0 
4 21 6 0 132 59 45 4 2 0 0 6 0 0 0 
3 41 1 2 194 21 253 0 2 45 0 23 1 6 0 
3 16 3 0 89 32 30 1 0 0 0 6 0 0 0 
4 34 5 1 152 72 169 2 2 22 2 16 0 2 0 
10 57 36 9 240 362 241 61 12 113 46 13 13 7 0 
4 46 4 2 232 74 285 1 7 40 2 21 1 5 0 
9 53 32 4 269 336 186 60 12 56 20 17 4 4 0 
4 28 5 1 151 55 146 2 2 21 2 19 0 2 0 
2 9 1 0 59 9 17 0 0 0 0 1 0 0 0 
2 20 1 0 101 18 138 0 1 0 0 16 0 0 0 
2 15 1 0 83 15 50 0 0 0 0 5 0 0 0 
2 5 1 0 29 5 3 0 0 0 0 1 0 0 0 
