0 2163 2154 1224 1260 1302 738 1692 2088 2220 1743 1208 1596 858 1908 2244 1707 1916 978 2115 711 1023 1503 1454 2658 2022 568 1218 1326 1104 2157 1350 1756 2037 1290 1260 1695 1214 2313 552 1725 2073 2673 2058 1740 2286 2412 1401 1938 1719 2043 1257 1839 882 1632 1665 1881 1479 1437 1662 2652 2814 2220 2316 2268 2796 2085 1820 1724 1452 2529 1944 2256 2997 1720 2556 2106 2232 1776 3207 1910 2438 1910 1584 1436 2337 1796 1512 2190 2421 2988 2331 1824 1953 2118 2490 1604 1938 2176 2200 
2163 0 1488 930 1306 1148 1900 2120 1914 2764 3556 1012 1736 2240 2652 2404 2812 1970 1684 3732 2044 2080 988 1322 2889 2432 1026 924 2728 908 8 2016 2024 932 2680 392 2754 1920 1329 2148 1564 2628 3880 2480 2056 3456 3080 2612 3300 2412 2528 1768 2256 1569 1688 1032 1624 1384 1336 3488 3340 4035 2824 2118 2752 2694 2292 1530 2082 1162 2884 2328 2496 3772 1924 2352 2196 3102 1836 3472 1620 2370 1620 1294 1142 3724 2126 1436 2628 1758 2838 2620 3272 2340 2560 3698 1506 1802 2214 2132 
2154 1488 0 1294 1670 1407 1788 462 1390 1125 1905 1072 1392 1650 861 1830 1161 1218 1678 1671 1527 1686 2229 570 1941 696 1268 1052 1665 968 1494 888 1392 789 1701 1330 1662 1670 159 1602 1263 843 1782 732 414 1464 1182 2349 2100 1272 948 1872 744 1932 1356 1917 738 1230 1689 1449 1557 2031 990 990 1032 1566 1122 1812 1832 986 2253 618 2016 1701 1172 1320 1539 1413 1368 2124 1790 1618 1868 1218 1270 1665 1374 1614 1305 1278 1710 2055 1506 627 792 1923 874 1114 1628 1380 
1224 930 1294 0 1088 356 732 1050 1696 1254 1650 860 1004 1496 1316 984 1396 1960 1466 1768 1582 822 1416 1312 1916 1206 808 706 748 1044 926 1334 2014 1396 772 748 1230 1702 1400 856 1090 1304 1930 1230 1018 1678 1530 1088 1432 988 1254 666 1118 828 1028 1340 802 474 1188 1596 1660 2016 1402 1402 1340 1786 1330 2050 1864 1682 1626 1154 1644 1876 1874 1532 1246 1330 1618 1726 2140 2360 2140 1814 924 1798 2116 1238 1288 1162 1882 1494 1704 1160 1270 1502 1496 1766 2204 2122 
1260 1306 1670 1088 0 732 1108 1426 2072 1630 1920 1154 1010 1502 1692 1360 1674 2336 1842 2144 1600 578 1792 1688 2194 1582 1184 1082 1522 1050 1302 1710 2292 1240 1498 1124 1994 2078 1660 1232 924 1390 1800 1606 1394 1542 1616 1464 1188 1364 1532 422 1396 1204 986 1716 1178 850 1564 1878 1938 1772 1312 1686 1096 1872 1288 2230 1620 1814 1584 1372 1400 2016 1738 1288 1622 1702 1994 2036 2516 2270 2434 1870 1300 1968 2202 1614 1044 1538 2010 1452 1778 1536 1386 1878 1774 1522 2194 2208 
1302 1148 1407 356 732 0 1316 2082 1340 3143 3235 504 1676 4114 4062 1256 3640 1604 1110 3530 5523 1165 2120 956 2340 1700 452 350 2027 688 1425 1467 1658 2605 1532 392 1893 1346 1566 3658 4511 6987 3935 2550 5658 7331 2348 2196 4200 4108 1796 930 5508 708 3135 2460 3734 354 5179 6200 3912 4150 2092 1569 6448 2145 3162 1694 1508 1326 2788 1596 1932 5590 1518 1764 1335 2125 1262 4110 1784 2004 1784 1458 568 2911 1760 2646 1864 1209 2289 2574 6740 1608 4653 2654 1140 1410 1848 1766 
738 1900 1788 732 1108 1316 0 2652 1716 4326 2295 880 2159 2891 3598 2008 3129 1672 734 3744 3234 2105 1868 1088 2292 1964 76 726 1463 1064 2365 1848 1512 2715 780 768 1329 970 1929 434 3985 3983 3845 3106 3206 4480 2728 2070 5388 2864 2236 2058 3437 144 3405 3400 2877 1482 4228 3024 4572 4825 2472 1950 4648 2430 4107 2070 1884 1562 3379 2104 2496 6169 1476 2280 1401 2286 1306 5238 1758 2194 2160 1794 944 2474 1552 3774 2616 1773 2622 3115 3402 2116 4182 2768 1360 1754 1932 1956 
1692 2120 462 1050 1426 2082 2652 0 1082 1326 2688 974 1660 2568 798 1952 1398 910 1370 2400 2322 2200 2604 326 1479 440 960 808 2005 870 2640 522 1084 2333 1652 1086 1296 1362 621 2280 2298 762 2360 943 96 2196 960 3966 3276 1620 648 3012 564 1470 2418 2425 744 1728 2454 2328 2190 2615 704 624 1332 1104 1512 1504 1524 678 2652 336 1650 2785 928 954 1077 1268 1060 3516 1546 1310 1624 910 1026 1732 1066 2304 1252 912 1344 2388 2280 348 852 2049 566 870 1384 1072 
2088 1914 1390 1696 2072 1340 1716 1082 0 1524 2108 1844 1912 1738 816 712 1548 1460 2330 1952 1836 1806 2364 1408 2068 1302 1792 1690 1608 1952 1910 1430 2166 1916 1632 1732 1946 2168 1496 1720 1848 1336 2026 1326 1114 1814 1562 2072 2174 1346 1406 1650 1270 1812 1888 1854 1330 1458 1702 1858 1812 2128 1434 1498 1526 1818 1586 2564 2606 1760 2408 1250 2182 1972 2010 1718 1604 1688 1976 2254 2628 2392 2654 1992 1908 1948 2148 1752 1708 1690 1978 2276 1842 1256 1366 1860 1648 1952 2466 2154 
2220 2764 1125 1254 1630 3143 4326 1326 1524 0 2075 1402 2544 4543 2478 2480 1862 1352 1722 3201 4323 3150 3488 768 1578 1324 1312 1130 2170 1312 3445 1185 1150 3416 1784 1290 1959 1428 1284 3892 4228 2436 3310 1932 1659 4109 1844 4890 2275 2121 780 3624 889 1998 3744 2590 1995 2694 3094 3192 2388 3085 1588 1122 3101 1767 2838 1646 1082 1120 3536 1220 1293 4730 1370 1617 1296 1960 1236 4482 1806 1752 1736 1352 1348 2616 1508 2502 2136 1149 2007 3272 3570 1116 2880 2489 632 1312 1826 1514 
1743 3556 1905 1650 1920 3235 2295 2688 2108 2075 0 1102 1916 3625 3353 3844 3405 1936 1404 3520 3870 4225 3540 1288 2823 2364 994 1644 3469 998 4496 1965 1980 3280 2572 1686 2334 1640 2064 1985 2490 3278 2385 1955 2640 1740 3012 3215 3700 3590 2440 4010 2710 1521 2335 4665 3120 3530 4285 3835 4037 5160 2716 2067 2855 2550 3090 2476 1912 1704 2852 2260 2538 3266 892 2001 2541 3320 2066 4644 2428 2316 1588 1916 1862 3172 2092 4160 3176 2355 1746 2588 4105 1704 3259 3947 1462 1568 1348 2036 
1208 1012 1072 860 1154 504 880 974 1844 1402 1102 0 144 636 1240 1132 1440 1884 1444 1474 734 970 1262 1132 1658 1130 956 854 1024 184 1016 1160 2058 546 1000 896 1506 1850 966 1004 230 1228 1486 1154 942 1232 1454 820 1580 1136 1298 814 1162 976 168 1370 950 622 1218 1068 1566 2020 1326 1326 1194 1710 470 2080 1870 1652 766 918 1792 1348 1428 1386 1092 1008 1464 1218 1746 2284 2124 1844 1072 1384 1756 1268 1144 1310 1354 634 960 1084 802 1348 1540 1620 1696 1718 
1596 1736 1392 1004 1010 1676 2159 1660 1912 2544 1916 144 0 984 2192 2785 2592 1740 1300 2660 1180 2465 2236 988 2271 1972 1100 998 1760 40 1744 1524 1914 804 1712 1040 2043 1964 1233 2319 172 2168 2684 2020 1596 2176 2620 1704 3547 2284 2308 2153 2036 1680 48 2452 2028 1820 2148 1848 2844 3752 2364 1773 2100 2349 652 1936 1726 1508 1244 1548 2799 2408 1284 1863 1422 1728 1320 2148 1602 2140 1980 1700 1216 2480 1612 2248 2000 2061 1815 980 1632 1880 1316 2711 1396 1476 1552 1574 
858 2240 1650 1496 1502 4114 2891 2568 1738 4543 3625 636 984 0 3227 3536 4627 1566 808 2095 343 3307 1252 1118 2763 2024 902 1438 3265 532 2855 786 1612 2235 2388 1512 2196 1548 1809 2457 2449 3885 4340 2804 2884 5334 2672 3654 6641 4886 2360 4270 3654 1383 1761 1835 3073 3618 2037 4982 4758 4755 2416 1812 4326 2388 2667 1444 2218 1076 2228 1920 2595 5901 1720 2142 2160 2712 1812 4816 1534 2166 1534 1208 1656 3316 1922 1896 2456 1857 2532 1964 4820 1932 3803 3560 1422 1662 2044 1928 
1908 2652 861 1316 1692 4062 3598 798 816 2478 3353 1240 2192 3227 0 2484 2562 644 1514 3065 4090 2865 3096 592 1878 972 1104 1074 2670 1136 3305 921 1350 2998 2184 1352 1695 1628 1020 3616 4362 2311 3025 1608 1677 4354 1492 4410 4753 3662 1180 3810 2301 1686 3216 2595 2541 2526 3544 4620 2988 3280 1236 1023 3123 1503 2310 1748 1790 944 3184 868 2049 4276 1194 1353 1476 1800 1326 4314 1812 1576 1838 1176 1292 2264 1332 2808 1784 1311 1743 2920 4572 880 3389 2581 832 1136 1650 1338 
2244 2404 1830 984 1360 1256 2008 1952 712 2480 3844 1132 2785 3536 2484 0 2528 1886 1738 2828 3372 2188 3376 1238 2676 2264 1080 978 1792 1316 2396 1890 1882 3060 1840 1020 2067 1456 1989 2256 2882 2460 3712 2312 1888 3288 2912 2720 3408 1268 2244 1876 1972 1650 2809 3024 2148 1492 2920 3376 3056 4044 2656 1992 2712 2568 2832 2322 2136 1654 3966 2160 2874 3604 1840 2322 1338 2269 1264 3996 2412 2286 2412 1886 1196 3556 2042 3020 3076 2151 2712 3702 3344 2172 2392 2798 1364 1782 2296 2048 
1707 2812 1161 1396 1674 3640 3129 1398 1548 1862 3405 1440 2592 4627 2562 2528 0 1376 1380 3252 4407 3365 3492 792 1614 1372 970 1154 2230 1336 3505 1221 618 3476 1832 1432 1995 1452 1320 2695 4312 2475 1980 1983 1743 3749 952 4008 4137 2205 828 3756 973 1485 3816 2650 2079 2766 3178 4298 2460 3735 1600 1158 3185 1776 2910 1670 1614 1126 3560 1268 2091 4050 1246 1653 1332 1999 1260 4554 1860 1758 1760 1358 1372 2664 1514 2574 2184 1185 1503 3296 3920 1164 2988 2528 656 1336 1702 1520 
1916 1970 1218 1960 2336 1604 1672 910 1460 1352 1936 1884 1740 1566 644 1886 1376 0 2158 1780 1664 1790 2192 1236 1896 1130 1748 1718 1712 1780 1966 1258 1994 1744 1736 1996 1774 2272 1324 1548 1676 1164 1854 1154 942 1642 1390 2114 2002 1450 1234 1914 1098 1768 1716 1682 1158 1486 1530 976 1640 1956 1262 1326 1354 1646 1414 2392 2434 1588 2236 1078 2010 1800 1838 1546 1628 1544 1970 2082 1870 2220 2482 1820 1936 1776 1664 1580 1536 1518 1806 2104 1084 1084 1194 1884 1476 1780 2294 1982 
978 1684 1678 1466 1842 1110 734 1370 2330 1722 1404 1444 1300 808 1514 1738 1380 2158 0 1646 710 1506 1238 1696 2014 1590 810 1460 1126 1340 1680 1136 1998 1600 1102 1502 1372 1456 1784 610 1386 1624 2024 1614 1402 1766 1850 1176 2116 1388 1604 1420 1468 830 1324 1346 1490 1228 1194 1350 2010 2416 1722 1786 1814 2106 1626 2056 2548 1688 1922 1538 2328 2240 1962 2006 1646 1730 2018 2374 2146 2680 2146 1820 1678 1800 2038 1244 1840 1850 2234 1790 1458 1544 1654 1902 1846 2240 2418 2442 
2115 3732 1671 1768 2144 3530 3744 2400 1952 3201 3520 1474 2660 2095 3065 2828 3252 1780 1646 0 2340 4311 2928 1132 2697 2052 1532 1614 2605 1370 4701 1731 774 4136 2132 1804 2286 1602 1830 3850 3540 2889 4559 1565 2352 4006 2700 5115 4826 1950 2272 4305 2566 2328 3385 3930 2832 3529 3550 4205 3921 4869 2444 1833 3207 2409 3448 2282 2336 1548 3904 1948 2859 4466 1734 2163 1557 2435 1410 5142 2352 2180 2372 1780 1832 3344 1936 3675 2864 2121 2553 3640 4119 1392 2982 2964 1378 1676 2190 1942 
711 2044 1527 1582 1600 5523 3234 2322 1836 4323 3870 734 1180 343 4090 3372 4407 1664 710 2340 0 3107 1056 1036 2640 1860 1000 1340 3420 630 2610 639 1710 2480 2584 1414 2343 1646 1686 3621 3530 4896 4135 2689 3609 6759 2508 3948 6298 6081 2196 4160 4530 1530 2055 1590 3510 3324 2178 6729 4512 4526 2252 1689 5463 2265 2897 1346 2198 978 2424 1756 2448 5794 1638 2019 2238 2816 1834 5012 1436 2084 1436 1110 1558 3152 1840 1602 2260 1710 2409 2160 6455 1768 4854 3597 1340 1580 2094 1846 
1023 2080 1686 822 578 1165 2105 2200 1806 3150 4225 970 2465 3307 2865 2188 3365 1790 1506 4311 3107 0 3052 1142 2799 2072 918 816 3192 1154 2590 1746 1964 3770 2464 858 2487 1742 1845 2240 3302 2810 3835 2929 2120 3190 2700 2995 1525 2745 2408 390 2670 1407 3271 3625 2280 1460 3245 3980 4025 2985 2092 1848 2075 2409 3300 1652 1042 1548 3224 1968 1233 3885 1472 1533 2034 2912 1728 4306 2250 2004 2168 1604 1034 3364 1936 3370 1556 1908 2322 3160 3940 1980 2750 3284 1418 1256 1928 1942 
1503 988 2229 1416 1792 2120 1868 2604 2364 3488 3540 1262 2236 1252 3096 3376 3492 2192 1238 2928 1056 3052 0 1564 3432 2916 1010 1410 2696 1158 980 1431 2238 1920 2648 886 2607 1822 2070 1952 2408 3112 4364 2964 2540 3940 3564 3084 4272 3220 3252 2740 2980 1545 2284 2004 2596 2356 2024 3432 4064 4672 3308 2481 3364 3057 2888 1874 2568 1506 3480 2812 3225 4256 2166 2811 2802 3872 2240 4384 1964 2612 1964 1638 1628 4052 2368 2124 3316 2487 3201 3216 3648 2824 3044 4425 1868 2108 2622 2374 
1454 1322 570 1312 1688 956 1088 326 1408 768 1288 1132 988 1118 592 1238 792 1236 1696 1132 1036 1142 1564 0 1312 106 1164 1070 1128 1028 1318 610 1410 1096 1152 1348 1126 1688 676 1086 902 580 1206 506 294 994 806 1584 1418 866 650 1266 514 1184 964 1296 510 838 1144 1038 1056 1372 678 678 706 1062 766 1830 1850 1004 1562 430 1362 1152 1190 898 1044 960 1386 1434 1808 1636 1886 1236 1288 1128 1392 1094 888 870 1158 1430 1022 436 546 1300 892 1132 1646 1398 
2658 2889 1941 1916 2194 2340 2292 1479 2068 1578 2823 1658 2271 2763 1878 2676 1614 1896 2014 2697 2640 2799 3432 1312 0 1809 1604 1674 2118 1474 2883 2001 1694 2730 2154 1952 2775 1972 2100 2106 2400 1860 2529 1758 1527 2142 2199 1257 2553 1725 1401 2658 1197 2436 2307 2370 1671 2163 2142 1473 2010 3048 2007 1938 2145 2583 2235 2190 2134 1664 3204 1731 2871 2814 1624 2433 2112 2238 1780 3057 1876 2296 2280 1896 1892 2778 1670 2067 2418 1965 2823 3006 1635 1653 1905 2496 1176 1856 2080 2058 
2022 2432 696 1206 1582 1700 1964 440 1302 1324 2364 1130 1972 2024 972 2264 1372 1130 1590 2052 1860 2072 2916 106 1809 0 1058 964 2044 1026 2424 756 1304 2104 2092 1242 1530 1582 855 1960 1844 948 2200 800 376 1776 1400 2956 2624 1520 1088 2320 816 1617 1924 2380 808 1464 2076 1864 1900 2532 1144 858 1200 1434 1320 1724 1744 898 2964 648 1884 2092 1084 1188 1407 1708 1280 2656 1702 1530 1780 1130 1182 2044 1286 1976 1564 1146 1578 2700 1832 660 880 2489 786 1026 1540 1292 
568 1026 1268 808 1184 452 76 960 1792 1312 994 956 1100 902 1104 1080 970 1748 810 1532 1000 918 1010 1164 1604 1058 0 802 490 1140 1022 1308 1588 790 466 844 962 1046 1210 200 1106 1214 1614 1204 992 1356 1440 766 1528 752 1194 762 1058 172 1124 1436 898 570 1284 940 1600 2006 1312 1376 1404 1696 1426 2146 1960 1638 1722 1128 1740 1830 1552 1596 1010 1094 1382 1822 1834 2270 2236 1870 1020 1142 1628 1334 1384 1258 1824 1590 1048 1134 1244 1266 1436 1830 2008 2032 
1218 924 1052 706 1082 350 726 808 1690 1130 1644 854 998 1438 1074 978 1154 1718 1460 1614 1340 816 1410 1070 1674 964 802 0 1140 1038 920 1092 1772 1390 1116 742 1608 1696 1158 850 1084 1062 1688 988 776 1476 1288 1082 1426 982 1012 660 876 822 1022 1098 560 232 946 960 1418 1854 1160 1160 1124 1544 1248 1808 1858 1440 1620 912 1412 1634 1672 1316 1240 1324 1612 1484 1854 2118 1898 1572 682 1610 1648 996 1282 920 1640 1488 1068 918 1028 1496 1254 1550 1962 1880 
1326 2728 1665 748 1522 2027 1463 2005 1608 2170 3469 1024 1760 3265 2670 1792 2230 1712 1126 2605 3420 3192 2696 1128 2118 2044 490 1140 0 920 3452 1725 1510 2799 48 1182 723 1084 1824 1654 2279 2532 4210 2796 2085 3835 2456 2977 3795 655 1500 2802 1535 765 2434 2850 2325 2322 3010 3294 2890 4512 2200 1662 3115 2199 2969 2006 1950 1408 2908 1940 2595 4230 1730 2157 780 1624 892 4635 2150 2040 2096 1640 1358 3054 1796 2985 2856 1689 2547 2644 3456 1836 2715 2117 992 1672 2186 1802 
1104 908 968 1044 1050 688 1064 870 1952 1312 998 184 40 532 1136 1316 1336 1780 1340 1370 630 1154 1158 1028 1474 1026 1140 1038 920 0 912 1056 1954 442 896 1080 1402 2004 862 1188 126 1124 1382 1050 838 1128 1350 636 1764 1182 1194 998 1058 1160 64 1266 1054 806 1114 964 1462 1916 1222 1222 1090 1606 366 1976 1766 1548 662 814 1906 1244 1324 1282 988 904 1360 1114 1642 2180 2020 1740 1256 1280 1652 1164 1040 1414 1250 530 856 980 698 1244 1436 1516 1592 1614 
2157 8 1494 926 1302 1425 2365 2640 1910 3445 4496 1016 1744 2855 3305 2396 3505 1966 1680 4701 2610 2590 980 1318 2883 2424 1022 920 3452 912 0 2010 2020 1750 2672 396 2748 1916 1335 2675 2224 3275 4840 3455 2560 4310 3072 3255 4115 3005 2520 2200 2810 1563 2317 1280 2020 1720 1660 4380 4165 5078 2816 2112 3430 2688 3048 1526 2078 1158 2892 2320 2490 4705 1920 2346 2190 3098 1832 4330 1616 2366 1616 1290 1138 3716 2122 1785 2620 1752 2832 2628 4156 2332 3190 3690 1502 1798 2210 2128 
1350 2016 888 1334 1710 1467 1848 522 1430 1185 1965 1160 1524 786 921 1890 1221 1258 1136 1731 639 1746 1431 610 2001 756 1308 1092 1725 1056 2010 0 1432 1677 1761 1370 1722 1710 1047 1662 1575 903 1842 792 474 1524 1242 2409 2160 1332 1008 1932 804 1992 1560 1464 798 1290 1365 1590 1617 2091 1050 1050 1092 1626 1182 1772 1872 1026 2415 678 2076 1761 1212 1380 1599 1473 1408 2184 1830 1658 1862 1258 1310 1725 1414 1440 1365 1338 1770 2217 1566 687 852 1983 914 1154 1668 1420 
1756 2024 1392 2014 2292 1658 1512 1084 2166 1150 1980 2058 1914 1612 1350 1882 618 1994 1998 774 1710 1964 2238 1410 1694 1304 1588 1772 1510 1954 2020 1432 0 1918 1534 2050 1948 2070 1498 1388 1850 1320 1410 1270 1116 1668 1094 1954 1800 1248 1032 1870 896 1608 1890 1678 1212 1540 1526 1846 1438 2112 1418 1390 1528 1802 1588 2288 2232 1744 2398 1252 2012 1626 1864 1720 1506 1590 1878 2136 2478 2376 2378 1976 1990 1950 2132 1476 1710 1408 1620 2266 1738 1200 1368 1762 1274 1954 2320 2138 
2037 932 789 1396 1240 2605 2715 2333 1916 3416 3280 546 804 2235 2998 3060 3476 1744 1600 4136 2480 3770 1920 1096 2730 2104 790 1390 2799 442 1750 1677 1918 0 2172 858 2388 1718 630 3025 790 2968 3930 3148 2253 3605 2752 3173 5005 2240 2429 3380 2781 1443 945 2778 2793 2900 3006 3195 3998 4948 2496 1779 3101 2355 1700 1996 2080 1512 1952 1909 2805 3895 1638 2109 1731 2188 1526 3570 1956 2144 2086 1744 1608 2940 1900 3131 2460 2067 2346 1688 2925 2012 2220 3120 1400 1640 1906 1906 
1290 2680 1701 772 1498 1532 780 1652 1632 1784 2572 1000 1712 2388 2184 1840 1832 1736 1102 2132 2584 2464 2648 1152 2154 2092 466 1116 48 896 2672 1761 1534 2172 0 1158 759 1108 1860 984 1540 2052 3416 2024 1716 3116 2504 2116 3084 572 1548 2152 1276 729 1664 2328 1908 1768 2456 2464 2360 3636 2248 1698 2540 2235 2268 2030 1974 1432 2860 1988 2631 3432 1754 2193 816 1672 916 3756 2126 2064 2120 1664 1334 3030 1820 2436 2904 1725 2583 2596 2680 1884 2220 2165 1016 1696 2210 1826 
1260 392 1330 748 1124 392 768 1086 1732 1290 1686 896 1040 1512 1352 1020 1432 1996 1502 1804 1414 858 886 1348 1952 1242 844 742 1182 1080 396 1370 2050 858 1158 0 1654 1738 1278 892 1126 1340 1966 1266 1054 1714 1566 1124 1468 1024 1290 702 1154 864 1064 908 838 510 1060 1632 1696 2052 1438 1438 1376 1822 1366 1922 1900 1554 1662 1190 1680 1912 1910 1568 1282 1366 1654 1762 2012 2396 2012 1686 960 1834 2152 1110 1324 1198 1918 1530 1740 1196 1306 1538 1532 1802 2240 2158 
1695 2754 1662 1230 1994 1893 1329 1296 1946 1959 2334 1506 2043 2196 1695 2067 1995 1774 1372 2286 2343 2487 2607 1126 2775 1530 962 1608 723 1402 2748 1722 1948 2388 759 1654 0 1566 1821 1143 1914 1677 2616 1566 1248 2298 2016 1992 2934 1116 1782 2358 1578 1473 2007 2433 1572 2064 2523 2253 2391 2865 1824 1824 1866 2400 1956 2368 2388 1542 2904 1452 2850 2535 1728 2154 1503 1629 1374 2958 2346 2174 2424 1774 1826 2499 1930 2448 2139 2112 2544 2706 2340 1461 1626 1887 1430 1670 2184 1936 
1214 1920 1670 1702 2078 1346 970 1362 2168 1428 1640 1850 1964 1548 1628 1456 1452 2272 1456 1602 1646 1742 1822 1688 1972 1582 1046 1696 1084 2004 1916 1710 2070 1718 1108 1738 1566 0 1776 846 1878 1544 2244 1548 1394 2002 1770 1412 2078 822 1310 1656 1174 1066 1940 1700 1490 1464 1764 1586 1716 2336 1642 1668 1806 2026 1866 2566 2510 1968 2538 1530 2290 2252 2198 1998 1080 1164 1452 2414 2480 2600 2656 2200 1914 2036 2274 1754 1988 1686 2258 2406 1694 1478 1646 1336 1552 2232 2654 2362 
2313 1329 159 1400 1660 1566 1929 621 1496 1284 2064 966 1233 1809 1020 1989 1320 1324 1784 1830 1686 1845 2070 676 2100 855 1210 1158 1824 862 1335 1047 1498 630 1860 1278 1821 1776 0 1761 1104 1002 1941 891 573 1623 1341 2247 2259 1431 1107 2031 903 2073 1197 2076 897 1389 1848 1608 1716 2190 1149 1149 1191 1725 1281 1918 1938 1092 2094 777 2175 1860 1278 1479 1698 1572 1474 2283 1896 1724 1974 1324 1376 1824 1480 1773 1464 1437 1869 1896 1665 786 951 2082 980 1220 1734 1486 
552 2148 1602 856 1232 3658 434 2280 1720 3892 1985 1004 2319 2457 3616 2256 2695 1548 610 3850 3621 2240 1952 1086 2106 1960 200 850 1654 1188 2675 1662 1388 3025 984 892 1143 846 1761 0 5006 9907 3535 2796 7800 6859 2480 1698 5399 8422 1988 2430 7293 330 3638 3590 5296 1854 7128 3700 4200 4515 2224 1764 11038 2244 3792 2146 1938 1438 3563 1856 2577 5735 1352 2094 1554 2377 1408 5610 1634 2070 2048 1670 1068 2598 1428 4002 2772 1959 2436 3299 4240 1868 4980 2859 1236 1630 1808 1832 
1725 1564 1263 1090 924 4511 3985 2298 1848 4228 2490 230 172 2449 4362 2882 4312 1676 1386 3540 3530 3302 2408 902 2400 1844 1106 1084 2279 126 2224 1575 1850 790 1540 1126 1914 1878 1104 5006 0 4080 3140 2730 2936 4872 2492 3467 6431 4398 2180 3585 3816 1809 186 3252 3800 3195 5075 3950 4008 4530 2236 1677 4038 2253 1092 2022 1764 1444 1320 1376 2703 4431 1322 1734 1293 1556 1234 3336 1640 2076 2018 1676 1302 2308 1650 3775 1828 1965 1872 1056 3610 1752 2288 2601 1332 1390 1590 1612 
2073 2628 843 1304 1390 6987 3983 762 1336 2436 3278 1228 2168 3885 2311 2460 2475 1164 1624 2889 4896 2810 3112 580 1860 948 1214 1062 2532 1124 3275 903 1320 2968 2052 1340 1677 1544 1002 9907 4080 0 2495 1324 3834 4070 452 3600 4711 6399 1156 2904 4908 1851 3180 2675 2761 2490 5434 5162 2952 1980 196 1005 2646 723 2274 1250 1778 424 2352 844 2031 3031 936 729 696 760 806 4278 1714 1056 1632 656 1280 1484 812 2904 1760 1293 1308 2088 4640 856 3411 1541 820 720 1392 818 
2673 3880 1782 1930 1800 3935 3845 2360 2026 3310 2385 1486 2684 4340 3025 3712 1980 1854 2024 4559 4135 3835 4364 1206 2529 2200 1614 1688 4210 1382 4840 1842 1410 3930 3416 1966 2616 2244 1941 3535 3140 2495 0 2994 2280 645 2448 2120 3283 3555 2412 3445 2675 2451 3295 4000 2820 3640 4155 2924 2227 4359 1840 1941 1760 1119 2880 2190 1580 1422 1976 1600 2040 1193 454 1344 2193 2756 1722 3697 1846 1878 1150 1478 1906 2296 1810 4055 2052 2232 315 1712 2700 2108 1710 3212 1448 1130 910 1082 
2058 2480 732 1230 1606 2550 3106 943 1326 1932 1955 1154 2020 2804 1608 2312 1983 1154 1614 1565 2689 2929 2964 506 1758 800 1204 988 2796 1050 3455 792 1270 3148 2024 1266 1566 1548 891 2796 2730 1324 2994 0 895 2441 1448 3851 3557 2141 1020 3099 1297 1836 2830 3154 1435 2255 2795 2748 2652 3304 1192 894 1642 1470 2075 1748 1710 922 3012 696 1920 2901 1108 1224 1443 1756 1304 3687 1726 1554 1804 1154 1206 2092 1310 2720 1612 1182 1614 2748 2672 140 1518 2537 752 1050 1564 1316 
1740 2056 414 1018 1394 5658 3206 96 1114 1659 2640 942 1596 2884 1677 1888 1743 942 1402 2352 3609 2120 2540 294 1527 376 992 776 2085 838 2560 474 1116 2253 1716 1054 1248 1394 573 7800 2936 3834 2280 895 0 3850 1024 3870 3934 5028 712 2916 2881 1518 2322 2505 1188 1632 4705 4372 2286 2695 768 576 4586 1152 1416 1536 1556 710 2588 272 1602 3273 896 906 1125 1332 1092 3420 1514 1342 1592 942 994 1668 1098 2400 1188 864 1296 2324 4108 284 2715 2113 598 838 1352 1104 
2286 3456 1464 1678 1542 7331 4480 2196 1814 4109 1740 1232 2176 5334 4354 3288 3749 1642 1766 4006 6759 3190 3940 994 2142 1776 1356 1476 3835 1128 4310 1524 1668 3605 3116 1714 2298 2002 1623 6859 4872 4070 645 2441 3850 0 1932 1770 5548 6996 2112 3360 5060 2064 3305 3355 5038 3732 7722 6842 2910 3830 1324 1554 2453 1506 3516 1990 1782 1164 1460 1444 2427 3114 196 957 1806 2240 1464 3884 2100 1620 892 1220 1694 1780 1552 4362 2360 1914 702 1196 6578 1684 3927 2696 1298 872 652 1340 
2412 3080 1182 1530 1616 2348 2728 960 1562 1844 3012 1454 2620 2672 1492 2912 952 1390 1850 2700 2508 2700 3564 806 2199 1400 1440 1288 2456 1350 3072 1242 1094 2752 2504 1566 2016 1770 1341 2480 2492 452 2448 1448 1024 1932 0 2852 3144 1932 1608 2388 1336 2190 2572 2592 1456 2112 2288 2512 2420 2036 648 1344 1040 1062 1968 1476 2004 650 2804 1296 2370 2184 1162 1068 1035 1212 1032 3304 1940 1282 1858 882 1506 1936 1038 2388 2212 1632 1647 2540 2308 1308 1528 1993 1046 946 1618 1044 
1401 2612 2349 1088 1464 2196 2070 3966 2072 4890 3215 820 1704 3654 4410 2720 4008 2114 1176 5115 3948 2995 3084 1584 1257 2956 766 1082 2977 636 3255 2409 1954 3173 2116 1124 1992 1412 2247 1698 3467 3600 2120 3851 3870 1770 2852 0 5518 4052 3120 3126 4272 1179 3281 4290 3534 2550 4692 3918 4680 4980 2244 2244 2718 2391 4090 2426 2240 1624 2607 2364 3030 4008 786 1647 2403 3100 1924 5190 2200 2080 1482 1680 1300 2960 1994 4842 3280 2307 1587 2343 4242 2864 3894 3616 1802 1332 1242 1930 
1938 3300 2100 1432 1188 4200 5388 3276 2174 2275 3700 1580 3547 6641 4753 3408 4137 2002 2116 4826 6298 1525 4272 1418 2553 2624 1528 1426 3795 1764 4115 2160 1800 5005 3084 1468 2934 2078 2259 5399 6431 4711 3283 3557 3934 5548 3144 5518 0 4396 2080 2825 3164 2322 5469 4215 3880 3681 5369 5467 4338 1460 2888 2097 5136 2211 4788 1042 432 1770 4272 2520 318 4342 1602 2448 2271 3260 1886 4156 2456 1482 2298 2002 1644 3916 2158 4452 2776 2124 1407 4008 5845 2416 4993 3789 808 1192 1562 1810 
1719 2412 1272 988 1364 4108 2864 1620 1346 2121 3590 1136 2284 4886 3662 1268 2205 1450 1388 1950 6081 2745 3220 866 1725 1520 752 982 655 1182 3005 1332 1248 2240 572 1024 1116 822 1431 8422 4398 6399 3555 2141 5028 6996 1932 4052 4396 0 976 2826 2816 1158 3418 2195 3674 2250 5181 6531 2682 3857 1676 1269 8096 1806 3132 1744 1688 1146 3432 1416 2202 5073 1468 1764 387 1100 630 4776 1894 1778 1834 1378 1200 2812 1534 2796 2332 1296 2154 3168 6129 1312 4914 1593 730 1410 1924 1540 
2043 2528 948 1254 1532 1796 2236 648 1406 780 2440 1298 2308 2360 1180 2244 828 1234 1604 2272 2196 2408 3252 650 1401 1088 1194 1012 1500 1194 2520 1008 1032 2429 1548 1290 1782 1310 1107 1988 2180 1156 2412 1020 712 2112 1608 3120 2080 976 0 2220 272 1821 2260 1836 904 1560 1532 1628 1356 2740 1352 945 1536 1590 1656 1528 1472 1002 3300 984 1878 2428 1252 1440 1119 1724 1118 2752 1492 1634 1618 1234 1230 2380 1390 1432 1900 972 1830 3036 1412 880 1216 2253 242 1194 1708 1396 
1257 1768 1872 666 422 930 2058 3012 1650 3624 4010 814 2153 4270 3810 1876 3756 1914 1420 4305 4160 390 2740 1266 2658 2320 762 660 2802 998 2200 1932 1870 3380 2152 702 2358 1656 2031 2430 3585 2904 3445 3099 2916 3360 2388 3126 2825 2826 2220 0 2922 1173 3585 3235 2268 1284 3426 4415 4548 3375 1780 1896 2022 2175 4092 1808 1198 1392 2912 1900 1467 4860 1316 1299 1800 2600 1572 5040 2094 1848 2012 1448 878 3092 1780 3576 1244 1674 2382 2848 4371 2228 2943 2972 1352 1100 1772 1786 
1839 2256 744 1118 1396 5508 3437 564 1270 889 2710 1162 2036 3654 2301 1972 973 1098 1468 2566 4530 2670 2980 514 1197 816 1058 876 1535 1058 2810 804 896 2781 1276 1154 1578 1174 903 7293 3816 4908 2675 1297 2881 5060 1336 4272 3164 2816 272 2922 0 1617 2982 1955 1738 1932 3495 4771 1626 3085 1080 741 6924 1386 2076 1392 1336 866 3028 712 1674 3841 1116 1236 915 1452 982 3720 1582 1498 1482 1098 1094 2108 1254 1740 1628 768 1626 2764 4369 608 3375 1981 378 1058 1572 1260 
882 1569 1932 828 1204 708 144 1470 1812 1998 1521 976 1680 1383 1686 1650 1485 1768 830 2328 1530 1407 1545 1184 2436 1617 172 822 765 1160 1563 1992 1608 1443 729 864 1473 1066 2073 330 1809 1851 2451 1836 1518 2064 2190 1179 2322 1158 1821 1173 1617 0 1716 2184 1377 885 1956 1440 2430 3039 1998 2094 2136 2574 2169 2166 1980 1658 2613 1722 2640 2775 1572 2424 1545 1671 1402 2763 1854 2290 2256 1890 1040 1455 1648 2031 2106 1917 2766 2415 1602 1731 1896 1929 1456 1850 2028 2052 
1632 1688 1356 1028 986 3135 3405 2418 1888 3744 2335 168 48 1761 3216 2809 3816 1716 1324 3385 2055 3271 2284 964 2307 1924 1124 1022 2434 64 2317 1560 1890 945 1664 1064 2007 1940 1197 3638 186 3180 3295 2830 2322 3305 2572 3281 5469 3418 2260 3585 2982 1716 0 3125 2970 3162 3501 2700 4194 4630 2316 1737 3078 2313 906 1960 1702 1484 1196 1500 2763 3540 1260 1827 1386 1680 1296 3150 1578 2116 1956 1716 1240 2432 1588 3651 1952 2025 1779 932 2376 1832 1902 2663 1372 1452 1528 1550 
1665 1032 1917 1340 1716 2460 3400 2425 1854 2590 4665 1370 2452 1835 2595 3024 2650 1682 1346 3930 1590 3625 2004 1296 2370 2380 1436 1098 2850 1266 1280 1464 1678 2778 2328 908 2433 1700 2076 3590 3252 2675 4000 3154 2505 3355 2592 4290 4215 2195 1836 3235 1955 2184 3125 0 2745 2165 380 4080 3310 4070 2224 1914 2240 2328 3685 1014 2118 646 3264 2276 2847 4562 1538 1632 1704 2555 1508 5055 1104 2070 1104 778 1316 3444 1882 505 1596 1941 2715 3292 4040 2172 2850 2987 1160 1322 1994 1888 
1881 1624 738 802 1178 3734 2877 744 1330 1995 3120 950 2028 3073 2541 2148 2079 1158 1490 2832 3510 2280 2596 510 1671 808 898 560 2325 1054 2020 798 1212 2793 1908 838 1572 1490 897 5296 3800 2761 2820 1435 1188 5038 1456 3534 3880 3674 904 2268 1738 1377 2970 2745 0 984 5233 5412 2574 3235 1200 900 3102 1476 2064 1708 1496 926 2892 704 1278 4029 1112 1134 1389 1764 1298 2772 1730 1558 1798 1158 778 2100 1314 2688 1620 540 1620 2628 5148 716 3606 2485 694 990 1402 1320 
1479 1384 1230 474 850 354 1482 1728 1458 2694 3530 622 1820 3618 2526 1492 2766 1486 1228 3529 3324 1460 2356 838 2163 1464 570 232 2322 806 1720 1290 1540 2900 1768 510 2064 1464 1389 1854 3195 2490 3640 2255 1632 3732 2112 2550 3681 2250 1560 1284 1932 885 3162 2165 984 0 2142 3672 3558 4055 1856 1392 2676 1968 3048 1576 1626 1208 2969 1360 1770 4341 1440 1626 1512 2243 1380 3756 1666 1886 1666 1340 450 2756 1642 2292 2100 1032 2112 2705 3816 1372 2388 2772 1022 1318 1730 1648 
1437 1336 1689 1188 1564 5179 4228 2454 1702 3094 4285 1218 2148 2037 3544 2920 3178 1530 1194 3550 2178 3245 2024 1144 2142 2076 1284 946 3010 1114 1660 1365 1526 3006 2456 1060 2523 1764 1848 7128 5075 5434 4155 2795 4705 7722 2288 4692 5369 5181 1532 3426 3495 1956 3501 380 5233 2142 0 7670 3516 3690 2032 1686 5269 2100 3966 862 1966 494 2960 1972 2619 6046 1600 1725 1800 2575 1572 5610 952 1974 952 626 1164 3140 1730 150 1292 1713 2571 3128 7360 1868 4684 3104 1008 1384 2056 1736 
1662 3488 1449 1596 1878 6200 3024 2328 1858 3192 3835 1068 1848 4982 4620 3376 4298 976 1350 4205 6729 3980 3432 1038 1473 1864 940 960 3294 964 4380 1590 1846 3195 2464 1632 2253 1586 1608 3700 3950 5162 2924 2748 4372 6842 2512 3918 5467 6531 1628 4415 4771 1440 2700 4080 5412 3672 7670 0 2310 4335 2200 1692 4708 2223 1794 2192 1994 1454 2996 1216 2661 3332 1490 1614 2037 2820 1218 4038 894 2058 2222 1658 1642 2148 688 4340 1668 1980 1437 2732 540 1772 2214 2204 1056 1310 1824 1818 
2652 3340 1557 1660 1938 3912 4572 2190 1812 2388 4037 1566 2844 4758 2988 3056 2460 1640 2010 3921 4512 4025 4064 1056 2010 1900 1600 1418 2890 1462 4165 1617 1438 3998 2360 1696 2391 1716 1716 4200 4008 2952 2227 2652 2286 2910 2420 4680 4338 2682 1356 4548 1626 2430 4194 3310 2574 3558 3516 2310 0 2410 2164 1554 3468 1701 3456 1422 1878 1408 3292 1760 2487 1812 720 2022 1728 2536 1524 5346 1448 1862 1808 1640 1636 2692 1458 3366 2212 1581 915 3028 1986 1692 2292 2940 920 1582 1568 1470 
2814 4035 2031 2016 1772 4150 4825 2615 2128 3085 5160 2020 3752 4755 3280 4044 3735 1956 2416 4869 4526 2985 4672 1372 3048 2532 2006 1854 4512 1916 5078 2091 2112 4948 3636 2052 2865 2336 2190 4515 4530 1980 4359 3304 2695 3830 2036 4980 1460 3857 2740 3375 3085 3039 4630 4070 3235 4055 3690 4335 2410 0 1780 2193 2715 1911 3875 458 1016 1216 3936 2428 1194 3820 1684 1917 1884 2344 1598 4445 2272 898 2172 1448 2072 3068 1604 3665 3344 2481 2283 3672 4065 2440 3325 3125 1392 1512 2146 1610 
2220 2824 990 1402 1312 2092 2472 704 1434 1588 2716 1326 2364 2416 1236 2656 1600 1262 1722 2444 2252 2092 3308 678 2007 1144 1312 1160 2200 1222 2816 1050 1418 2496 2248 1438 1824 1642 1149 2224 2236 196 1840 1192 768 1324 648 2244 2888 1676 1352 1780 1080 1998 2316 2224 1200 1856 2032 2200 2164 1780 0 1152 432 870 1712 1348 1876 522 2196 984 2178 1928 858 612 843 956 904 2788 1812 958 1554 558 1378 1680 910 2132 1900 1440 1455 1932 2052 1052 1216 1737 918 642 1314 916 
2316 2118 990 1402 1686 1569 1950 624 1498 1122 2067 1326 1773 1812 1023 1992 1158 1326 1786 1833 1689 1848 2481 678 1938 858 1376 1160 1662 1222 2112 1050 1390 1779 1698 1438 1824 1668 1149 1764 1677 1005 1941 894 576 1554 1344 2244 2097 1269 945 1896 741 2094 1737 1914 900 1392 1686 1692 1554 2193 1152 0 885 1728 1284 1886 1830 1094 2208 780 2178 1863 1232 1173 1656 1575 1476 2286 1898 1726 1928 1326 1378 1827 1482 1611 1467 1440 1872 2010 1668 789 954 2040 872 1016 1688 1488 
2268 2752 1032 1340 1096 6448 4648 1332 1526 3101 2855 1194 2100 4326 3123 2712 3185 1354 1814 3207 5463 2075 3364 706 2145 1200 1404 1124 3115 1090 3430 1092 1528 3101 2540 1376 1866 1806 1191 11038 4038 2646 1760 1642 4586 2453 1040 2718 5136 8096 1536 2022 6924 2136 3078 2240 3102 2676 5269 4708 3468 2715 432 885 0 1164 2652 1544 1830 718 1764 552 2114 3337 642 288 1137 1348 1018 3844 1654 1174 1338 774 1342 1948 1106 3024 1468 1386 1371 1500 4444 1108 2532 1804 1010 426 1098 1112 
2796 2694 1566 1786 1872 2145 2430 1104 1818 1767 2550 1710 2349 2388 1503 2568 1776 1646 2106 2409 2265 2409 3057 1062 2583 1434 1696 1544 2199 1606 2688 1626 1802 2355 2235 1822 2400 2026 1725 2244 2253 723 1119 1470 1152 1506 1062 2391 2211 1806 1590 2175 1386 2574 2313 2328 1476 1968 2100 2223 1701 1911 870 1728 1164 0 1860 1732 1906 906 2117 1356 2529 795 1200 1452 1419 1293 1288 2862 2160 1538 1896 1138 1762 1836 1294 2175 2043 2016 804 2183 2061 1365 1530 1803 1302 1202 1656 336 
2085 2292 1122 1330 1288 3162 4107 1512 1586 2838 3090 470 652 2667 2310 2832 2910 1414 1626 3448 2897 3300 2888 766 2235 1320 1426 1248 2969 366 3048 1182 1588 1700 2268 1366 1956 1866 1281 3792 1092 2274 2880 2075 1416 3516 1968 4090 4788 3132 1656 4092 2076 2169 906 3685 2064 3048 3966 1794 3456 3875 1712 1284 2652 1860 0 2008 1400 1182 1800 1216 2310 2634 1368 1614 1833 2276 1564 2244 1276 1814 2064 1414 1466 2612 1286 3816 2132 1572 1326 1536 1470 1228 2172 2959 1070 1310 1226 1576 
1820 1530 1812 2050 2230 1694 2070 1504 2564 1646 2476 2080 1936 1444 1748 2322 1670 2392 2056 2282 1346 1652 1874 1830 2190 1724 2146 1808 2006 1976 1526 1772 2288 1996 2030 1922 2368 2566 1918 2146 2022 1250 2190 1748 1536 1990 1476 2426 1042 1744 1528 1808 1392 2166 1960 1014 1708 1576 862 2192 1422 458 1348 1886 1544 1732 2008 0 1474 1356 2242 1672 1254 1986 2142 1736 1714 1630 2056 2126 1814 1356 1714 1388 2026 1992 2062 812 1408 1904 1980 2294 2084 1678 1750 1970 1770 1970 2604 2068 
1724 2082 1832 1864 1620 1508 1884 1524 2606 1082 1912 1870 1726 2218 1790 2136 1614 2434 2548 2336 2198 1042 2568 1850 2134 1744 1960 1858 1950 1766 2078 1872 2232 2080 1974 1900 2388 2510 1938 1938 1764 1778 1580 1710 1556 1782 2004 2240 432 1688 1472 1198 1336 1980 1702 2118 1496 1626 1966 1994 1878 1016 1876 1830 1830 1906 1400 1474 0 2202 2300 1692 644 1376 1978 1638 1946 2030 2318 652 2676 1914 2674 2434 1518 2390 2590 1916 1820 1848 1370 2168 1890 1640 1808 2202 1240 1624 1130 2242 
1452 1162 986 1682 1814 1326 1562 678 1760 1120 1704 1652 1508 1076 944 1654 1126 1588 1688 1548 978 1548 1506 1004 1664 898 1638 1440 1408 1548 1158 1026 1744 1512 1432 1554 1542 1968 1092 1438 1444 424 1422 922 710 1164 650 1624 1770 1146 1002 1392 866 1658 1484 646 926 1208 494 1454 1408 1216 522 1094 718 906 1182 1356 2202 0 1600 846 1778 1290 1360 910 888 804 1230 1850 1446 1480 1446 1080 1658 1166 1236 544 1140 1286 1296 1468 1352 852 962 1144 1244 1144 1816 1242 
2529 2884 2253 1626 1584 2788 3379 2652 2408 3536 2852 766 1244 2228 3184 3966 3560 2236 1922 3904 2424 3224 3480 1562 3204 2964 1722 1620 2908 662 2892 2415 2398 1952 2860 1662 2904 2538 2094 3563 1320 2352 1976 3012 2588 1460 2804 2607 4272 3432 3300 2912 3028 2613 1196 3264 2892 2969 2960 2996 3292 3936 2196 2208 1764 2117 1800 2242 2300 1600 0 2316 3437 2408 926 1206 2283 2876 1894 3296 2176 2056 1622 1656 1838 3240 1988 2860 1668 2709 1797 264 2780 2872 2352 3559 1892 1308 1382 952 
1944 2328 618 1154 1372 1596 2104 336 1250 1220 2260 918 1548 1920 868 2160 1268 1078 1538 1948 1756 1968 2812 430 1731 648 1128 912 1940 814 2320 678 1252 1909 1988 1190 1452 1530 777 1856 1376 844 1600 696 272 1444 1296 2364 2520 1416 984 1900 712 1722 1500 2276 704 1360 1972 1216 1760 2428 984 780 552 1356 1216 1672 1692 846 2316 0 1806 1444 918 702 1329 1604 1228 2552 1378 1450 1614 1050 1130 1396 1234 1872 916 1068 1092 2052 1184 556 232 2302 734 702 1374 1240 
2256 2496 2016 1644 1400 1932 2496 1650 2182 1293 2538 1792 2799 2595 2049 2874 2091 2010 2328 2859 2448 1233 3225 1362 2871 1884 1740 1412 2595 1906 2490 2076 2012 2805 2631 1680 2850 2290 2175 2577 2703 2031 2040 1920 1602 2427 2370 3030 318 2202 1878 1467 1674 2640 2763 2847 1278 1770 2619 2661 2487 1194 2178 2178 2114 2529 2310 1254 644 1778 3437 1806 0 1734 1814 2402 2589 2601 2098 1944 2582 1694 2510 2010 1630 2853 2166 2544 2400 1818 1725 3239 2694 1815 1980 2973 1020 980 1774 2022 
2997 3772 1701 1876 2016 5590 6169 2785 1972 4730 3266 1348 2408 5901 4276 3604 4050 1800 2240 4466 5794 3885 4256 1152 2814 2092 1830 1634 4230 1244 4705 1761 1626 3895 3432 1912 2535 2252 1860 5735 4431 3031 1193 2901 3273 3114 2184 4008 4342 5073 2428 4860 3841 2775 3540 4562 4029 4341 6046 3332 1812 3820 1928 1863 3337 795 2634 1986 1376 1290 2408 1444 1734 0 670 1668 1995 2492 1672 4834 1630 1922 1366 1522 1852 2728 1640 5008 2360 2151 9 2144 2954 2000 2995 3273 1456 1346 1126 866 
1720 1924 1172 1874 1738 1518 1476 928 2010 1370 892 1428 1284 1720 1194 1840 1246 1838 1962 1734 1638 1472 2166 1190 1624 1084 1552 1672 1730 1324 1920 1212 1864 1638 1754 1910 1728 2198 1278 1352 1322 936 454 1108 896 196 1162 786 1602 1468 1252 1316 1116 1572 1260 1538 1112 1440 1600 1490 720 1684 858 1232 642 1200 1368 2142 1978 1360 926 918 1814 670 0 834 1400 1316 1660 1326 2168 1816 1088 1416 1890 1086 1748 1650 1376 1472 664 794 1382 1038 1034 1544 1494 1068 848 1536 
2556 2352 1320 1532 1288 1764 2280 954 1718 1617 2001 1386 1863 2142 1353 2322 1653 1546 2006 2163 2019 1533 2811 898 2433 1188 1596 1316 2157 1282 2346 1380 1720 2109 2193 1568 2154 1998 1479 2094 1734 729 1344 1224 906 957 1068 1647 2448 1764 1440 1299 1236 2424 1827 1632 1134 1626 1725 1614 2022 1917 612 1173 288 1452 1614 1736 1638 910 1206 702 2402 1668 834 0 1425 1299 1210 1479 1846 1366 1530 966 1534 1749 1298 1800 1389 1674 1659 1404 1590 1119 876 1641 1202 618 1290 1304 
2106 2196 1539 1246 1622 1335 1401 1077 1604 1296 2541 1092 1422 2160 1476 1338 1332 1628 1646 1557 2238 2034 2802 1044 2112 1407 1010 1240 780 988 2190 1599 1506 1731 816 1282 1503 1080 1698 1554 1293 696 2193 1443 1125 1806 1035 2403 2271 387 1119 1800 915 1545 1386 1704 1389 1512 1800 2037 1728 1884 843 1656 1137 1419 1833 1714 1946 888 2283 1329 2589 1995 1400 1425 0 126 372 2775 2036 1520 2092 1120 1458 1809 1276 1785 2016 1683 2004 2085 1875 1338 1503 384 988 1184 1856 1282 
2232 3102 1413 1330 1702 2125 2286 1268 1688 1960 3320 1008 1728 2712 1800 2269 1999 1544 1730 2435 2816 2912 3872 960 2238 1708 1094 1324 1624 904 3098 1473 1590 2188 1672 1366 1629 1164 1572 2377 1556 760 2756 1756 1332 2240 1212 3100 3260 1100 1724 2600 1452 1671 1680 2555 1764 2243 2575 2820 2536 2344 956 1575 1348 1293 2276 1630 2030 804 2876 1604 2601 2492 1316 1299 126 0 456 3612 2094 1436 2012 1036 1542 2244 1192 2585 2520 1809 1878 2612 2616 1616 1836 1161 1072 1100 1772 1198 
1776 1836 1368 1618 1994 1262 1306 1060 1976 1236 2066 1464 1320 1812 1326 1264 1260 1970 2018 1410 1834 1728 2240 1386 1780 1280 1382 1612 892 1360 1832 1408 1878 1526 916 1654 1374 1452 1474 1408 1234 806 1722 1304 1092 1464 1032 1924 1886 630 1118 1572 982 1402 1296 1508 1298 1380 1572 1218 1524 1598 904 1476 1018 1288 1564 2056 2318 1230 1894 1228 2098 1672 1660 1210 372 456 0 2196 1896 1862 2356 1462 1830 1548 1618 1562 1686 1494 1678 1762 1110 1234 1344 116 1360 1444 2116 1624 
3207 3472 2124 1726 2036 4110 5238 3516 2254 4482 4644 1218 2148 4816 4314 3996 4554 2082 2374 5142 5012 4306 4384 1434 3057 2656 1822 1484 4635 1114 4330 2184 2136 3570 3756 1762 2958 2414 2283 5610 3336 4278 3697 3687 3420 3884 3304 5190 4156 4776 2752 5040 3720 2763 3150 5055 2772 3756 5610 4038 5346 4445 2788 2286 3844 2862 2244 2126 652 1850 3296 2552 1944 4834 1326 1479 2775 3612 2196 0 2024 2352 2022 1952 866 3948 2034 5460 3468 1926 2397 3032 3714 2564 4176 4160 1618 1604 478 2244 
1910 1620 1790 2140 2516 1784 1758 1546 2628 1806 2428 1746 1602 1534 1812 2412 1860 1870 2146 2352 1436 2250 1964 1808 1876 1702 1834 1854 2150 1642 1616 1830 2478 1956 2126 2012 2346 2480 1896 1634 1640 1714 1846 1726 1514 2100 1940 2200 2456 1894 1492 2094 1582 1854 1578 1104 1730 1666 952 894 1448 2272 1812 1898 1654 2160 1276 1814 2676 1446 2176 1378 2582 1630 2168 1846 2036 2094 1896 2024 0 2770 1904 1578 2116 1844 1582 1002 1598 2090 1636 2044 786 1656 1262 1780 1734 2080 2502 2496 
2438 2370 1618 2360 2270 2004 2194 1310 2392 1752 2316 2284 2140 2166 1576 2286 1758 2220 2680 2180 2084 2004 2612 1636 2296 1530 2270 2118 2040 2180 2366 1658 2376 2144 2064 2396 2174 2600 1724 2070 2076 1056 1878 1554 1342 1620 1282 2080 1482 1778 1634 1848 1498 2290 2116 2070 1558 1886 1974 2058 1862 898 958 1726 1174 1538 1814 1356 1914 1480 2056 1450 1694 1922 1816 1366 1520 1436 1862 2352 2770 0 2512 1516 2336 1798 1868 2024 1908 1918 1928 1924 1984 1484 1566 1776 1876 1600 2272 1874 
1910 1620 1868 2140 2434 1784 2160 1624 2654 1736 1588 2124 1980 1534 1838 2412 1760 2482 2146 2372 1436 2168 1964 1886 2280 1780 2236 1898 2096 2020 1616 1862 2378 2086 2120 2012 2424 2656 1974 2048 2018 1632 1150 1804 1592 892 1858 1482 2298 1834 1618 2012 1482 2256 1956 1104 1798 1666 952 2222 1808 2172 1554 1928 1338 1896 2064 1714 2674 1446 1622 1614 2510 1366 1088 1530 2092 2012 2356 2022 1904 2512 0 1478 2116 1782 2444 902 1498 1994 1360 1490 2206 1734 1730 2240 1860 1764 1544 2232 
1584 1294 1218 1814 1870 1458 1794 910 1992 1352 1916 1844 1700 1208 1176 1886 1358 1820 1820 1780 1110 1604 1638 1236 1896 1130 1870 1572 1640 1740 1290 1258 1976 1744 1664 1686 1774 2200 1324 1670 1676 656 1478 1154 942 1220 882 1680 2002 1378 1234 1448 1098 1890 1716 778 1158 1340 626 1658 1640 1448 558 1326 774 1138 1414 1388 2434 1080 1656 1050 2010 1522 1416 966 1120 1036 1462 1952 1578 1516 1478 0 1790 1398 1468 576 1172 1518 1528 1524 1584 1084 1166 1376 1476 1200 1872 1474 
1436 1142 1270 924 1300 568 944 1026 1908 1348 1862 1072 1216 1656 1292 1196 1372 1936 1678 1832 1558 1034 1628 1288 1892 1182 1020 682 1358 1256 1138 1310 1990 1608 1334 960 1826 1914 1376 1068 1302 1280 1906 1206 994 1694 1506 1300 1644 1200 1230 878 1094 1040 1240 1316 778 450 1164 1642 1636 2072 1378 1378 1342 1762 1466 2026 1518 1658 1838 1130 1630 1852 1890 1534 1458 1542 1830 866 2116 2336 2116 1790 0 1828 2092 1214 1500 1138 1858 1706 1722 1136 1246 1714 1472 1768 1344 2098 
2337 3724 1665 1798 1968 2911 2474 1732 1948 2616 3172 1384 2480 3316 2264 3556 2664 1776 1800 3344 3152 3364 4052 1128 2778 2044 1142 1610 3054 1280 3716 1725 1950 2940 3030 1834 2499 2036 1824 2598 2308 1484 2296 2092 1668 1780 1936 2960 3916 2812 2380 3092 2108 1455 2432 3444 2100 2756 3140 2148 2692 3068 1680 1827 1948 1836 2612 1992 2390 1166 3240 1396 2853 2728 1086 1749 1809 2244 1548 3948 1844 1798 1782 1398 1828 0 1554 3040 1848 2115 2037 2976 2116 1952 1164 3025 1432 1400 1542 1560 
1796 2126 1374 2116 2202 1760 1552 1066 2148 1508 2092 1756 1612 1922 1332 2042 1514 1664 2038 1936 1840 1936 2368 1392 1670 1286 1628 1648 1796 1652 2122 1414 2132 1900 1820 2152 1930 2274 1480 1428 1650 812 1810 1310 1098 1552 1038 1994 2158 1534 1390 1780 1254 1648 1588 1882 1314 1642 1730 688 1458 1604 910 1482 1106 1294 1286 2062 2590 1236 1988 1234 2166 1640 1748 1298 1276 1192 1618 2034 1582 1868 2444 1468 2092 1554 0 1780 1522 1674 1646 1856 796 1240 1180 1532 1632 1532 2204 1630 
1512 1436 1614 1238 1614 2646 3774 2304 1752 2502 4160 1268 2248 1896 2808 3020 2574 1580 1244 3675 1602 3370 2124 1094 2067 1976 1334 996 2985 1164 1785 1440 1476 3131 2436 1110 2448 1754 1773 4002 3775 2904 4055 2720 2400 4362 2388 4842 4452 2796 1432 3576 1740 2031 3651 505 2688 2292 150 4340 3366 3665 2132 1611 3024 2175 3816 812 1916 544 2860 1872 2544 5008 1650 1800 1785 2585 1562 5460 1002 2024 902 576 1214 3040 1780 0 1192 1638 2496 3124 4246 1768 2871 3114 958 1434 2106 1786 
2190 2628 1305 1288 1044 1864 2616 1252 1708 2136 3176 1144 2000 2456 1784 3076 2184 1536 1840 2864 2260 1556 3316 888 2418 1564 1384 1282 2856 1040 2620 1365 1710 2460 2904 1324 2139 1988 1464 2772 1828 1760 2052 1612 1188 2360 2212 3280 2776 2332 1900 1244 1628 2106 1952 1596 1620 2100 1292 1668 2212 3344 1900 1467 1468 2043 2132 1408 1820 1140 1668 916 2400 2360 1376 1389 2016 2520 1686 3468 1598 1908 1498 1172 1500 1848 1522 1192 0 1755 1779 1932 1636 1472 684 3218 1192 1160 1832 1698 
2421 1758 1278 1162 1538 1209 1773 912 1690 1149 2355 1310 2061 1857 1311 2151 1185 1518 1850 2121 1710 1908 2487 870 1965 1146 1258 920 1689 1414 1752 1338 1408 2067 1725 1198 2112 1686 1437 1959 1965 1293 2232 1182 864 1914 1632 2307 2124 1296 972 1674 768 1917 2025 1941 540 1032 1713 1980 1581 2481 1440 1440 1386 2016 1572 1904 1848 1286 2709 1068 1818 2151 1472 1674 1683 1809 1494 1926 2090 1918 1994 1518 1138 2115 1674 1638 1755 0 2160 2511 1956 1077 1242 2067 890 1350 1762 1680 
2988 2838 1710 1882 2010 2289 2622 1344 1978 2007 1746 1354 1815 2532 1743 2712 1503 1806 2234 2553 2409 2322 3201 1158 2823 1578 1824 1640 2547 1250 2832 1770 1620 2346 2583 1918 2544 2258 1869 2436 1872 1308 315 1614 1296 702 1647 1587 1407 2154 1830 2382 1626 2766 1779 2715 1620 2112 2571 1437 915 2283 1455 1872 1371 804 1326 1980 1370 1296 1797 1092 1725 9 664 1659 2004 1878 1678 2397 1636 1928 1360 1528 1858 2037 1646 2496 1779 2160 0 1599 1275 1509 1266 2388 1462 1340 1120 872 
2331 2620 2055 1494 1452 2574 3115 2388 2276 3272 2588 634 980 1964 2920 3702 3296 2104 1790 3640 2160 3160 3216 1430 3006 2700 1590 1488 2644 530 2628 2217 2266 1688 2596 1530 2706 2406 1896 3299 1056 2088 1712 2748 2324 1196 2540 2343 4008 3168 3036 2848 2764 2415 932 3292 2628 2705 3128 2732 3028 3672 1932 2010 1500 2183 1536 2294 2168 1468 264 2052 3239 2144 794 1404 2085 2612 1762 3032 2044 1924 1490 1524 1706 2976 1856 3124 1932 2511 1599 0 2516 2608 2200 3295 1760 1176 1250 1084 
1824 3272 1506 1704 1778 6740 3402 2280 1842 3570 4105 960 1632 4820 4572 3344 3920 1084 1458 4119 6455 3940 3648 1022 1635 1832 1048 1068 3456 856 4156 1566 1738 2925 2680 1740 2340 1694 1665 4240 3610 4640 2700 2672 4108 6578 2308 4242 5845 6129 1412 4371 4369 1602 2376 4040 5148 3816 7360 540 1986 4065 2052 1668 4444 2061 1470 2084 1890 1352 2780 1184 2694 2954 1382 1590 1875 2616 1110 3714 786 1984 2206 1584 1722 2116 796 4246 1636 1956 1275 2516 0 1740 2142 1988 948 1294 1716 1710 
1953 2340 627 1160 1536 1608 2116 348 1256 1116 1704 1084 1880 1932 880 2172 1164 1084 1544 1392 1768 1980 2824 436 1653 660 1134 918 1836 980 2332 687 1200 2012 1884 1196 1461 1478 786 1868 1752 856 2108 140 284 1684 1308 2864 2416 1312 880 2228 608 1731 1832 2172 716 1372 1868 1772 1692 2440 1052 789 1108 1365 1228 1678 1640 852 2872 556 1815 2000 1038 1119 1338 1616 1234 2564 1656 1484 1734 1084 1136 1952 1240 1768 1472 1077 1509 2608 1740 0 788 2397 682 980 1494 1246 
2118 2560 792 1270 1386 4653 4182 852 1366 2880 3259 802 1316 3803 3389 2392 2988 1194 1654 2982 4854 2750 3044 546 1905 880 1244 1028 2715 698 3190 852 1368 2220 2220 1306 1626 1646 951 4980 2288 3411 1710 1518 2715 3927 1528 3894 4993 4914 1216 2943 3375 1896 1902 2850 3606 2388 4684 2214 2292 3325 1216 954 2532 1530 2172 1750 1808 962 2352 232 1980 2995 1034 876 1503 1836 1344 4176 1262 1566 1730 1166 1246 1164 1180 2871 684 1242 1266 2200 2142 788 0 2534 850 818 1490 1356 
2490 3698 1923 1502 1878 2654 2768 2049 1860 2489 3947 1348 2711 3560 2581 2798 2528 1884 1902 2964 3597 3284 4425 1300 2496 2489 1266 1496 2117 1244 3690 1983 1762 3120 2165 1538 1887 1336 2082 2859 2601 1541 3212 2537 2113 2696 1993 3616 3789 1593 2253 2972 1981 1929 2663 2987 2485 2772 3104 2204 2940 3125 1737 2040 1804 1803 2959 1970 2202 1144 3559 2302 2973 3273 1544 1641 384 1161 116 4160 1780 1776 2240 1376 1714 3025 1532 3114 3218 2067 2388 3295 1988 2397 2534 0 1244 1328 2000 1538 
1604 1506 874 1496 1774 1140 1360 566 1648 632 1462 1540 1396 1422 832 1364 656 1476 1846 1378 1340 1418 1868 892 1176 786 1436 1254 992 1436 1502 914 1274 1400 1016 1532 1430 1552 980 1236 1332 820 1448 752 598 1298 1046 1802 808 730 242 1352 378 1456 1372 1160 694 1022 1008 1056 920 1392 918 872 1010 1302 1070 1770 1240 1244 1892 734 1020 1456 1494 1202 988 1072 1360 1618 1734 1876 1860 1476 1472 1432 1632 958 1192 890 1462 1760 948 682 850 1244 0 1436 1950 1638 
1938 1802 1114 1766 1522 1410 1754 870 1952 1312 1568 1620 1476 1662 1136 1782 1336 1780 2240 1676 1580 1256 2108 1132 1856 1026 1830 1550 1672 1516 1798 1154 1954 1640 1696 1802 1670 2232 1220 1630 1390 720 1130 1050 838 872 946 1332 1192 1410 1194 1100 1058 1850 1452 1322 990 1318 1384 1310 1582 1512 642 1016 426 1202 1310 1970 1624 1144 1308 702 980 1346 1068 618 1184 1100 1444 1604 2080 1600 1764 1200 1768 1400 1532 1434 1160 1350 1340 1176 1294 980 818 1328 1436 0 1524 1538 
2176 2214 1628 2204 2194 1848 1932 1384 2466 1826 1348 1696 1552 2044 1650 2296 1702 2294 2418 2190 2094 1928 2622 1646 2080 1540 2008 1962 2186 1592 2210 1668 2320 1906 2210 2240 2184 2654 1734 1808 1590 1392 910 1564 1352 652 1618 1242 1562 1924 1708 1772 1572 2028 1528 1994 1402 1730 2056 1824 1568 2146 1314 1688 1098 1656 1226 2604 1130 1816 1382 1374 1774 1126 848 1290 1856 1772 2116 478 2502 2272 1544 1872 1344 1542 2204 2106 1832 1762 1120 1250 1716 1494 1490 2000 1950 1524 0 1992 
2200 2132 1380 2122 2208 1766 1956 1072 2154 1514 2036 1718 1574 1928 1338 2048 1520 1982 2442 1942 1846 1942 2374 1398 2058 1292 2032 1880 1802 1614 2128 1420 2138 1906 1826 2158 1936 2362 1486 1832 1612 818 1082 1316 1104 1340 1044 1930 1810 1540 1396 1786 1260 2052 1550 1888 1320 1648 1736 1818 1470 1610 916 1488 1112 336 1576 2068 2242 1242 952 1240 2022 866 1536 1304 1282 1198 1624 2244 2496 1874 2232 1474 2098 1560 1630 1786 1698 1680 872 1084 1710 1246 1356 1538 1638 1538 1992 0 
