0 2 0.63142
0 21 0.71937
0 39 0.86253
1 5 0.71045
1 30 0.9981
1 33 0.8211
1 35 0.85218
2 13 0.55628
2 18 0.6719
2 25 0.83633
2 38 0.96223
2 50 0.88287
2 59 0.50145
3 5 0.86663
3 28 0.68439
4 40 0.57036
4 51 0.83953
5 6 0.85861
5 9 0.59015
5 11 0.80426
5 15 0.74677
5 30 0.7745
5 35 0.85191
5 39 0.67059
5 47 0.69335
5 49 0.74528
5 51 0.88562
5 57 0.95776
5 59 0.89099
6 19 0.52192
6 22 0.56225
6 25 0.51887
6 26 0.97307
6 34 0.85301
6 39 0.9559
6 53 0.96578
6 58 0.76511
7 14 0.90219
7 39 0.67811
7 41 0.90747
7 56 0.51555
8 14 0.64462
8 15 0.7042
9 10 0.63588
9 46 0.55967
9 48 0.73587
9 49 0.6642
9 52 0.90689
9 59 0.93238
10 39 0.65766
10 43 0.66496
10 45 0.71282
10 54 0.56089
11 12 0.94872
12 13 0.80978
12 29 0.98594
12 54 0.99119
12 58 0.50703
13 14 0.57089
13 19 0.98058
13 39 0.70945
13 44 0.63943
13 54 0.5557
13 59 0.85159
14 17 0.73874
14 38 0.55009
14 39 0.58437
14 41 0.51723
14 50 0.71119
14 58 0.59765
15 49 0.74368
16 32 0.75134
16 39 0.67175
16 42 0.65922
16 44 0.66348
16 46 0.81664
16 49 0.71145
17 58 0.51122
17 59 0.52365
18 39 0.75578
18 50 0.84918
18 58 0.9683
19 23 0.87887
19 32 0.66951
19 43 0.74801
19 49 0.66573
19 54 0.71434
20 31 0.83806
20 44 0.53419
21 39 0.59095
21 44 0.62457
21 48 0.75572
21 50 0.85361
21 51 0.94421
22 30 0.81072
22 39 0.52368
23 25 0.96247
23 40 0.58647
24 47 0.63002
24 59 0.51825
25 49 0.52108
26 33 0.65962
26 50 0.78178
27 57 0.91532
27 59 0.53983
28 34 0.99123
28 36 0.81382
28 49 0.90444
28 52 0.61991
29 47 0.74284
29 58 0.92844
30 55 0.80054
30 56 0.64956
31 44 0.883
31 55 0.5236
33 38 0.84092
33 40 0.88267
33 49 0.59155
34 39 0.80979
34 40 0.67174
34 50 0.52108
36 39 0.67631
37 39 0.62591
37 49 0.6401
39 47 0.77623
39 59 0.68926
40 50 0.6187
40 54 0.97777
40 77 0.66674
41 43 0.73266
41 45 0.56965
41 46 0.91784
41 61 0.65909
41 62 0.96502
41 64 0.89167
41 65 0.81405
41 69 0.83876
41 73 0.61271
41 77 0.85687
41 78 0.65115
41 85 0.68731
41 86 0.64741
41 89 0.57985
41 92 0.56651
42 44 0.57823
42 45 0.90548
42 58 0.6212
42 90 0.92402
43 64 0.66096
43 93 0.97478
44 45 0.71037
44 56 0.70994
44 58 0.52125
44 66 0.8184
45 47 0.7649
45 50 0.62333
45 64 0.8297
45 74 0.92929
45 82 0.59339
45 85 0.59499
45 91 0.76124
45 98 0.73501
46 64 0.78271
47 64 0.58343
48 61 0.76811
48 68 0.836
48 72 0.92281
48 90 0.55783
48 96 0.64902
49 50 0.70201
49 53 0.51317
49 55 0.60375
49 57 0.56169
49 58 0.55461
49 76 0.90528
50 52 0.95122
50 59 0.94463
50 66 0.92788
50 92 0.7073
50 96 0.91186
50 97 0.53579
51 59 0.53395
51 64 0.7237
51 88 0.7497
52 56 0.88305
52 58 0.73576
52 60 0.91757
52 63 0.8087
52 64 0.53703
52 77 0.58274
52 87 0.76975
53 85 0.5296
54 66 0.88881
54 91 0.82125
55 58 0.94541
55 64 0.59062
56 57 0.87839
56 64 0.7772
56 72 0.62112
56 79 0.56995
56 89 0.86507
56 93 0.76301
57 58 0.70249
57 84 0.82773
58 64 0.54074
58 68 0.72664
58 69 0.80893
58 71 0.83419
58 73 0.75951
58 80 0.54597
58 87 0.98185
59 66 0.5325
59 74 0.8281
59 75 0.71294
59 79 0.78405
59 83 0.76867
59 86 0.71708
59 92 0.9614
59 99 0.66569
60 61 0.53525
60 68 0.5825
60 73 0.75866
60 74 0.70005
60 76 0.79719
60 92 0.73041
60 94 0.67508
60 99 0.60948
61 67 0.82483
61 81 0.58949
62 64 0.92174
62 81 0.54046
62 83 0.78034
63 64 0.76525
64 71 0.89859
64 75 0.93066
64 91 0.68369
64 92 0.5729
64 94 0.58478
64 95 0.58711
64 97 0.83843
65 73 0.79249
65 99 0.87493
66 73 0.60311
66 79 0.68487
66 92 0.81041
67 87 0.64734
68 79 0.73477
70 75 0.65221
70 88 0.63358
70 91 0.95272
70 99 0.54562
71 73 0.69863
72 97 0.51971
73 90 0.99756
73 92 0.62645
75 79 0.5146
76 77 0.97001
76 95 0.90659
78 95 0.95886
79 84 0.61232
79 98 0.81628
80 92 0.66279
82 87 0.58674
83 87 0.77176
87 88 0.76228
92 95 0.50603
