1 3 0.78326 4
1 19 0.91419 7
2 3 0.93783 6
2 10 0.63823 18
2 35 0.7039 14
2 38 0.66539 4
2 40 0.899 8
2 57 0.97079 8
3 10 0.73138 18
3 26 0.65207 5
3 35 0.56251 14
3 41 0.88899 11
4 13 0.67608 3
4 47 0.59855 9
5 10 0.63854 17
5 16 0.74426 3
5 28 0.66357 4
5 47 0.50976 10
6 16 0.56753 3
6 19 0.75012 7
6 48 0.67121 3
7 32 0.59496 5
7 35 0.7413 12
8 9 0.5567 4
8 10 0.78699 17
8 27 0.63003 7
8 32 0.81696 6
9 10 0.79841 17
9 28 0.81848 4
9 35 0.67339 13
9 36 0.7744 4
10 11 0.63315 16
10 15 0.50475 16
10 18 0.63623 17
10 19 0.64518 21
10 21 0.56558 19
10 22 0.55735 16
10 23 0.98288 16
10 26 0.7246 17
10 27 0.78671 20
10 28 0.60034 17
10 30 0.80249 16
10 31 0.66675 16
10 33 0.57304 16
10 34 0.67344 16
10 35 0.9183 26
10 37 0.65955 16
10 40 0.99888 20
10 41 0.56513 23
10 44 0.85747 17
10 46 0.59126 17
10 47 0.55793 23
10 55 0.93514 18
10 58 0.55652 17
10 59 0.78482 17
10 60 0.98558 18
11 47 0.75777 9
12 50 0.99139 5
12 60 0.82649 4
13 20 0.51272 3
13 26 0.50978 4
13 32 0.81881 6
13 35 0.76895 13
14 21 0.68089 5
14 35 0.78197 12
15 19 0.78184 7
16 35 0.96154 12
17 19 0.84206 7
17 40 0.6458 6
18 27 0.50839 7
18 47 0.75361 10
18 51 0.829 4
19 33 0.80059 7
19 35 0.63494 17
19 39 0.9066 7
19 40 0.59268 11
19 42 0.7753 7
19 51 0.59826 8
19 55 0.87079 9
20 35 0.74371 12
21 30 0.59711 5
21 37 0.69598 5
21 38 0.83153 5
21 40 0.92666 9
21 49 0.98963 6
21 54 0.84252 6
22 57 0.54341 6
23 54 0.99017 3
24 36 0.73386 2
24 53 0.66985 3
25 32 0.76357 5
25 35 0.72897 12
26 38 0.57425 3
27 28 0.51867 7
27 40 0.62069 10
27 44 0.91387 7
27 47 0.90875 13
27 52 0.50216 7
27 56 0.56393 8
27 59 0.74009 7
29 31 0.94487 3
29 35 0.66866 13
29 39 0.6996 3
29 50 0.71141 6
32 35 0.6319 15
32 49 0.98653 6
32 57 0.62073 9
32 58 0.7965 6
33 55 0.97882 5
34 40 0.81609 6
35 43 0.98703 14
35 45 0.76982 13
35 47 0.69399 19
35 48 0.98153 13
35 50 0.80681 15
35 54 0.51754 13
35 56 0.89491 14
35 59 0.55647 13
35 60 0.92832 14
36 47 0.5318 10
39 52 0.79524 4
40 45 0.83651 7
40 52 0.99764 8
40 53 0.51655 8
40 56 0.82926 9
41 47 0.90187 16
41 52 0.72667 10
41 54 0.65051 10
41 56 0.89811 11
41 59 0.97602 10
41 60 0.77693 11
41 68 0.59136 10
41 70 0.71413 17
41 75 0.71283 13
41 79 0.54031 11
41 81 0.57097 9
41 85 0.77793 12
41 93 0.62323 9
41 96 0.62243 9
42 55 0.55222 5
42 57 0.81291 6
43 47 0.89819 11
43 57 0.90176 8
43 74 0.65036 13
43 76 0.73279 5
43 84 0.94682 4
44 56 0.77912 5
44 74 0.98605 12
45 47 0.98495 10
45 94 0.63552 5
46 50 0.65985 6
46 74 0.79771 12
46 76 0.64906 4
47 53 0.88201 11
47 57 0.68253 13
47 58 0.89686 11
47 63 0.69727 9
47 66 0.95764 10
47 76 0.7253 11
48 73 0.90015 3
48 85 0.85818 6
49 70 0.72726 11
49 75 0.95206 7
50 57 0.77342 9
50 66 0.78525 6
50 80 0.60221 7
50 87 0.92174 5
51 69 0.66294 3
51 88 0.71582 3
52 70 0.52455 12
53 65 0.94707 5
53 99 0.5597 4
54 85 0.87729 6
55 61 0.81516 6
55 67 0.55018 4
55 70 0.50339 13
56 74 0.50843 14
56 86 0.73386 4
57 64 0.99587 6
57 70 0.61489 14
57 82 0.97825 6
58 70 0.55836 12
58 75 0.98242 7
59 100 0.86768 4
60 78 0.50353 4
60 79 0.94303 6
61 70 0.55105 12
61 74 0.72491 13
61 80 0.77268 5
61 90 0.89113 4
62 74 0.5351 12
62 78 0.56217 2
62 79 0.77648 4
63 70 0.79494 10
64 85 0.82043 5
65 69 0.59225 4
65 74 0.60273 13
65 85 0.73501 6
65 92 0.72324 3
66 68 0.56315 4
66 73 0.73435 3
67 74 0.51546 11
68 70 0.5844 12
68 83 0.55319 3
68 89 0.50501 3
69 70 0.83794 11
70 72 0.84322 11
70 74 0.97195 20
70 75 0.72965 14
70 76 0.99647 12
70 77 0.99856 10
70 85 0.64354 13
70 87 0.82108 10
70 99 0.56176 11
70 100 0.56879 11
71 75 0.87162 6
71 79 0.73244 4
72 74 0.59776 12
72 94 0.88445 4
73 94 0.89446 4
74 75 0.53513 15
74 76 0.68141 13
74 79 0.51499 13
74 80 0.57673 13
74 84 0.58912 11
74 88 0.71437 12
74 90 0.51223 12
74 94 0.78884 13
74 96 0.88137 11
74 98 0.75316 12
74 99 0.78671 12
75 83 0.58535 6
75 92 0.8857 6
75 97 0.59437 6
75 100 0.52582 7
79 89 0.77751 4
80 82 0.91471 4
80 86 0.8428 4
80 93 0.88901 4
81 85 0.66584 5
85 95 0.52113 5
88 94 0.70832 4
90 97 0.6512 2
91 98 0.6678 2
91 100 0.80212 3
94 98 0.81308 4
95 99 0.65059 3
