0 -3 0 0 -22 -3 -4 0 0 0 0 -5 0 0 0 
-2 -24 -5 -4 -13 -71 -257 -4 -3 -109 -9 -12 -2 -11 -1 
-3 -22 -8 -4 -65 -103 -158 -7 -7 -109 -6 -8 -5 -5 -1 
0 1 0 0 -5 1 17 0 0 0 0 -1 0 0 0 
0 -5 1 -1 0 21 -118 1 -1 -28 0 -8 -1 -3 0 
1 7 3 0 44 27 19 3 5 0 0 2 0 0 0 
0 0 0 0 -6 0 1 0 0 0 0 -1 0 0 0 
-2 -34 -3 -2 -97 -53 -346 -1 -3 -49 -2 -30 -1 -8 0 
0 -21 2 -2 -18 -6 -289 3 -1 -62 0 -22 -3 -7 0 
-7 -3 -170 -12 28 -561 50 -1828 -9 -36 -412 3 -48 -2 -1 
0 -6 0 0 -2 0 -142 0 0 -4 0 -11 0 -1 0 
6 19 27 0 135 195 24 56 5 0 0 3 0 0 0 
0 -2 0 0 -32 -4 -1 0 -2 0 0 -2 0 0 0 
0 1 0 0 -6 1 6 0 0 0 0 1 0 0 0 
0 -7 0 0 2 0 -157 0 0 -5 0 -11 0 -1 0 
0 1 0 0 -5 0 4 0 1 0 0 -2 0 0 0 
1 7 2 0 19 31 24 0 1 0 1 -3 0 0 0 
0 -4 1 -1 37 16 -121 1 3 -32 -1 -10 1 -1 -1 
0 0 1 -1 27 33 -106 5 7 -41 -1 -7 -3 -3 -1 
0 0 0 0 -7 0 1 0 0 0 0 -1 0 0 0 
1 -1 6 2 36 21 -149 15 2 10 10 -16 2 1 1 
0 -6 0 0 5 -6 -154 0 0 0 0 -12 0 0 0 
0 -7 0 0 -2 -7 -163 0 0 0 0 -12 0 0 0 
0 0 0 0 3 0 0 0 0 0 0 0 0 0 0 
0 0 0 0 -6 0 1 0 0 0 0 -1 0 0 0 
-2 -31 -4 -1 -97 -65 -348 -2 -5 -26 -2 -34 0 -3 0 
-7 -21 -33 -9 -119 -256 -49 -59 -16 -147 -35 3 -24 -10 -1 
-1 -25 0 -3 -50 6 -300 0 -2 -73 0 -27 -3 -9 0 
4 29 20 2 100 228 103 39 19 47 10 10 3 3 0 
1 1 2 0 25 36 -129 0 3 -8 1 -12 0 1 0 
6 33 20 7 186 244 -71 26 17 129 20 -13 8 8 2 
0 -1 0 0 -43 -1 10 0 -3 0 0 -4 0 0 0 
1 1 4 -1 49 68 -113 1 6 -37 2 -7 1 0 -1 
0 -7 0 0 -4 0 -156 0 0 -5 0 -12 0 -1 0 
0 -5 1 -1 37 -39 -90 14 -5 -42 -9 -4 -4 -7 -1 
0 1 0 0 -24 2 19 0 0 0 0 -3 0 0 0 
0 -6 0 0 4 0 -150 0 0 -8 0 -12 0 1 0 
1 4 3 0 -27 31 21 3 -2 0 0 -3 0 0 0 
0 4 0 0 26 4 17 0 2 0 0 1 0 0 0 
0 -6 2 -2 37 -3 -122 12 2 -47 -5 -6 -8 -7 1 
0 4 -4 4 64 43 -91 -47 -2 23 39 -13 7 -1 1 
1 7 3 0 24 40 24 2 3 1 1 2 0 -1 0 
0 8 0 0 32 26 38 0 2 4 0 -2 0 3 0 
0 -13 1 -1 -3 -15 -182 0 0 -12 2 -7 -2 -6 0 
0 6 0 0 6 15 52 0 1 -1 0 -2 0 1 0 
0 -7 0 0 24 -21 -165 0 0 0 0 -10 0 0 0 
1 -3 18 -1 42 89 -115 136 3 -45 3 -3 -2 -4 -1 
0 1 0 0 16 1 2 0 1 0 0 0 0 0 0 
1 9 4 0 30 70 33 5 2 1 1 3 0 0 0 
0 14 0 0 65 88 55 0 3 0 0 1 0 2 0 
2 15 9 0 71 103 43 16 4 0 0 1 0 0 0 
0 1 0 0 -3 -2 10 1 1 2 -2 -6 1 1 0 
0 2 0 0 -1 10 22 0 -1 0 0 -2 0 0 0 
0 1 0 0 2 4 2 0 0 0 0 5 0 0 0 
-1 -21 -4 -2 4 -108 -310 -5 1 -52 -8 -27 -1 -2 -1 
-1 -5 -4 -2 -24 -61 -12 -6 -7 -17 -7 1 -2 -3 0 
1 8 10 0 37 124 30 44 8 1 1 2 0 0 0 
-1 -25 -3 -1 -23 -98 -316 -2 -5 -30 -4 -23 0 -6 0 
0 -11 -1 1 12 -27 -179 -2 -5 5 2 -6 -1 -6 1 
1 10 6 0 64 132 -96 12 4 -10 3 2 0 -2 0 
1 5 4 1 32 49 10 3 5 7 6 1 1 1 0 
0 1 0 0 25 2 -1 0 0 0 0 2 0 0 0 
0 1 0 0 1 1 17 0 0 0 0 -1 0 0 0 
1 8 2 0 59 26 25 1 3 0 0 5 0 0 0 
1 6 4 1 53 31 -3 6 4 21 4 1 0 2 0 
2 14 7 2 72 95 54 9 5 19 6 4 1 2 0 
1 6 2 0 27 28 13 1 5 0 0 3 0 0 0 
0 5 0 0 42 14 4 0 3 0 0 7 0 0 0 
1 13 3 0 59 48 50 3 8 0 0 6 0 0 0 
0 4 0 0 25 43 13 0 11 3 0 1 0 2 0 
0 1 0 0 12 1 8 0 0 0 0 1 0 0 0 
1 15 3 0 64 59 66 1 10 3 2 9 0 1 0 
0 5 -1 1 27 -3 27 -1 0 11 1 2 0 1 0 
0 12 -2 2 35 172 28 -32 14 36 26 2 6 2 0 
1 10 9 1 28 118 23 32 9 15 12 3 1 3 0 
0 1 0 0 13 3 14 0 0 1 0 1 0 0 0 
0 0 0 0 4 0 0 0 0 0 0 0 0 0 0 
1 11 2 0 61 27 45 1 1 0 0 5 0 0 0 
0 2 0 0 33 5 -1 0 2 1 0 6 0 0 0 
1 13 4 2 77 78 41 6 5 20 7 5 2 1 0 
9 36 50 4 182 423 41 127 30 51 31 11 7 3 0 
0 2 0 0 21 2 12 0 0 0 0 2 0 0 0 
2 16 4 1 82 49 53 2 5 11 2 7 0 2 0 
6 27 23 4 117 236 43 32 14 55 18 2 6 4 0 
0 11 0 0 41 52 38 0 8 3 0 3 0 3 0 
0 0 0 0 8 0 0 0 0 0 0 0 0 0 0 
0 0 0 0 18 0 0 0 0 0 0 0 0 0 0 
0 7 0 0 43 7 33 0 1 3 0 4 0 1 0 
1 10 2 0 55 25 40 1 2 0 0 5 0 0 0 
0 1 0 0 17 1 0 0 0 1 0 3 0 0 0 
0 0 0 0 6 0 0 0 0 0 0 0 0 0 0 
0 2 0 0 16 2 11 0 0 0 0 2 0 0 0 
6 30 24 3 147 258 65 40 15 34 14 10 2 4 0 
5 21 36 4 155 274 25 101 13 31 37 5 7 2 0 
0 0 0 0 11 0 0 0 0 0 0 0 0 0 0 
0 0 0 0 16 0 -6 0 0 0 0 6 0 0 0 
0 1 0 0 11 1 8 0 0 0 0 1 0 0 0 
0 5 0 0 30 5 26 0 0 3 0 4 0 1 0 
0 0 0 0 18 0 -2 0 0 0 0 2 0 0 0 
0 1 0 0 2 2 6 0 0 1 0 2 0 0 0 
