0,0,0.78326,0,0,0,0,0,0,0,0,0,0,0,0,0,0,0,0.91419,0,0,0,0,0,0,0,0,0,0,0,0,0,0,0,0,0,0,0,0,0,0,0,0,0,0,0,0,0,0,0,0,0,0,0,0,0,0,0,0,0,0,0,0,0,0,0,0,0,0,0,0,0,0,0,0,0,0,0,0,0,0,0,0,0,0,0,0,0,0,0,0,0,0,0,0,0,0,0,0,0
0,0,0,0,0,0,0,0,0,0,0,0,0,0,0,0,0,0,0,0,0,0,0,0,0,0,0,0,0,0,0,0,0,0,-0.7039,0,0,-0.66539,0,-0.899,0,0,0,0,0,0,0,0,0,0,0,0,0,0,0,0,0.97079,0,0,0,0,0,0,0,0,0,0,0,0,0,0,0,0,0,0,0,0,0,0,0,0,0,0,0,0,0,0,0,0,0,0,0,0,0,0,0,0,0,0,0
0.78326,0,0,0,0,0,0,0,0,0.73138,0,0,0,0,0,0,0,0,0,0,0,0,0,0,0,0,0,0,0,0,0,0,0,0,-0.56251,0,0,0,0,0,0,0,0,0,0,0,0,0,0,0,0,0,0,0,0,0,0,0,0,0,0,0,0,0,0,0,0,0,0,0,0,0,0,0,0,0,0,0,0,0,0,0,0,0,0,0,0,0,0,0,0,0,0,0,0,0,0,0,0,0
0,0,0,0,0,0,0,0,0,0,0,0,0.67608,0,0,0,0,0,0,0,0,0,0,0,0,0,0,0,0,0,0,0,0,0,0,0,0,0,0,0,0,0,0,0,0,0,0.59855,0,0,0,0,0,0,0,0,0,0,0,0,0,0,0,0,0,0,0,0,0,0,0,0,0,0,0,0,0,0,0,0,0,0,0,0,0,0,0,0,0,0,0,0,0,0,0,0,0,0,0,0,0
0,0,0,0,0,0,0,0,0,0.63854,0,0,0,0,0,-0.74426,0,0,0,0,0,0,0,0,0,0,0,0.66357,0,0,0,0,0,0,0,0,0,0,0,0,0,0,0,0,0,0,-0.50976,0,0,0,0,0,0,0,0,0,0,0,0,0,0,0,0,0,0,0,0,0,0,0,0,0,0,0,0,0,0,0,0,0,0,0,0,0,0,0,0,0,0,0,0,0,0,0,0,0,0,0,0,0
0,0,0,0,0,0,0,0,0,0,0,0,0,0,0,0.56753,0,0,-0.75012,0,0,0,0,0,0,0,0,0,0.56306,0,0,0,0,0,0,0,0,0,0,0,0,0,0,0,0,0,0,-0.67121,0,0,0,0,0,0,0,0,0,0,0,0,0,0,0,0,0,0,0,0,0,0,0,0,0,0,0,0,0,0,0,0,0,0,0,0,0,0,0,0,0,0,0,0,0,0,0,0,0,0,0,0
0,0,0,0,0,0,0,0,0,0,0,0,0,0,0,0,0,0,0,0,0,0,0,0,0,0,0,0,0,0,0,0.59496,0,0,0.7413,0,0,0,0,0,0,0,0,0,0,0,0,0,0,0,0,0,0,0,0,0,0,0,0,0,0,0,0,0,0,0,0,0,0,0,0,0,0,0,0,0,0,0,0,0,0,0,0,0,0,0,0,0,0,0,0,0,0,0,0,0,0,0,0,0
0,0,0,0,0,0,0,0,-0.5567,0,0,0,0,0,0,0,0,0,0,0,0,0,0,0,0,0,0,0,0,0,0,-0.81696,0,0,0,0,0,0,0,0,0,0,0,0,0,0,0,0,0,0,0,0,0,0,0,0,0,0,0,0,0,0,0,0,0,0,0,0,0,0,0,0,0,0,0,0,0,0,0,0,0,0,0,0,0,0,0,0,0,0,0,0,0,0,0,0,0,0,0,0
0,0,0,0,0,0,0,-0.5567,0,0,0,0,0,0,0,0,0,0,0,0,0,0,0,0,0,0,0,-0.81848,0.56147,0,0,0,0,0,0.67339,-0.7744,0,0,0,0,0,0,0,0,0,0,0,0,0,0,0,0,0,0,0,0,0,0,0,0,0,0,0,0,0,0,0,0,0,0,0,0,0,0,0,0,0,0,0,0,0,0,0,0,0,0,0,0,0,0,0,0,0,0,0,0,0,0,0,0
0,0,0.73138,0,0.63854,0,0,0,0,0,-0.63315,0,0,0,-0.50475,0,0,-0.63623,0.64518,0,0.56558,-0.55735,0.98288,0,0,0,0.78671,0,0,0.80249,-0.66675,0,-0.57304,-0.67344,-0.81149,0,0.65955,0,0,-0.99888,0.56513,0,0,0.85747,0,0.59126,-0.55793,0,0,0,0,0,0,0,0,0,0,0,0.78482,-0.58801,0,0,0,0,0,0,0,0,0,0,0,0,0,0,0,0,0,0,0,0,0,0,0,0,0,0,0,0,0,0,0,0,0,0,0,0,0,0,0,0
0,0,0,0,0,0,0,0,0,-0.63315,0,0,0,0,0,0,0,0,0,0,0,0,0,0,0,0,0,0,0,0,0,0,0,0,0,0,0,0,0,0,0,0,0,0,0,0,-0.75777,0,0,0,0,0,0,0,0,0,0,0,0,0,0,0,0,0,0,0,0,0,0,0,0,0,0,0,0,0,0,0,0,0,0,0,0,0,0,0,0,0,0,0,0,0,0,0,0,0,0,0,0,0
0,0,0,0,0,0,0,0,0,0,0,0,0,0,0,0,0.9884,0,0,0,0,0,0,0,0,0,0,0.5861,0,0.77184,0,0,0,0,0,0,0,0.95597,0,0,0,0,0,0,0,0,0,0,0.58071,-0.99139,0.58141,0,0,0,0,0,0,0,0,-0.82649,0,0,0,0,0,0,0,0,0,0,0,0,0,0,0,0,0,0,0,0,0,0,0,0,0,0,0,0,0,0,0,0,0,0,0,0,0,0,0,0
0,0,0,0.67608,0,0,0,0,0,0,0,0,0,0,0,0,0,0,0,0.51272,0,0,0,0,0,-0.50978,0,0,0,0,0,0.81881,0,0,-0.76895,0,0,0,0,0,0,0,0,0,0,0,0,0,0,0,0,0,0,0,0,0,0,0,0,0,0,0,0,0,0,0,0,0,0,0,0,0,0,0,0,0,0,0,0,0,0,0,0,0,0,0,0,0,0,0,0,0,0,0,0,0,0,0,0,0
0,0,0,0,0,0,0,0,0,0,0,0,0,0,0,0,0,0,0,0,0.68089,0,0,0,0,0,0,0,0,0,0,0,0,0,-0.78197,0,0,0,0,0,0,0,0,0,0,0,0,0,0,0,0,0,0,0,0,0,0,0,0,0,0,0,0,0,0,0,0,0,0,0,0,0,0,0,0,0,0,0,0,0,0,0,0,0,0,0,0,0,0,0,0,0,0,0,0,0,0,0,0,0
0,0,0,0,0,0,0,0,0,-0.50475,0,0,0,0,0,0,0,0,-0.78184,0,0,0,0,0,0,0,0,0,0,0,0,0,0,0,0,0,0,0,0,0,0,0,0,0,0,0,0,0,0,0,0,0,0,0,0,0,0,0,0,0,0,0,0,0,0,0,0,0,0,0,0,0,0,0,0,0,0,0,0,0,0,0,0,0,0,0,0,0,0,0,0,0,0,0,0,0,0,0,0,0
0,0,0,0,-0.74426,0.56753,0,0,0,0,0,0,0,0,0,0,0,0,0,0,0,0,0,0,0,0,0,0,0,0,0,0,0,0,0.96154,0,0,0,0,0,0,0,0,0,0,0,0,0,0,0,0,0,0,0,0,0,0,0,0,0,0,0,0,0,0,0,0,0,0,0,0,0,0,0,0,0,0,0,0,0,0,0,0,0,0,0,0,0,0,0,0,0,0,0,0,0,0,0,0,0
0,0,0,0,0,0,0,0,0,0,0,0.9884,0,0,0,0,0,0,0.84206,0,0,0,0,0,0,0,0,0,0,0,0,0,0,0,0,0,0,0,0,-0.6458,0,0,0,0,0,0,0,0,0,0,0,0,0,0,0,0,0,0,0,0,0,0,0,0,0,0,0,0,0,0,0,0,0,0,0,0,0,0,0,0,0,0,0,0,0,0,0,0,0,0,0,0,0,0,0,0,0,0,0,0
0,0,0,0,0,0,0,0,0,-0.63623,0,0,0,0,0,0,0,0,0,0,0,0,0,0,0,0,0,0,0,0,-0.62993,0,0,0,0,0,0,0,0,0,0,0,0,0,0,0,0.75361,0,0,0,-0.829,0,0,0,0,0,0,0,0,0,0,0,0,0,0,0,0,0,0,0,0,0,0,0,0,0,0,0,0,0,0,0,0,0,0,0,0,0,0,0,0,0,0,0,0,0,0,0,0,0
0.91419,0,0,0,0,-0.75012,0,0,0,0.64518,0,0,0,0,-0.78184,0,0.84206,0,0,0,0,0,0,0,0,0,0,0,0,0,0,0,0.80059,0,0.63494,0,0,0,-0.9066,-0.59268,0,0.7753,0,0,0,0,0,0,0,0,-0.59826,0,0,0,0.87079,0,0,0,0,0,0,0,0,0,0,0,0,0,0,0,0,0,0,0,0,0,0,0,0,0,0,0,0,0,0,0,0,0,0,0,0,0,0,0,0,0,0,0,0,0
0,0,0,0,0,0,0,0,0,0,0,0,0.51272,0,0,0,0,0,0,0,0,0,0,0,0,0,0,0,0,0,0,0,0,0,-0.74371,0,0,0,0,0,0,0,0,0,0,0,0,0,0,0,0,0,0,0,0,0,0,0,0,0,0,0,0,0,0,0,0,0,0,0,0,0,0,0,0,0,0,0,0,0,0,0,0,0,0,0,0,0,0,0,0,0,0,0,0,0,0,0,0,0
0,0,0,0,0,0,0,0,0,0.56558,0,0,0,0.68089,0,0,0,0,0,0,0,0,0,0,0,0,0,0,0,-0.59711,0.50998,0,0,0,0,0,0.69598,0.83153,0,-0.92666,0,0,0,0,0,0,0,0,0.98963,0,0,0,0,0.84252,0,0,0,0,0,0,0,0,0,0,0,0,0,0,0,0,0,0,0,0,0,0,0,0,0,0,0,0,0,0,0,0,0,0,0,0,0,0,0,0,0,0,0,0,0,0
0,0,0,0,0,0,0,0,0,-0.55735,0,0,0,0,0,0,0,0,0,0,0,0,0,0,0,0,0,0,0,0,0,0,0,0,0,0,0,0,0,0,0,0,0,0,0,0,0,0,0,0,0,0,0,0,0,0,0.54341,0,0,0,0,0,0,0,0,0,0,0,0,0,0,0,0,0,0,0,0,0,0,0,0,0,0,0,0,0,0,0,0,0,0,0,0,0,0,0,0,0,0,0
0,0,0,0,0,0,0,0,0,0.98288,0,0,0,0,0,0,0,0,0,0,0,0,0,0,0,0,0,0,0,0,0,0,0,0,0,0,0,0,0,0,0,0,0,0,0,0,0,0,0,0,0,0,0,-0.99017,0,0,0,0,0,0,0,0,0,0,0,0,0,0,0,0,0,0,0,0,0,0,0,0,0,0,0,0,0,0,0,0,0,0,0,0,0,0,0,0,0,0,0,0,0,0
0,0,0,0,0,0,0,0,0,0,0,0,0,0,0,0,0,0,0,0,0,0,0,0,0,0,0,0,0,0,0,0,0,0,0,-0.73386,0,0,0,0,0,0,0,0,0,0,0,0,0,0,0,0,-0.66985,0,0,0,0,0,0,0,0,0,0,0,0,0,0,0,0,0,0,0,0,0,0,0,0,0,0,0,0,0,0,0,0,0,0,0,0,0,0,0,0,0,0,0,0,0,0,0
0,0,0,0,0,0,0,0,0,0,0,0,0,0,0,0,0,0,0,0,0,0,0,0,0,0,0,0,0,0,0,-0.76357,0,0,0.72897,0,0,0,0,0,0,0,0,0,0,0,0,0,0,0,0,0,0,0,0,0,0,0,0,0,0,0,0,0,0,0,0,0,0,0,0,0,0,0,0,0,0,0,0,0,0,0,0,0,0,0,0,0,0,0,0,0,0,0,0,0,0,0,0,0
0,0,0,0,0,0,0,0,0,0,0,0,-0.50978,0,0,0,0,0,0,0,0,0,0,0,0,0,0,0,0,0,0,0,0,0,0,0,0,0.57425,0,0,0,0,0,0,0,0,0,0,0,0,0,0,0,0,0,0,0,0,0,0,0,0,0,0,0,0,0,0,0,0,0,0,0,0,0,0,0,0,0,0,0,0,0,0,0,0,0,0,0,0,0,0,0,0,0,0,0,0,0,0
0,0,0,0,0,0,0,0,0,0.78671,0,0,0,0,0,0,0,0,0,0,0,0,0,0,0,0,0,0,0,0,0,0,0,0,0,0,0,0,0,0,0,0,0,0.91387,0,0,-0.90875,0,0,0,0,0,0,0,0,0,0,0,0,0,0,0,0,0,0,0,0,0,0,0,0,0,0,0,0,0,0,0,0,0,0,0,0,0,0,0,0,0,0,0,0,0,0,0,0,0,0,0,0,0
0,0,0,0,0.66357,0,0,0,-0.81848,0,0,0.5861,0,0,0,0,0,0,0,0,0,0,0,0,0,0,0,0,0,0,0,0,0,0,0,0,0,0,0,0,0,0,0,0,0,0,0,0,0,0,0,0,0,0,0,0,0,0,0,0,0,0,0,0,0,0,0,0,0,0,0,0,0,0,0,0,0,0,0,0,0,0,0,0,0,0,0,0,0,0,0,0,0,0,0,0,0,0,0,0
0,0,0,0,0,0.56306,0,0,0.56147,0,0,0,0,0,0,0,0,0,0,0,0,0,0,0,0,0,0,0,0,0,0.94487,0,0.58132,0,0.66866,0,0,0,0.6996,0,0,0,0,0,0,0,-0.71514,0,0,0.71141,0,0,0,0,0,0,0,0,0,0,0,0,0,0,0,0,0,0,0,0,0,0,0,0,0,0,0,0,0,0,0,0,0,0,0,0,0,0,0,0,0,0,0,0,0,0,0,0,0,0
0,0,0,0,0,0,0,0,0,0.80249,0,0.77184,0,0,0,0,0,0,0,0,-0.59711,0,0,0,0,0,0,0,0,0,0,0,0,0,0,0,0,0,0,0,0,0,0,0,0,0,0,0,0,0,0,0,0,0,0,0,0,0,0,0,0,0,0,0,0,0,0,0,0,0,0,0,0,0,0,0,0,0,0,0,0,0,0,0,0,0,0,0,0,0,0,0,0,0,0,0,0,0,0,0
0,0,0,0,0,0,0,0,0,-0.66675,0,0,0,0,0,0,0,-0.62993,0,0,0.50998,0,0,0,0,0,0,0,0.94487,0,0,0,0,0,0,0,0,0,0,0.52374,-0.78569,0,0,0,0,0,0,0,0,0,0,0,0,0,0,0,-0.88748,0,0.82855,0,0,0,0,0,0,0,0,0,0,0,0,0,0,0,0,0,0,0,0,0,0,0,0,0,0,0,0,0,0,0,0,0,0,0,0,0,0,0,0,0
0,0,0,0,0,0,0.59496,-0.81696,0,0,0,0,0.81881,0,0,0,0,0,0,0,0,0,0,0,-0.76357,0,0,0,0,0,0,0,0,0,0.6319,0,0,0,0,0,0,0,0,0,0,0,0,0,-0.98653,0,0,0,0,0,0,0,-0.62073,0.7965,0,0,0,0,0,0,0,0,0,0,0,0,0,0,0,0,0,0,0,0,0,0,0,0,0,0,0,0,0,0,0,0,0,0,0,0,0,0,0,0,0,0
0,0,0,0,0,0,0,0,0,-0.57304,0,0,0,0,0,0,0,0,0.80059,0,0,0,0,0,0,0,0,0,0.58132,0,0,0,0,0,0,0,0,0,0,0,0,0,0,0,0,0,0,0,0,0,0,0,0,0,0.97882,0,0,0,0,0,0,0,0,0,0,0,0,0,0,0,0,0,0,0,0,0,0,0,0,0,0,0,0,0,0,0,0,0,0,0,0,0,0,0,0,0,0,0,0,0
0,0,0,0,0,0,0,0,0,-0.67344,0,0,0,0,0,0,0,0,0,0,0,0,0,0,0,0,0,0,0,0,0,0,0,0,0,0,0,0,0,0.81609,0,0,0,0,0,0,0,0,0,0,0,0,0,0,0,0,0,0,0,0,0,0,0,0,0,0,0,0,0,0,0,0,0,0,0,0,0,0,0,0,0,0,0,0,0,0,0,0,0,0,0,0,0,0,0,0,0,0,0,0
0,-0.7039,-0.56251,0,0,0,0.7413,0,0.67339,-0.81149,0,0,-0.76895,-0.78197,0,0.96154,0,0,0.63494,-0.74371,0,0,0,0,0.72897,0,0,0,0.66866,0,0,0.6319,0,0,0,0,0,0,0,0,0,0,0.98703,0,-0.76982,0,0.69399,0.98153,0,-0.80681,0,0,0,0.51754,0,0.89491,0,0,-0.55647,0.92832,0,0,0,0,0,0,0,0,0,0,0,0,0,0,0,0,0,0,0,0,0,0,0,0,0,0,0,0,0,0,0,0,0,0,0,0,0,0,0,0
0,0,0,0,0,0,0,0,-0.7744,0,0,0,0,0,0,0,0,0,0,0,0,0,0,-0.73386,0,0,0,0,0,0,0,0,0,0,0,0,0,0,0,0,0,0,0,0,0,0,0.5318,0,0,0,0,0,0,0,0,0,0,0,0,0,0,0,0,0,0,0,0,0,0,0,0,0,0,0,0,0,0,0,0,0,0,0,0,0,0,0,0,0,0,0,0,0,0,0,0,0,0,0,0,0
0,0,0,0,0,0,0,0,0,0.65955,0,0,0,0,0,0,0,0,0,0,0.69598,0,0,0,0,0,0,0,0,0,0,0,0,0,0,0,0,0,0,0,0,0,0,0,0,0,0,0,0,0,0,0,0,0,0,0,0,0,0,0,0,0,0,0,0,0,0,0,0,0,0,0,0,0,0,0,0,0,0,0,0,0,0,0,0,0,0,0,0,0,0,0,0,0,0,0,0,0,0,0
0,-0.66539,0,0,0,0,0,0,0,0,0,0.95597,0,0,0,0,0,0,0,0,0.83153,0,0,0,0,0.57425,0,0,0,0,0,0,0,0,0,0,0,0,0,0,0,0,0,0,0,0,0,0,0,0,0,0,0,0,0,0,0,0,0,0,0,0,0,0,0,0,0,0,0,0,0,0,0,0,0,0,0,0,0,0,0,0,0,0,0,0,0,0,0,0,0,0,0,0,0,0,0,0,0,0
0,0,0,0,0,0,0,0,0,0,0,0,0,0,0,0,0,0,-0.9066,0,0,0,0,0,0,0,0,0,0.6996,0,0,0,0,0,0,0,0,0,0,0,0,0,0,0,0,0,0,0,0,0,0,-0.79524,0,0,0,0,0,0,0,0,0,0,0,0,0,0,0,0,0,0,0,0,0,0,0,0,0,0,0,0,0,0,0,0,0,0,0,0,0,0,0,0,0,0,0,0,0,0,0,0
0,-0.899,0,0,0,0,0,0,0,-0.99888,0,0,0,0,0,0,-0.6458,0,-0.59268,0,-0.92666,0,0,0,0,0,0,0,0,0,0.52374,0,0,0.81609,0,0,0,0,0,0,0,0,0,0,-0.83651,0,0,0,0,0,0,0.99764,-0.51655,0,0,0.82926,0,0,0,0,0,0,0,0,0,0,0,0,0,0,0,0,0,0,0,0,0,0,0,0,0,0,0,0,0,0,0,0,0,0,0,0,0,0,0,0,0,0,0,0
0,0,0,0,0,0,0,0,0,0.56513,0,0,0,0,0,0,0,0,0,0,0,0,0,0,0,0,0,0,0,0,-0.78569,0,0,0,0,0,0,0,0,0,0,0,0,0,0,0,-0.90187,0,0,0,0,-0.72667,0,0.65051,0,0.89811,0,0,0.97602,0.77693,0,0,0,0,0,0,0,-0.59136,0,0.71413,0,0,0,0,-0.71283,0,0,0,0.54031,0,-0.57097,0,0,0,-0.77793,0,0,0,0,0,0,0,0.62323,0,0,-0.62243,0,0,0,0
0,0,0,0,0,0,0,0,0,0,0,0,0,0,0,0,0,0,0.7753,0,0,0,0,0,0,0,0,0,0,0,0,0,0,0,0,0,0,0,0,0,0,0,0,0,0,0,0,0,0,0,0,0,0,0,0.55222,0,-0.81291,0,0,0,0,0,0,0,0,0,0,0,0,0,0,0,0,0,0,0,0,0,0,0,0,0,0,0,0,0,0,0,0,0,0,0,0.63887,0,0,0,0,0,0,0
0,0,0,0,0,0,0,0,0,0,0,0,0,0,0,0,0,0,0,0,0,0,0,0,0,0,0,0,0,0,0,0,0,0,0.98703,0,0,0,0,0,0,0,0,0,0,0,-0.89819,0,0,0,0,0,0,0,0,0,0.90176,0,0,0,0,0,0,0,0,0,0,0,0,0,0,0,0,0.65036,0,-0.73279,0,0,0,0,0,0,0,-0.94682,0,0,0,0,0,0,0,0,0,0,0,0,0,0,0,0
0,0,0,0,0,0,0,0,0,0.85747,0,0,0,0,0,0,0,0,0,0,0,0,0,0,0,0,0.91387,0,0,0,0,0,0,0,0,0,0,0,0,0,0,0,0,0,0,0,0,0,0,0,0,0,0,0,0,0.77912,0,0,0,0,0,0,0,0,0,0,0,0,0,0,0,0,0,-0.98605,0,0,0,0,0,0,0,0,0,0,0,0,0,0,0,0,0,0,0,0,0,0,0,0,0,0
0,0,0,0,0,0,0,0,0,0,0,0,0,0,0,0,0,0,0,0,0,0,0,0,0,0,0,0,0,0,0,0,0,0,-0.76982,0,0,0,0,-0.83651,0,0,0,0,0,0,-0.98495,0,0,0,0,0,0,0,0,0,0,0,0,0,0,0,0,0,0,0,0,0,0,0,0,0,0,0,0,0,0,0,0,0,0,0,0,0,0,0,0,0,0,0,0,0,0,-0.63552,0,0,0,0,0,0
0,0,0,0,0,0,0,0,0,0.59126,0,0,0,0,0,0,0,0,0,0,0,0,0,0,0,0,0,0,0,0,0,0,0,0,0,0,0,0,0,0,0,0,0,0,0,0,0,0,0,0.65985,0,0,0,0,0,0,0,0,0,0,0,0,0,0,0,0,0,0,0,0,0,0,0,0.79771,0,0.64906,0,0,0,0,0,0,0,0,0,0,0,0,0,0,0,0,0,0,0,0,0,0,0,0
0,0,0,0.59855,-0.50976,0,0,0,0,-0.55793,-0.75777,0,0,0,0,0,0,0.75361,0,0,0,0,0,0,0,0,-0.90875,0,-0.71514,0,0,0,0,0,0.69399,0.5318,0,0,0,0,-0.90187,0,-0.89819,0,-0.98495,0,0,0,0,0,0,0,0.88201,0,0,0,-0.68253,0.89686,0,0,0,0,-0.69727,0,0,0.95764,0,0,0,0,0,0,0,0,0,-0.7253,0,0,0,0,0,0,0,0,0,0,0,0,0,0,0,0,0,0,0,0,0,0,0,0
0,0,0,0,0,-0.67121,0,0,0,0,0,0,0,0,0,0,0,0,0,0,0,0,0,0,0,0,0,0,0,0,0,0,0,0,0.98153,0,0,0,0,0,0,0,0,0,0,0,0,0,0,0,0,0,0,0,0,0,0,0,0,0,0,0,0,0,0,0,0,0,0,0,0,0,0.90015,0,0,0,0,0,0,0,0,0,0,0,0.85818,0,0,0,0,0,0,0,0,0,0,0,0,0,0,0
0,0,0,0,0,0,0,0,0,0,0,0.58071,0,0,0,0,0,0,0,0,0.98963,0,0,0,0,0,0,0,0,0,0,-0.98653,0,0,0,0,0,0,0,0,0,0,0,0,0,0,0,0,0,0,0,0,0,0,0,0,0,0,0,0,0,0,0,0,0,0,0,0,0,-0.72726,0,0,0,0,-0.95206,0,0,0,0,0,0,0,0,0,0,0,0,0,0,0,0,0,0,0,0,0,0,0,0,0
0,0,0,0,0,0,0,0,0,0,0,-0.99139,0,0,0,0,0,0,0,0,0,0,0,0,0,0,0,0,0.71141,0,0,0,0,0,-0.80681,0,0,0,0,0,0,0,0,0,0,0.65985,0,0,0,0,0,0,0,0,0,0,-0.77342,0,0,0,0,0,0,0,0,0.78525,0,0,0,0,0,0,0,0,0,0,0,0,0,-0.60221,0,0,0,0,0,0,0.92174,0,0,0,0,0,0,0,0,0,0,0,0,0
0,0,0,0,0,0,0,0,0,0,0,0.58141,0,0,0,0,0,-0.829,-0.59826,0,0,0,0,0,0,0,0,0,0,0,0,0,0,0,0,0,0,0,0,0,0,0,0,0,0,0,0,0,0,0,0,0,0,0,0,0,0,0,0,0,0,0,0,0,0,0,0,0,0.66294,0,0,0,0,0,0,0,0,0,0,0,0,0,0,0,0,0,0,0.71582,0,0,0,0,0.86653,0,0,0,0,0,0,0
0,0,0,0,0,0,0,0,0,0,0,0,0,0,0,0,0,0,0,0,0,0,0,0,0,0,0,0,0,0,0,0,0,0,0,0,0,0,-0.79524,0.99764,-0.72667,0,0,0,0,0,0,0,0,0,0,0,0,0,0,0,0,0,0,0,0,0,0,0,0,0,0,0,0,0.52455,0,0,0,0,0,0,0,0,0,0,-0.51369,0,0,0,0,0,0,0,0,0,0,0,0,0,0,0,0,0,0,0
0,0,0,0,0,0,0,0,0,0,0,0,0,0,0,0,0,0,0,0,0,0,0,-0.66985,0,0,0,0,0,0,0,0,0,0,0,0,0,0,0,-0.51655,0,0,0,0,0,0,0.88201,0,0,0,0,0,0,0,0,0,0,0,0,0,0,0,0,0,0.94707,0,0,0,0,0,0,0,0,0,0,0,0,0,0,0,0,0,0,0,0,0,0,0,0,0,0,0,0,0,0,0,0,0,0.5597,0
0,0,0,0,0,0,0,0,0,0,0,0,0,0,0,0,0,0,0,0,0.84252,0,-0.99017,0,0,0,0,0,0,0,0,0,0,0,0.51754,0,0,0,0,0,0.65051,0,0,0,0,0,0,0,0,0,0,0,0,0,0,0,0,0,0,0,0,0,0,0,0,0,0,0,0,0,0,0,0,0,0,0,0,0,0,0,0,0,0,0,-0.87729,0,0,0,0,0,0,0,0,0,0,0,0,0,0,0
0,0,0,0,0,0,0,0,0,0,0,0,0,0,0,0,0,0,0.87079,0,0,0,0,0,0,0,0,0,0,0,0,0,0.97882,0,0,0,0,0,0,0,0,0.55222,0,0,0,0,0,0,0,0,0,0,0,0,0,0,0,0,0,0,0.81516,0,0,0,0,0,-0.55018,0,0,-0.50339,0,0,0,0,0,0,0,0,0,0,0,0,0,0,0,0,0,0,0,0,0,0,0,0,0,0,0,0,0,0
0,0,0,0,0,0,0,0,0,0,0,0,0,0,0,0,0,0,0,0,0,0,0,0,0,0,0,0,0,0,0,0,0,0,0.89491,0,0,0,0,0.82926,0.89811,0,0,0.77912,0,0,0,0,0,0,0,0,0,0,0,0,0,0,0,0,0,0,0,0,0,0,0,0,0,0,0,0,0,-0.50843,0,0,0,0,0,0,0,0,0,0,0,-0.73386,0,0,0,0,0,0,0,0,0,0,0,0,0,0
0,0.97079,0,0,0,0,0,0,0,0,0,0,0,0,0,0,0,0,0,0,0,0.54341,0,0,0,0,0,0,0,0,-0.88748,-0.62073,0,0,0,0,0,0,0,0,0,-0.81291,0.90176,0,0,0,-0.68253,0,0,-0.77342,0,0,0,0,0,0,0,0,0,0,0,0,0,0.99587,0,0,0,0,0,0.61489,0,0,0,0,0,0,0,0,0,0,0,-0.97825,0,0,0,0,0,0,0,0,0,0,0,0,0,0,0,0,0,0
0,0,0,0,0,0,0,0,0,0,0,0,0,0,0,0,0,0,0,0,0,0,0,0,0,0,0,0,0,0,0,0.7965,0,0,0,0,0,0,0,0,0,0,0,0,0,0,0.89686,0,0,0,0,0,0,0,0,0,0,0,0,0,0,0,0,0,0,0,0,0,0,-0.55836,0,0,0,0,-0.98242,0,0,0,0,0,0,0,0,0,0,0,0,0,0,0,0,0,0,0,0,0,0,0,0,0
0,0,0,0,0,0,0,0,0,0.78482,0,0,0,0,0,0,0,0,0,0,0,0,0,0,0,0,0,0,0,0,0.82855,0,0,0,-0.55647,0,0,0,0,0,0.97602,0,0,0,0,0,0,0,0,0,0,0,0,0,0,0,0,0,0,0,0,0,0,0,0,0,0,0,0,0,0,0,0,0,0,0,0,0,0,0,0,0,0,0,0,0,0,0,0,0,0,0,0,0,0,0,0,0,0,0.86768
0,0,0,0,0,0,0,0,0,-0.58801,0,-0.82649,0,0,0,0,0,0,0,0,0,0,0,0,0,0,0,0,0,0,0,0,0,0,0.92832,0,0,0,0,0,0.77693,0,0,0,0,0,0,0,0,0,0,0,0,0,0,0,0,0,0,0,0,0,0,0,0,0,0,0,0,0,0,0,0,0,0,0,0,-0.50353,0.94303,0,0,0,0,0,0,0,0,0,0,0,0,0,0,0.86277,0,0,0,0,0,0
0,0,0,0,0,0,0,0,0,0,0,0,0,0,0,0,0,0,0,0,0,0,0,0,0,0,0,0,0,0,0,0,0,0,0,0,0,0,0,0,0,0,0,0,0,0,0,0,0,0,0,0,0,0,0.81516,0,0,0,0,0,0,0,0,0,0,0,0,0,0,0.55105,0,0,0,-0.72491,0,0,0,0,0,0.77268,0,0,0,0,0,0,0,0,0,-0.89113,0,0,-0.56461,0,0,0,0,0,0,0
0,0,0,0,0,0,0,0,0,0,0,0,0,0,0,0,0,0,0,0,0,0,0,0,0,0,0,0,0,0,0,0,0,0,0,0,0,0,0,0,0,0,0,0,0,0,0,0,0,0,0,0,0,0,0,0,0,0,0,0,0,0,0,0,0,0,0,0,0,0,0,0,0,-0.5351,0,0,0,-0.56217,0.77648,0,0,0,0,0,0,0,0,0,0,0,0,0,0,0,0,0,0,0,0,0
0,0,0,0,0,0,0,0,0,0,0,0,0,0,0,0,0,0,0,0,0,0,0,0,0,0,0,0,0,0,0,0,0,0,0,0,0,0,0,0,0,0,0,0,0,0,-0.69727,0,0,0,0,0,0,0,0,0,0,0,0,0,0,0,0,0,0,0,0,0,0,-0.79494,0,0,0,0,0,0,0,0,0,0,0,0,0,0,0,0,0,0,0,0,0,0,0,0,0,0,0,0,0,0
0,0,0,0,0,0,0,0,0,0,0,0,0,0,0,0,0,0,0,0,0,0,0,0,0,0,0,0,0,0,0,0,0,0,0,0,0,0,0,0,0,0,0,0,0,0,0,0,0,0,0,0,0,0,0,0,0.99587,0,0,0,0,0,0,0,0,0,0,0,0,0,0,0,0,0,0,0,0,0,0,0,0,0,0,-0.84056,0.82043,0,0,0,0,0,0,0,0,0,0,0,0,0,0,0
0,0,0,0,0,0,0,0,0,0,0,0,0,0,0,0,0,0,0,0,0,0,0,0,0,0,0,0,0,0,0,0,0,0,0,0,0,0,0,0,0,0,0,0,0,0,0,0,0,0,0,0,0.94707,0,0,0,0,0,0,0,0,0,0,0,0,0,0,0,-0.59225,0,0,0,0,-0.60273,0,0,0,0,0,0,0,0,0,0.94525,0.73501,0,0,0,0,0,0,0.72324,0,0,0,0,0,0,0,0
0,0,0,0,0,0,0,0,0,0,0,0,0,0,0,0,0,0,0,0,0,0,0,0,0,0,0,0,0,0,0,0,0,0,0,0,0,0,0,0,0,0,0,0,0,0,0.95764,0,0,0.78525,0,0,0,0,0,0,0,0,0,0,0,0,0,0,0,0,0,0.56315,0,0,0,0,0.73435,0,0,0,0,0,0,0,0,0,0,0.84408,0,0,0,0,0,0,0,0,0,0.548,0,0,0,0,0,0
0,0,0,0,0,0,0,0,0,0,0,0,0,0,0,0,0,0,0,0,0,0,0,0,0,0,0,0,0,0,0,0,0,0,0,0,0,0,0,0,0,0,0,0,0,0,0,0,0,0,0,0,0,0,-0.55018,0,0,0,0,0,0,0,0,0,0,0,0,0,0,0,0,0,0,0.51546,0,0,0,0,0,0,0,0,0,0,0,0,0,0,0,0,0,0,-0.74204,0,0,0,0,0,0,0
0,0,0,0,0,0,0,0,0,0,0,0,0,0,0,0,0,0,0,0,0,0,0,0,0,0,0,0,0,0,0,0,0,0,0,0,0,0,0,0,-0.59136,0,0,0,0,0,0,0,0,0,0,0,0,0,0,0,0,0,0,0,0,0,0,0,0,0.56315,0,0,0,-0.5844,0,0,0,0,0,0,0,0,0,0,0,0,0.55319,0,0,0,0,0,-0.50501,0,0,0,0,0,0,0,0,0,0,0
0,0,0,0,0,0,0,0,0,0,0,0,0,0,0,0,0,0,0,0,0,0,0,0,0,0,0,0,0,0,0,0,0,0,0,0,0,0,0,0,0,0,0,0,0,0,0,0,0,0,0.66294,0,0,0,0,0,0,0,0,0,0,0,0,0,-0.59225,0,0,0,0,-0.83794,0,0,0,0,0,0,0,0,0,0,-0.82761,0,0,0,0,0,0,0,0,0,0,0,0,0,0,0,0,0,0,0
0,0,0,0,0,0,0,0,0,0,0,0,0,0,0,0,0,0,0,0,0,0,0,0,0,0,0,0,0,0,0,0,0,0,0,0,0,0,0,0,0.71413,0,0,0,0,0,0,0,-0.72726,0,0,0.52455,0,0,-0.50339,0,0.61489,-0.55836,0,0,0.55105,0,-0.79494,0,0,0,0,-0.5844,-0.83794,0,0,-0.84322,0,0.97195,-0.72965,0.99647,0.99856,0,0,0,0,0,0,0,-0.64354,0,0.82108,0,0,0,0,0,0,0,0,0,0,0,-0.56176,-0.56879
0,0,0,0,0,0,0,0,0,0,0,0,0,0,0,0,0,0,0,0,0,0,0,0,0,0,0,0,0,0,0,0,0,0,0,0,0,0,0,0,0,0,0,0,0,0,0,0,0,0,0,0,0,0,0,0,0,0,0,0,0,0,0,0,0,0,0,0,0,0,0,0,0,0,-0.87162,0,0,0,-0.73244,0,0,0,0,0,0,0,0,0,0,0,0,0,0,0,0,0,0,0,0,0
0,0,0,0,0,0,0,0,0,0,0,0,0,0,0,0,0,0,0,0,0,0,0,0,0,0,0,0,0,0,0,0,0,0,0,0,0,0,0,0,0,0,0,0,0,0,0,0,0,0,0,0,0,0,0,0,0,0,0,0,0,0,0,0,0,0,0,0,0,-0.84322,0,0,0,0.59776,0,0,0,0,0,0,-0.89192,0,0,0,0,0,0,0,0,0,0,0,0,0.88445,0,0,0,0,0,0
0,0,0,0,0,0,0,0,0,0,0,0,0,0,0,0,0,0,0,0,0,0,0,0,0,0,0,0,0,0,0,0,0,0,0,0,0,0,0,0,0,0,0,0,0,0,0,0.90015,0,0,0,0,0,0,0,0,0,0,0,0,0,0,0,0,0,0.73435,0,0,0,0,0,0,0,0,0,0,0,0,0,0,0,0,0,0,0,0,0,0,0,0,0,0,0,-0.93458,0,0,0,0,0,0
0,0,0,0,0,0,0,0,0,0,0,0,0,0,0,0,0,0,0,0,0,0,0,0,0,0,0,0,0,0,0,0,0,0,0,0,0,0,0,0,0,0,0.65036,-0.98605,0,0.79771,0,0,0,0,0,0,0,0,0,-0.50843,0,0,0,0,-0.72491,-0.5351,0,0,-0.60273,0,0.51546,0,0,0.97195,0,0.59776,0,0,-0.53513,-0.68141,0,0,0.51499,-0.57673,0,0,0,-0.58912,0,0,0,-0.71437,0,-0.51223,0,0,0,-0.78884,0,0.88137,0,0.75316,0.78671,0
0,0,0,0,0,0,0,0,0,0,0,0,0,0,0,0,0,0,0,0,0,0,0,0,0,0,0,0,0,0,0,0,0,0,0,0,0,0,0,0,-0.71283,0,0,0,0,0,0,0,-0.95206,0,0,0,0,0,0,0,0,-0.98242,0,0,0,0,0,0,0,0,0,0,0,-0.72965,-0.87162,0,0,-0.53513,0,0,0,0,0,0,0.81641,0,-0.58535,0,0,0,0,0,0,0,0,0.8857,0,0,0,0,0.59437,0,0,0.52582
0,0,0,0,0,0,0,0,0,0,0,0,0,0,0,0,0,0,0,0,0,0,0,0,0,0,0,0,0,0,0,0,0,0,0,0,0,0,0,0,0,0,-0.73279,0,0,0.64906,-0.7253,0,0,0,0,0,0,0,0,0,0,0,0,0,0,0,0,0,0,0,0,0,0,0.99647,0,0,0,-0.68141,0,0,0,0,0,0,0,0,0,0,0,0,0,0,0,0,0,0,0,0,0,0,0,0,0,0
0,0,0,0,0,0,0,0,0,0,0,0,0,0,0,0,0,0,0,0,0,0,0,0,0,0,0,0,0,0,0,0,0,0,0,0,0,0,0,0,0,0,0,0,0,0,0,0,0,0,0,0,0,0,0,0,0,0,0,0,0,0,0,0,0,0,0,0,0,0.99856,0,0,0,0,0,0,0,0,0,0,0,0,0,0,0,0,0,0,0,0,0,0,0,0,0,0,0,0,0,0
0,0,0,0,0,0,0,0,0,0,0,0,0,0,0,0,0,0,0,0,0,0,0,0,0,0,0,0,0,0,0,0,0,0,0,0,0,0,0,0,0,0,0,0,0,0,0,0,0,0,0,0,0,0,0,0,0,0,0,-0.50353,0,-0.56217,0,0,0,0,0,0,0,0,0,0,0,0,0,0,0,0,0,0,-0.69232,0,0,0,0,0,0,0,0,0,0,0,0,0,0,0,0,0,0,0
0,0,0,0,0,0,0,0,0,0,0,0,0,0,0,0,0,0,0,0,0,0,0,0,0,0,0,0,0,0,0,0,0,0,0,0,0,0,0,0,0.54031,0,0,0,0,0,0,0,0,0,0,0,0,0,0,0,0,0,0,0.94303,0,0.77648,0,0,0,0,0,0,0,0,-0.73244,0,0,0.51499,0,0,0,0,0,0,0,0,0,0,0,0,0,0,0.77751,0,0,0,0,0,0,0,0,0,0,0
0,0,0,0,0,0,0,0,0,0,0,0,0,0,0,0,0,0,0,0,0,0,0,0,0,0,0,0,0,0,0,0,0,0,0,0,0,0,0,0,0,0,0,0,0,0,0,0,0,-0.60221,0,0,0,0,0,0,0,0,0,0,0.77268,0,0,0,0,0,0,0,0,0,0,0,0,-0.57673,0,0,0,0,0,0,0.85369,-0.91471,0,0,0,0.8428,0,0,0,0,0,0,-0.88901,0,0,0,0,0,0,0
0,0,0,0,0,0,0,0,0,0,0,0,0,0,0,0,0,0,0,0,0,0,0,0,0,0,0,0,0,0,0,0,0,0,0,0,0,0,0,0,-0.57097,0,0,0,0,0,0,0,0,0,0,-0.51369,0,0,0,0,0,0,0,0,0,0,0,0,0,0,0,0,-0.82761,0,0,-0.89192,0,0,0.81641,0,0,-0.69232,0,0.85369,0,0,0,-0.75859,-0.66584,0,0,0,-0.57606,0,0,0,-0.85559,0,0,0,0,0,0,0
0,0,0,0,0,0,0,0,0,0,0,0,0,0,0,0,0,0,0,0,0,0,0,0,0,0,0,0,0,0,0,0,0,0,0,0,0,0,0,0,0,0,0,0,0,0,0,0,0,0,0,0,0,0,0,0,-0.97825,0,0,0,0,0,0,0,0,0,0,0,0,0,0,0,0,0,0,0,0,0,0,-0.91471,0,0,0,0,0,0,0,0,0,0,0,0,0,0,0,0,0,0,0,0
0,0,0,0,0,0,0,0,0,0,0,0,0,0,0,0,0,0,0,0,0,0,0,0,0,0,0,0,0,0,0,0,0,0,0,0,0,0,0,0,0,0,0,0,0,0,0,0,0,0,0,0,0,0,0,0,0,0,0,0,0,0,0,0,0,0,0,0.55319,0,0,0,0,0,0,-0.58535,0,0,0,0,0,0,0,0,-0.89003,0,0,0,0,0,0,0,0,0,-0.87108,0,0,0,0,0,0
0,0,0,0,0,0,0,0,0,0,0,0,0,0,0,0,0,0,0,0,0,0,0,0,0,0,0,0,0,0,0,0,0,0,0,0,0,0,0,0,0,0,-0.94682,0,0,0,0,0,0,0,0,0,0,0,0,0,0,0,0,0,0,0,0,-0.84056,0.94525,0.84408,0,0,0,0,0,0,0,-0.58912,0,0,0,0,0,0,-0.75859,0,-0.89003,0,0,0,0,0,0,0,0,0,0,-0.71469,0,0,0,0,0,0
0,0,0,0,0,0,0,0,0,0,0,0,0,0,0,0,0,0,0,0,0,0,0,0,0,0,0,0,0,0,0,0,0,0,0,0,0,0,0,0,-0.77793,0,0,0,0,0,0,0.85818,0,0,0,0,0,-0.87729,0,0,0,0,0,0,0,0,0,0.82043,0.73501,0,0,0,0,-0.64354,0,0,0,0,0,0,0,0,0,0,-0.66584,0,0,0,0,0,0,0,0,0,0,0,0,0,-0.52113,0,0,0,0,0
0,0,0,0,0,0,0,0,0,0,0,0,0,0,0,0,0,0,0,0,0,0,0,0,0,0,0,0,0,0,0,0,0,0,0,0,0,0,0,0,0,0,0,0,0,0,0,0,0,0,0,0,0,0,0,-0.73386,0,0,0,0,0,0,0,0,0,0,0,0,0,0,0,0,0,0,0,0,0,0,0,0.8428,0,0,0,0,0,0,0,0,0,0,0,0,0,0,0,0,0,0,0,0
0,0,0,0,0,0,0,0,0,0,0,0,0,0,0,0,0,0,0,0,0,0,0,0,0,0,0,0,0,0,0,0,0,0,0,0,0,0,0,0,0,0,0,0,0,0,0,0,0,0.92174,0,0,0,0,0,0,0,0,0,0,0,0,0,0,0,0,0,0,0,0.82108,0,0,0,0,0,0,0,0,0,0,0,0,0,0,0,0,0,0,0,0,0,0,0,0,0,0,0,0,0,0
0,0,0,0,0,0,0,0,0,0,0,0,0,0,0,0,0,0,0,0,0,0,0,0,0,0,0,0,0,0,0,0,0,0,0,0,0,0,0,0,0,0,0,0,0,0,0,0,0,0,0.71582,0,0,0,0,0,0,0,0,0,0,0,0,0,0,0,0,0,0,0,0,0,0,-0.71437,0,0,0,0,0,0,0,0,0,0,0,0,0,0,0,0,0,0,0,0.70832,0,0,0,0,0,0
0,0,0,0,0,0,0,0,0,0,0,0,0,0,0,0,0,0,0,0,0,0,0,0,0,0,0,0,0,0,0,0,0,0,0,0,0,0,0,0,0,0,0,0,0,0,0,0,0,0,0,0,0,0,0,0,0,0,0,0,0,0,0,0,0,0,0,-0.50501,0,0,0,0,0,0,0,0,0,0,0.77751,0,-0.57606,0,0,0,0,0,0,0,0,0,0,0,0,0,0,0,0,0,0,0
0,0,0,0,0,0,0,0,0,0,0,0,0,0,0,0,0,0,0,0,0,0,0,0,0,0,0,0,0,0,0,0,0,0,0,0,0,0,0,0,0,0,0,0,0,0,0,0,0,0,0,0,0,0,0,0,0,0,0,0,-0.89113,0,0,0,0,0,0,0,0,0,0,0,0,-0.51223,0,0,0,0,0,0,0,0,0,0,0,0,0,0,0,0,0,0,0,0,0,0,-0.6512,0,0,0
0,0,0,0,0,0,0,0,0,0,0,0,0,0,0,0,0,0,0,0,0,0,0,0,0,0,0,0,0,0,0,0,0,0,0,0,0,0,0,0,0,0,0,0,0,0,0,0,0,0,0,0,0,0,0,0,0,0,0,0,0,0,0,0,0,0,0,0,0,0,0,0,0,0,0,0,0,0,0,0,0,0,0,0,0,0,0,0,0,0,0,0,0,0,0,0,0,0.6678,0,-0.80212
0,0,0,0,0,0,0,0,0,0,0,0,0,0,0,0,0,0,0,0,0,0,0,0,0,0,0,0,0,0,0,0,0,0,0,0,0,0,0,0,0,0,0,0,0,0,0,0,0,0,0,0,0,0,0,0,0,0,0,0,0,0,0,0,0.72324,0,0,0,0,0,0,0,0,0,0.8857,0,0,0,0,0,0,0,0,0,0,0,0,0,0,0,0,0,0,0,0,0,0,0,0,0
0,0,0,0,0,0,0,0,0,0,0,0,0,0,0,0,0,0,0,0,0,0,0,0,0,0,0,0,0,0,0,0,0,0,0,0,0,0,0,0,0.62323,0.63887,0,0,0,0,0,0,0,0,0.86653,0,0,0,0,0,0,0,0,0,-0.56461,0,0,0,0,0,-0.74204,0,0,0,0,0,0,0,0,0,0,0,0,-0.88901,-0.85559,0,0,0,0,0,0,0,0,0,0,0,0,0.7733,0,0,0,0,0,0
0,0,0,0,0,0,0,0,0,0,0,0,0,0,0,0,0,0,0,0,0,0,0,0,0,0,0,0,0,0,0,0,0,0,0,0,0,0,0,0,0,0,0,0,-0.63552,0,0,0,0,0,0,0,0,0,0,0,0,0,0,0.86277,0,0,0,0,0,0.548,0,0,0,0,0,0.88445,-0.93458,-0.78884,0,0,0,0,0,0,0,0,-0.87108,-0.71469,0,0,0,0.70832,0,0,0,0,0.7733,0,0,0,0,-0.81308,0,0
0,0,0,0,0,0,0,0,0,0,0,0,0,0,0,0,0,0,0,0,0,0,0,0,0,0,0,0,0,0,0,0,0,0,0,0,0,0,0,0,0,0,0,0,0,0,0,0,0,0,0,0,0,0,0,0,0,0,0,0,0,0,0,0,0,0,0,0,0,0,0,0,0,0,0,0,0,0,0,0,0,0,0,0,-0.52113,0,0,0,0,0,0,0,0,0,0,0,0,0,-0.65059,0
0,0,0,0,0,0,0,0,0,0,0,0,0,0,0,0,0,0,0,0,0,0,0,0,0,0,0,0,0,0,0,0,0,0,0,0,0,0,0,0,-0.62243,0,0,0,0,0,0,0,0,0,0,0,0,0,0,0,0,0,0,0,0,0,0,0,0,0,0,0,0,0,0,0,0,0.88137,0,0,0,0,0,0,0,0,0,0,0,0,0,0,0,0,0,0,0,0,0,0,0,0,0,0
0,0,0,0,0,0,0,0,0,0,0,0,0,0,0,0,0,0,0,0,0,0,0,0,0,0,0,0,0,0,0,0,0,0,0,0,0,0,0,0,0,0,0,0,0,0,0,0,0,0,0,0,0,0,0,0,0,0,0,0,0,0,0,0,0,0,0,0,0,0,0,0,0,0,0.59437,0,0,0,0,0,0,0,0,0,0,0,0,0,0,-0.6512,0,0,0,0,0,0,0,0,0,0
0,0,0,0,0,0,0,0,0,0,0,0,0,0,0,0,0,0,0,0,0,0,0,0,0,0,0,0,0,0,0,0,0,0,0,0,0,0,0,0,0,0,0,0,0,0,0,0,0,0,0,0,0,0,0,0,0,0,0,0,0,0,0,0,0,0,0,0,0,0,0,0,0,0.75316,0,0,0,0,0,0,0,0,0,0,0,0,0,0,0,0,0.6678,0,0,-0.81308,0,0,0,0,0,0
0,0,0,0,0,0,0,0,0,0,0,0,0,0,0,0,0,0,0,0,0,0,0,0,0,0,0,0,0,0,0,0,0,0,0,0,0,0,0,0,0,0,0,0,0,0,0,0,0,0,0,0,0.5597,0,0,0,0,0,0,0,0,0,0,0,0,0,0,0,0,-0.56176,0,0,0,0.78671,0,0,0,0,0,0,0,0,0,0,0,0,0,0,0,0,0,0,0,0,-0.65059,0,0,0,0,0
0,0,0,0,0,0,0,0,0,0,0,0,0,0,0,0,0,0,0,0,0,0,0,0,0,0,0,0,0,0,0,0,0,0,0,0,0,0,0,0,0,0,0,0,0,0,0,0,0,0,0,0,0,0,0,0,0,0,0.86768,0,0,0,0,0,0,0,0,0,0,-0.56879,0,0,0,0,0.52582,0,0,0,0,0,0,0,0,0,0,0,0,0,0,0,-0.80212,0,0,0,0,0,0,0,0,0
