0 2
0 18
1 34
1 37
1 39
1 56
2 9
2 34
3 12
3 46
4 9
4 15
4 27
4 46
5 15
5 18
5 28
5 47
6 31
6 34
7 8
7 31
8 27
8 28
8 34
8 35
9 10
9 14
9 17
9 18
9 20
9 21
9 22
9 26
9 29
9 30
9 32
9 33
9 34
9 36
9 39
9 40
9 43
9 45
9 46
9 58
9 59
10 46
11 16
11 27
11 29
11 37
11 48
11 49
11 50
11 59
12 19
12 25
12 31
12 34
13 20
13 34
14 18
15 34
16 18
16 39
17 30
17 46
17 50
18 32
18 34
18 38
18 39
18 41
18 50
18 54
19 34
20 29
20 30
20 36
20 37
20 39
20 48
20 53
21 56
22 53
23 35
23 52
24 31
24 34
25 37
26 43
26 46
28 30
28 32
28 34
28 38
28 46
28 49
30 39
30 40
30 56
30 58
31 34
31 48
31 56
31 57
32 54
33 39
34 42
34 44
34 46
34 47
34 49
34 53
34 55
34 58
34 59
35 46
38 51
39 44
39 51
39 52
39 55
40 46
40 51
40 53
40 55
40 58
40 59
40 67
40 69
40 74
40 78
40 80
40 84
40 92
40 95
41 54
41 56
41 92
42 46
42 56
42 73
42 75
42 83
43 55
43 73
44 46
44 93
45 49
45 73
45 75
46 52
46 56
46 57
46 62
46 65
46 75
47 72
47 84
48 69
48 74
49 56
49 65
49 79
49 86
50 68
50 87
50 92
51 69
51 80
52 64
52 98
53 84
54 60
54 66
54 69
55 73
55 85
56 63
56 69
56 81
57 69
57 74
58 99
59 77
59 78
59 93
60 69
60 73
60 79
60 89
60 92
61 73
61 77
61 78
62 69
63 83
63 84
64 68
64 73
64 83
64 84
64 91
65 67
65 72
65 83
65 93
66 73
66 92
67 69
67 82
67 88
68 69
68 80
69 71
69 73
69 74
69 75
69 76
69 84
69 86
69 98
69 99
70 74
70 78
71 73
71 80
71 93
72 93
73 74
73 75
73 78
73 79
73 83
73 87
73 89
73 93
73 95
73 97
73 98
74 80
74 82
74 91
74 96
74 99
77 80
78 88
79 80
79 81
79 85
79 92
80 83
80 84
80 88
80 92
82 83
82 93
83 93
84 94
87 93
89 96
90 97
90 99
92 93
93 97
94 98
