2 13 1 0 100 9 48 0 2 0 0 8 0 0 0 
4 44 6 0 206 112 282 4 10 0 0 21 0 0 0 
3 42 2 1 140 39 371 0 2 33 1 29 0 4 0 
2 21 1 0 113 19 129 0 1 0 0 13 0 0 0 
4 41 5 1 166 82 308 2 2 27 2 24 0 5 0 
4 23 6 0 154 53 70 4 8 0 0 10 0 0 0 
2 26 0 1 109 0 194 0 0 22 0 11 0 2 0 
2 11 1 0 66 9 23 0 1 0 0 4 0 0 0 
5 31 9 1 151 92 196 7 3 22 3 11 0 2 0 
23 76 228 25 257 1317 265 1309 33 277 401 20 59 6 2 
2 37 0 1 139 0 306 0 0 27 0 24 0 5 0 
8 31 28 0 241 205 51 56 6 0 0 7 0 0 0 
5 27 8 2 122 62 176 5 1 40 4 10 1 2 0 
2 29 1 0 130 25 219 0 2 0 0 19 0 0 0 
2 31 0 1 115 0 231 0 0 25 0 24 0 3 0 
3 27 3 0 140 44 201 1 5 0 0 15 0 0 0 
3 26 2 1 130 31 93 0 1 17 1 9 0 1 0 
4 47 4 2 202 71 314 1 4 44 2 21 1 9 0 
12 64 59 7 207 551 364 159 17 105 52 25 9 7 0 
2 23 0 1 98 0 181 0 0 21 0 12 0 1 0 
9 44 31 5 227 233 187 56 10 89 22 19 5 5 1 
2 32 1 0 139 28 250 0 2 0 0 26 0 0 0 
2 26 1 0 118 20 211 0 3 0 0 26 0 0 0 
2 6 1 0 54 4 7 0 1 0 0 0 0 0 0 
2 26 0 1 109 0 194 0 0 22 0 11 0 2 0 
2 7 1 0 44 7 7 0 0 0 0 2 0 0 0 
3 38 1 2 159 18 287 0 0 48 0 24 1 5 0 
3 14 3 0 97 28 28 1 0 0 0 2 0 0 0 
8 58 25 3 251 285 295 41 21 73 12 24 3 3 0 
3 35 2 1 119 36 230 0 3 22 1 22 0 3 0 
8 65 21 7 290 274 300 26 18 129 20 25 8 8 2 
8 39 25 3 216 194 197 41 11 55 12 13 3 1 0 
4 41 4 2 177 68 247 1 6 35 2 26 1 4 0 
2 30 0 1 110 0 223 0 0 24 0 23 0 3 0 
22 92 217 14 301 1615 315 1283 59 173 234 18 23 13 0 
3 22 3 0 115 38 130 1 3 0 0 12 0 0 0 
2 28 0 1 98 0 209 0 0 22 0 22 0 3 0 
4 19 6 0 108 51 47 4 3 0 0 5 0 0 0 
3 22 3 0 159 36 70 1 4 0 0 12 0 0 0 
11 58 49 6 311 425 223 119 21 97 39 19 6 8 1 
16 101 105 15 390 1173 444 375 52 208 161 24 23 15 1 
4 31 5 1 189 71 107 2 4 12 2 10 0 1 0 
6 69 10 5 276 212 458 5 8 103 10 28 5 7 0 
4 45 4 2 192 82 348 0 4 43 4 39 0 1 0 
4 56 5 1 230 116 370 2 8 30 2 30 0 3 0 
4 51 5 1 222 123 385 2 4 18 2 41 0 2 0 
18 90 142 11 337 1229 394 664 46 185 128 31 24 12 0 
4 33 6 0 163 91 217 4 4 0 0 18 0 0 0 
5 48 9 1 214 156 225 7 5 18 3 17 0 4 0 
8 58 27 1 310 352 281 50 14 22 6 18 0 2 0 
6 33 15 0 223 155 91 20 5 0 0 13 0 0 0 
5 51 8 2 242 136 273 5 8 40 4 23 1 6 0 
5 36 10 0 207 136 175 10 4 0 0 19 0 0 0 
5 50 9 1 255 154 313 7 13 16 3 31 0 2 0 
6 36 12 3 218 125 163 9 6 39 10 18 1 2 0 
6 68 14 1 285 277 480 16 21 21 4 52 0 0 0 
11 69 54 1 355 602 314 156 34 16 9 35 0 2 0 
4 50 5 1 227 104 306 2 10 18 2 23 0 4 0 
5 60 6 4 240 113 419 2 7 95 5 33 2 9 1 
7 76 18 3 268 344 488 22 11 76 11 43 2 7 0 
6 48 10 5 169 126 263 5 6 92 10 20 5 5 0 
3 25 2 1 100 25 161 0 1 23 1 17 0 0 0 
2 35 1 0 159 27 265 0 4 0 0 24 0 0 0 
3 24 3 0 157 40 78 1 4 0 0 9 0 0 0 
6 40 14 1 193 157 197 16 9 21 4 19 0 2 0 
6 43 13 2 238 176 188 13 8 19 6 18 1 2 0 
3 32 3 0 135 50 198 1 7 0 0 23 0 0 0 
5 41 9 1 214 119 218 7 7 25 3 23 0 3 0 
4 38 6 0 176 94 199 4 10 0 0 19 0 0 0 
19 79 158 13 313 1158 239 775 42 162 167 19 27 9 0 
2 15 1 0 103 11 47 0 2 0 0 8 0 0 0 
4 54 4 2 172 80 346 1 10 48 2 24 1 7 0 
3 16 2 1 107 19 40 0 0 11 1 5 0 1 0 
21 69 193 17 330 1154 161 1034 36 136 269 10 27 9 0 
11 67 49 6 235 500 349 122 22 106 32 22 11 10 0 
5 55 6 4 248 116 371 2 6 78 4 25 4 7 0 
1 18 0 0 79 0 140 0 0 0 0 13 0 0 0 
3 18 3 0 147 32 52 1 2 0 0 9 0 0 0 
6 42 13 2 222 151 243 12 10 37 8 30 0 1 0 
7 45 18 3 214 210 222 22 8 38 11 19 2 3 0 
11 56 50 5 304 423 139 127 30 67 31 19 7 5 0 
2 16 1 0 110 14 56 0 1 0 0 4 0 0 0 
4 29 5 1 169 58 89 2 7 11 2 13 0 2 0 
8 50 23 5 214 236 204 32 14 76 18 18 6 5 0 
8 52 25 3 258 273 238 41 13 53 12 17 3 6 0 
2 11 1 0 109 9 21 0 1 0 0 4 0 0 0 
2 25 1 0 133 23 160 0 1 0 0 14 0 0 0 
3 33 2 1 120 36 201 0 1 22 1 16 0 3 0 
3 19 3 0 127 32 53 1 3 0 0 8 0 0 0 
3 24 2 1 104 23 161 0 1 19 1 16 0 2 0 
2 5 1 0 58 5 2 0 0 0 0 2 0 0 0 
2 15 1 0 103 13 48 0 1 0 0 7 0 0 0 
8 50 25 3 274 278 168 40 15 34 14 22 2 4 0 
11 46 48 7 280 345 153 112 13 83 43 17 10 3 0 
2 10 1 0 89 8 20 0 1 0 0 4 0 0 0 
2 35 1 0 160 27 263 0 4 0 0 32 0 0 0 
2 12 1 0 87 10 39 0 1 0 0 7 0 0 0 
3 29 2 1 94 30 191 0 0 22 1 16 0 3 0 
4 41 5 1 152 83 293 2 2 28 2 20 0 4 0 
4 31 5 1 179 63 165 2 2 18 2 13 0 4 0 
