2 16 1 0 122 12 52 0 2 0 0 13 0 0 0 
6 68 11 4 219 183 539 8 13 109 9 33 2 11 1 
6 64 10 5 205 142 529 7 9 142 7 37 5 9 1 
2 20 1 0 118 18 112 0 1 0 0 14 0 0 0 
4 46 4 2 166 61 426 1 3 55 2 32 1 8 0 
3 16 3 0 110 26 51 1 3 0 0 8 0 0 0 
2 26 0 1 115 0 193 0 0 22 0 12 0 2 0 
4 45 4 2 163 62 369 1 4 49 2 34 1 8 0 
5 52 7 3 169 98 485 4 4 84 3 33 3 9 0 
30 79 398 37 229 1878 215 3137 42 313 813 17 107 8 3 
2 43 0 1 141 0 448 0 0 31 0 35 0 6 0 
2 12 1 0 106 10 27 0 1 0 0 4 0 0 0 
5 29 8 2 154 66 177 5 3 40 4 12 1 2 0 
2 28 1 0 136 24 213 0 2 0 0 18 0 0 0 
2 38 0 1 113 0 388 0 0 30 0 35 0 4 0 
3 26 3 0 145 44 197 1 4 0 0 17 0 0 0 
2 19 0 1 111 0 69 0 0 17 0 12 0 1 0 
4 51 3 3 165 55 435 0 1 76 3 31 0 10 1 
12 64 58 8 180 518 470 154 10 146 53 32 12 10 1 
2 23 0 1 105 0 180 0 0 21 0 13 0 1 0 
8 45 25 3 191 212 336 41 8 79 12 35 3 4 0 
2 38 1 0 134 34 404 0 2 0 0 38 0 0 0 
2 33 1 0 120 27 374 0 3 0 0 38 0 0 0 
2 6 1 0 51 4 7 0 1 0 0 0 0 0 0 
2 26 0 1 115 0 193 0 0 22 0 12 0 2 0 
4 38 5 1 141 72 355 2 5 26 2 36 0 3 0 
10 59 34 11 278 274 336 59 16 195 35 21 25 15 1 
4 39 3 3 147 22 328 1 2 73 0 29 3 9 0 
4 29 5 1 151 57 192 2 2 26 2 14 0 0 0 
2 34 0 1 94 0 359 0 0 30 0 34 0 2 0 
2 32 1 0 104 30 371 0 1 0 0 38 0 0 0 
8 40 25 3 259 195 187 41 14 55 12 17 3 1 0 
3 40 0 3 128 0 360 0 0 72 0 33 0 4 1 
2 37 0 1 114 0 379 0 0 29 0 35 0 4 0 
22 97 216 15 264 1654 405 1269 64 215 243 22 27 20 1 
3 21 3 0 139 36 111 1 3 0 0 15 0 0 0 
2 34 0 1 94 0 359 0 0 30 0 34 0 2 0 
3 15 3 0 135 20 26 1 5 0 0 8 0 0 0 
3 18 3 0 133 32 53 1 2 0 0 11 0 0 0 
11 64 47 8 274 428 345 107 19 144 44 25 14 15 0 
16 97 109 11 326 1130 535 422 54 185 122 37 16 16 0 
3 24 2 1 165 31 83 0 1 11 1 8 0 2 0 
6 61 10 5 244 186 420 5 6 99 10 30 5 4 0 
4 58 3 3 195 97 530 0 4 55 2 46 2 7 0 
4 50 5 1 224 101 318 2 7 31 2 32 0 2 0 
4 58 5 1 198 144 550 2 4 18 2 51 0 2 0 
17 93 124 12 295 1140 509 528 43 230 125 34 26 16 1 
4 32 6 0 147 90 215 4 3 0 0 18 0 0 0 
4 39 5 1 184 86 192 2 3 17 2 14 0 4 0 
8 44 27 1 245 264 226 50 11 22 6 17 0 0 0 
4 18 6 0 152 52 48 4 1 0 0 12 0 0 0 
5 50 8 2 245 138 263 4 7 38 6 29 0 5 0 
5 34 10 0 208 126 153 10 5 0 0 21 0 0 0 
5 49 9 1 253 150 311 7 13 16 3 26 0 2 0 
7 57 16 5 214 233 473 14 5 91 18 45 2 4 1 
7 73 18 3 309 338 492 22 28 38 11 51 2 3 0 
10 61 44 1 318 478 284 112 26 15 8 33 0 2 0 
5 75 8 2 250 202 622 4 15 48 6 46 0 10 0 
5 71 7 3 228 140 598 4 12 90 3 39 3 15 0 
6 66 12 3 204 212 584 10 7 86 8 41 2 9 0 
5 43 6 4 137 77 253 2 1 85 4 19 4 4 0 
3 24 2 1 75 23 162 0 1 23 1 15 0 0 0 
2 34 1 0 158 26 248 0 4 0 0 25 0 0 0 
2 16 1 0 98 14 53 0 1 0 0 4 0 0 0 
5 34 10 0 140 126 200 10 5 0 0 18 0 0 0 
4 29 6 0 166 81 134 4 3 0 0 14 0 0 0 
2 26 1 0 108 22 185 0 2 0 0 20 0 0 0 
5 36 9 1 172 105 214 7 4 25 3 16 0 3 0 
3 25 3 0 117 46 149 1 2 0 0 13 0 0 0 
19 75 158 13 288 1115 226 775 31 159 167 18 27 7 0 
2 14 1 0 91 10 39 0 2 0 0 7 0 0 0 
3 39 1 2 108 21 280 0 0 45 0 15 1 6 0 
3 11 3 0 80 22 13 1 0 0 0 3 0 0 0 
21 57 195 15 295 982 133 1066 22 100 243 8 21 7 0 
10 57 40 5 207 382 326 90 13 91 20 19 10 7 0 
5 54 6 4 235 113 357 2 6 77 4 24 4 7 0 
1 18 0 0 75 0 140 0 0 0 0 13 0 0 0 
2 7 1 0 86 5 7 0 1 0 0 4 0 0 0 
6 40 13 2 189 146 244 12 8 36 8 24 0 1 0 
6 32 14 1 137 132 181 16 3 18 4 14 0 2 0 
2 20 0 1 122 0 98 0 0 16 0 8 0 2 0 
2 14 1 0 89 12 44 0 1 0 0 2 0 0 0 
2 13 1 0 87 9 36 0 2 0 0 6 0 0 0 
2 23 0 1 97 0 161 0 0 21 0 16 0 1 0 
8 41 25 3 217 221 200 41 5 50 12 14 3 3 0 
2 11 1 0 101 9 21 0 1 0 0 4 0 0 0 
2 25 1 0 115 23 160 0 1 0 0 14 0 0 0 
3 26 2 1 77 29 168 0 0 19 1 12 0 2 0 
2 9 1 0 72 7 13 0 1 0 0 3 0 0 0 
3 23 2 1 87 22 161 0 1 18 1 13 0 2 0 
2 5 1 0 52 5 2 0 0 0 0 2 0 0 0 
2 13 1 0 87 11 37 0 1 0 0 5 0 0 0 
2 20 1 0 127 20 103 0 0 0 0 12 0 0 0 
6 25 12 3 125 71 128 11 0 52 6 12 3 1 0 
2 10 1 0 78 8 20 0 1 0 0 4 0 0 0 
2 35 1 0 144 27 269 0 4 0 0 26 0 0 0 
2 11 1 0 76 9 31 0 1 0 0 6 0 0 0 
3 24 2 1 64 25 165 0 0 19 1 12 0 2 0 
4 41 5 1 134 83 295 2 2 28 2 18 0 4 0 
4 30 5 1 177 61 159 2 2 17 2 11 0 4 0 
