0 724 552 2006 1588 858 1626 1304 1280 762 1596 1256 1504 1540 790 1094 652 1570 236 1620 966 1702 810 2212 1626 1356 1306 1644 1212 1270 1366 1032 642 1242 986 1850 1554 1408 492 764 852 804 1022 1142 1162 1658 1120 1038 994 1280 1122 770 1438 838 582 1130 806 1178 920 802 1062 1526 1784 816 1586 1238 1530 1748 1684 1258 1472 1672 1310 1180 1128 1268 631 1798 960 1102 1774 868 2032 1170 1168 1516 1496 1812 1524 1358 1784 1438 1402 1596 2148 1500 2020 1796 1724 1274 
724 0 516 1514 2208 1815 1026 1640 1990 834 1112 678 2420 940 1272 741 1090 2216 2412 1020 1434 1038 326 1720 1050 1900 2466 2320 2324 786 1056 1632 777 754 1158 2049 1070 1173 1209 828 1416 849 1050 1316 1340 2348 1884 876 1012 1962 3112 705 2365 1421 1374 2016 246 1725 1350 954 2345 1563 1300 92 2735 1492 1406 3420 1800 2322 984 1782 1065 2088 1920 1960 389 1314 1428 2268 1340 144 1544 498 1742 792 870 2082 1040 1851 1404 950 678 3345 1540 1016 1532 1968 2480 1788 
552 516 0 1454 2552 2073 1198 1984 2420 1350 1174 850 2850 1112 1342 999 1204 2364 2552 1192 1950 1210 498 1660 1222 1608 2454 2664 2668 958 1228 2148 1035 926 1674 2304 1242 1431 1467 1344 900 1107 1566 1660 1220 2692 1704 1220 1356 2478 3260 1135 2215 1851 1890 1734 762 2120 920 1470 2775 1821 1292 264 2585 1372 1578 2990 2058 2838 1156 2040 1323 2604 2436 2390 475 1486 1944 2550 1222 316 1716 670 2258 964 1042 2340 1212 2109 1232 1122 850 3861 1712 1150 1704 2226 2824 1444 
2006 1514 1454 0 1876 2024 1840 1710 1878 1360 1492 1574 762 1754 2354 1308 2172 1500 1886 1750 1300 2300 1408 1978 1828 1752 1136 2118 1976 1868 2130 1234 1600 1836 1200 1854 2026 1742 1888 1358 1154 1916 1164 1372 928 1930 886 1252 1272 1550 1948 1364 1204 1436 1540 1432 1432 1166 1222 1398 2020 2122 1610 1442 1352 1004 2394 1936 1914 1488 1560 1902 1524 1410 1216 1498 746 2394 1556 1728 2076 1494 2120 1312 1630 2086 1766 2102 2120 2316 2086 1526 2004 1758 2610 1730 2108 2026 1954 1576 
1588 2208 2552 1876 0 2340 1382 2736 2512 1652 1596 1264 2770 1296 1820 951 1642 3208 2704 1376 2060 1766 874 2082 1406 2996 2480 1568 3156 1334 1604 2192 1599 1306 1638 2739 1618 2208 2037 1656 2516 2295 1710 2412 2064 3444 1980 1742 2116 2532 4104 1668 2616 2076 2012 2179 2162 2484 2652 1732 2972 2385 1714 1056 2912 2216 1954 4080 2622 2644 1536 2496 1599 2488 2384 2664 663 1862 2048 2754 1952 1108 2096 926 2374 1682 1456 2904 1588 2673 2190 1502 1642 2919 2152 1564 2084 2754 3576 3360 
858 1815 2073 2024 2340 0 1464 2385 2349 1572 1744 1346 2109 1378 1176 1389 1038 2628 933 1458 1878 1988 1096 2230 1488 2580 2082 2895 2397 1556 1752 1977 1542 1528 1236 3159 1840 2541 1317 1575 2082 1785 1290 2142 1770 2916 1707 1158 1920 1983 2262 1584 2184 1686 1452 1665 1692 2127 2184 1533 2172 2619 1862 1138 2406 1884 1916 3282 2928 2289 1758 2463 1566 2199 2121 2274 765 2018 1770 2136 1930 1190 2318 1008 1725 1764 1538 3051 1744 2616 2320 1724 1724 1995 2130 1786 2306 2721 3015 2715 
1626 1026 1198 1840 1382 1464 0 1366 1382 864 1560 1162 1222 1194 1858 748 1680 1568 1390 1274 956 1804 912 2046 1304 1536 1204 1746 1416 1372 1570 890 1104 1344 640 1922 1656 1398 1396 866 1204 1428 676 1244 996 1760 954 692 928 1138 2016 872 1272 940 1044 926 944 1112 1272 838 1524 1562 1678 954 1420 1072 1992 2004 1768 1342 1406 1562 964 1282 1062 1332 673 1834 996 1240 1850 1006 1966 824 1070 1580 1354 1954 1560 1820 2136 1372 1540 1250 2050 1602 1954 1734 1826 1626 
1304 1640 1984 1710 2736 2385 1366 0 1880 1084 1376 1036 1896 1296 1536 1311 1358 2744 2136 1400 1084 1482 590 2070 1070 2428 1676 2824 2982 1050 1320 952 1173 1022 1532 2265 1268 1476 1611 1088 2292 2079 1604 1844 1948 2876 1956 1636 1028 2120 3640 1100 2592 1406 1444 1980 1804 1396 2180 1164 2404 1959 1564 912 2888 2192 1670 3884 2196 2076 992 2178 1635 1920 1296 2096 521 1578 1480 2396 1728 964 1552 950 2020 1612 1276 2478 1304 2247 1954 958 1498 2813 1928 1280 1540 2364 3008 2888 
1280 1990 2420 1878 2512 2349 1382 1880 0 1295 1352 1012 3150 1296 1512 1275 1334 2696 2610 1376 1805 1458 566 1224 1382 2380 2655 944 2934 1026 1296 1970 1137 998 1855 855 1310 1746 1575 1300 2805 2043 1945 1796 1900 2828 2480 1588 1500 2692 3592 1315 3275 2029 1745 2415 2195 2335 2665 1395 2945 1923 1540 888 3645 2220 1646 4795 2160 2535 1228 2142 1599 2340 2210 2560 509 1554 1790 3224 1704 940 1788 926 2558 1588 1252 2442 1280 2211 1930 1194 1474 3502 1904 1256 1776 2328 2960 2840 
762 834 1350 1360 1652 1572 864 1084 1295 0 834 494 1855 778 994 498 816 1660 3495 858 816 940 48 1566 864 1344 2720 1764 1898 508 778 1828 360 480 2464 1632 792 969 798 11 4862 1266 780 760 864 1792 4349 552 464 2480 2556 20 1980 734 630 1568 1968 1040 1370 120 1650 1146 1022 370 2350 1184 1128 3500 1383 6139 710 1365 822 6948 2706 1265 250 1036 594 2546 1186 422 1270 408 2244 1070 734 1665 762 1434 1412 676 956 2685 1386 738 1258 1551 1924 1804 
1596 1112 1174 1492 1596 1744 1560 1376 1352 834 0 1294 1502 1474 1828 1028 1650 1220 1360 1554 1038 1774 882 1698 1584 1506 856 1716 1696 1342 1612 1104 1074 1314 920 1574 1626 1480 1366 836 874 1636 884 1092 648 1650 606 972 1066 1270 1668 842 924 910 1014 1152 1152 886 942 874 1494 1598 1330 1162 1072 724 1962 1656 1634 1208 1280 1622 1244 1130 936 1218 606 1870 1032 1448 1796 1214 1840 1032 1240 1806 1486 1822 1596 1790 1806 1246 1724 1478 2220 1450 1828 1746 1674 1296 
1256 678 850 1574 1264 1346 1162 1036 1012 494 1294 0 1104 1076 1488 630 1310 1302 1020 1156 698 1434 542 1780 1186 1166 938 1376 722 1002 876 764 734 974 522 1582 1286 1140 1026 496 956 1080 558 822 730 814 688 574 726 24 1750 502 1006 570 674 808 596 910 1024 454 1154 1178 1232 606 1154 570 1622 1502 1132 706 1204 1120 846 784 860 716 355 1450 612 892 1680 658 1764 706 900 1306 240 1476 1176 1450 1888 1170 1192 1132 1880 1104 1752 1400 1328 1378 
1504 2420 2850 762 2770 2109 1222 1896 3150 1855 1502 1104 0 1136 1736 1035 1554 3020 3170 988 1345 1682 790 1988 1066 1980 2865 3248 2716 1250 1512 1180 1473 1218 1455 2745 1264 1470 1905 1850 2865 2055 1545 2244 1876 3276 2240 1268 1020 2700 3916 1865 3035 2181 2305 2170 2215 1735 3035 1950 3505 2256 1620 896 3405 2028 1870 4913 2406 2945 988 2256 1359 2900 1610 2970 591 1776 2345 3332 1792 948 1548 766 2530 1522 1296 2778 1502 2547 2078 954 1482 3486 1992 1480 1536 2514 3408 3136 
1540 940 1112 1754 1296 1378 1194 1296 1296 778 1474 1076 1136 0 1772 662 1594 1482 1304 1188 754 1718 826 1960 1218 1450 1118 1660 1330 1286 1484 820 1018 1258 554 1836 1480 1196 1310 780 1118 1342 590 1158 910 1674 868 606 782 1052 1930 786 1186 854 958 840 858 966 1186 752 1438 1476 1592 868 1334 986 1906 1918 1682 1256 1260 1476 878 1196 916 1246 630 1748 910 1154 1764 920 1820 738 984 1494 1268 1868 1474 1734 2050 1226 1454 1164 1964 1516 1808 1648 1740 1540 
790 1272 1342 2354 1820 1176 1858 1536 1512 994 1828 1488 1736 1772 0 1326 970 1824 554 1852 1198 1934 1042 2560 1858 1666 1538 1876 1530 1502 1684 1264 960 1474 1218 2082 1786 1640 810 996 1598 1122 1254 1374 1426 1890 1468 1270 1226 1512 1440 1002 1786 1070 900 1442 1354 1410 1542 1034 1380 1758 2016 1364 1934 1586 1848 2394 1916 1490 1704 1904 1542 1412 1360 1500 747 2030 1192 1650 2180 1416 2264 1402 1400 2064 1728 2104 1756 1676 2406 1670 1950 1828 2380 1732 2252 2028 1956 1896 
1094 741 999 1308 951 1389 748 1311 1275 498 1028 630 1035 662 1326 0 1148 1554 1287 742 804 1272 380 1514 772 1506 1008 1821 1326 840 1038 903 858 812 162 2085 1124 1467 1296 501 1008 1344 216 1068 696 1842 633 240 846 909 2226 510 1110 612 768 591 618 1053 1110 459 1488 1545 1146 422 1332 810 1460 2208 1854 1215 1042 1545 648 1125 1047 1200 407 1302 696 1062 1318 474 1602 292 807 1048 822 2133 1028 1932 1604 1008 1008 1077 1518 1070 1590 1803 1941 1641 
652 1090 1204 2172 1642 1038 1680 1358 1334 816 1650 1310 1554 1594 970 1148 0 1646 416 1674 1016 1756 864 2378 1676 1488 1360 1698 1392 1324 1546 1082 822 1292 1040 1904 1608 1458 672 814 1420 984 1076 1196 1244 1712 1286 1092 1044 1334 1302 820 1604 892 762 1260 1172 1228 1364 856 1242 1580 1838 1182 1752 1404 1710 2216 1738 1312 1522 1726 1364 1234 1178 1322 658 1852 1014 1468 2002 1234 2082 1224 1222 1882 1550 1926 1578 1538 2228 1488 1768 1650 2202 1554 2070 1850 1778 1718 
1570 2216 2364 1500 3208 2628 1568 2744 2696 1660 1220 1302 3020 1482 1824 1554 1646 0 2668 1562 2068 1770 878 1706 1592 3004 1728 3424 3408 1338 1608 2200 1605 1310 1856 2373 1622 2214 2043 1664 1764 2466 1784 2200 1312 3316 1228 1960 2124 2556 896 1676 1864 2084 2020 2320 2320 1788 1900 1740 2980 2391 1338 1170 2160 1464 1958 3328 1851 2432 1288 2445 1878 2276 1888 2452 610 1866 2056 2912 1804 1222 1848 1040 2533 1814 1494 1707 1592 2679 1814 1254 1732 2972 2216 1458 1836 2631 3364 2608 
236 2412 2552 1886 2704 933 1390 2136 2610 3495 1360 1020 3170 1304 554 1287 416 2668 0 1384 2920 1466 574 2092 1390 2396 5463 2816 2193 1034 1130 3932 609 1006 4623 2421 1318 1758 384 3130 6696 852 2358 1812 1916 2844 6283 1604 1516 4584 1772 1335 3295 2049 1211 3409 4596 2355 2685 1698 2065 1935 1548 896 3665 2236 1294 4815 2172 6471 1236 2154 1611 6003 5409 2580 513 1562 2172 3764 1712 948 1796 934 4348 1596 1260 2364 1288 1683 1938 1202 1482 4263 1912 1264 1784 2340 2976 2856 
1620 1020 1192 1750 1376 1458 1274 1400 1376 858 1554 1156 988 1188 1852 742 1674 1562 1384 0 1062 1798 906 2040 1298 1530 1198 1740 1410 1366 1564 1128 1098 1338 634 1916 1650 1504 1390 860 1198 1422 670 1238 990 1754 948 686 1090 1132 2010 866 1266 934 1038 920 938 1228 1266 832 1518 1556 1672 948 1414 1066 1986 1998 1762 1336 1568 1556 958 1276 1224 1326 670 1828 990 1234 1844 1000 2128 818 1064 1574 1348 1948 1554 1814 2130 1534 1534 1244 2044 1596 2116 1728 1820 1620 
966 1434 1950 1300 2060 1878 956 1084 1805 816 1038 698 1345 754 1198 804 1016 2068 2920 1062 0 1144 252 1584 660 1752 2974 2172 2306 712 982 1420 666 680 1712 1938 726 663 1098 808 3088 1566 1392 1168 1068 2200 2150 960 56 3296 2964 520 2025 836 1344 2268 2240 530 1880 732 2160 1452 1216 570 2395 1220 1332 3884 1683 2788 506 1665 1128 2488 1490 1765 350 1240 1206 3150 1390 622 1066 612 2892 1270 938 1971 966 1740 1616 472 1156 3297 1590 942 1054 1857 2332 2212 
1702 1038 1210 2300 1766 1988 1804 1482 1458 940 1774 1434 1682 1718 1934 1272 1756 1770 1466 1798 1144 0 988 2506 1804 1612 1484 1822 1872 1448 1718 1210 1180 1420 1164 2028 1732 1586 1472 942 1510 1440 1200 1320 1372 1836 1414 1216 1172 1458 2218 948 1732 1016 1120 1388 956 1356 1488 980 1600 1704 1962 966 1880 1532 2068 2340 1862 1436 1650 1850 1488 1358 1306 1446 720 1976 1138 1252 2126 1018 2210 1348 1346 1666 1674 2050 1702 1896 2352 1616 1552 1774 2326 1678 2198 1974 1902 1842 
810 326 498 1408 874 1096 912 590 566 48 882 542 790 826 1042 380 864 878 574 906 252 988 0 1614 912 720 592 930 980 556 826 318 288 528 272 1136 840 694 580 50 652 892 308 428 480 944 522 324 280 566 1326 56 840 28 228 496 408 464 596 88 708 812 1070 418 988 640 1176 1448 970 544 758 958 596 466 414 554 274 1084 246 704 1138 470 1318 456 358 1118 782 1158 810 1004 1460 724 1004 882 1338 786 1306 1082 1010 950 
2212 1720 1660 1978 2082 2230 2046 2070 1224 1566 1698 1780 1988 1960 2560 1514 2378 1706 2092 2040 1584 2506 1614 0 2070 2238 1342 1696 2182 2074 2336 1594 1806 2042 1406 654 2310 2026 2094 1564 1360 2122 1370 1578 1134 2136 1092 1458 1556 1756 2154 1570 774 1642 1746 1638 1638 1372 1428 1604 2226 2328 1816 1648 922 1210 2600 2142 1816 1694 1766 2108 1730 1616 1422 1704 849 2600 1762 1934 2282 1700 2326 1518 1574 2292 1972 2308 2326 2522 2292 1598 2210 1964 2516 1936 2314 2232 1710 1782 
1626 1050 1222 1828 1406 1488 1304 1070 1382 864 1584 1186 1066 1218 1858 772 1676 1592 1390 1298 660 1804 912 2070 0 1536 1228 1746 1440 1372 1594 594 1104 1340 664 1946 1386 1102 1392 862 1228 1452 700 1244 1020 1760 978 716 632 1162 2040 868 1296 940 1044 950 968 816 1296 862 1524 1586 1702 978 1444 1096 1992 2028 1726 1300 1110 1586 988 1282 766 1310 652 1858 1020 1264 1874 1030 1670 848 1094 1604 1378 1974 1584 1820 2160 1076 1564 1274 2074 1602 1658 1758 1826 1650 
1356 1900 1608 1752 2996 2580 1536 2428 2380 1344 1506 1166 1980 1450 1666 1506 1488 3004 2396 1530 1752 1612 720 2238 1536 0 2432 3108 3242 1180 1450 1884 1368 1152 1792 2640 1464 1377 1806 1348 2208 2274 1864 2104 2208 3136 2292 1896 1808 2380 3900 1360 2928 1768 1704 2240 2064 2176 2344 1424 2664 2154 1694 1042 3224 2528 1800 4000 2391 2336 1382 2373 1830 2180 2076 2356 586 1708 1740 2656 1858 1094 1942 1080 2280 1742 1406 2673 1434 2442 2036 1348 1628 3073 2058 1410 1930 2559 3268 3052 
1306 2466 2454 1136 2480 2082 1204 1676 2655 2720 856 938 2865 1118 1538 1008 1360 1728 5463 1198 2974 1484 592 1342 1228 2432 0 1964 2680 1052 1322 3308 1176 1024 2820 1827 1336 1776 1614 2730 2590 1920 1584 472 584 1588 1250 1232 1428 3776 2624 1380 1420 2088 2534 2786 4088 1325 1465 1752 2365 1857 878 806 1790 736 1258 3140 1167 2630 924 1149 1332 2402 3395 905 178 1580 2226 3372 1440 858 1484 676 3910 1450 818 1449 1306 1863 1450 890 1368 2436 1624 594 1472 1335 1636 1880 
1644 2320 2664 2118 1568 2895 1746 2824 944 1764 1716 1376 3248 1660 1876 1821 1698 3424 2816 1740 2172 1822 930 1696 1746 3108 1964 0 3662 1390 1660 2304 1683 1362 2212 1563 1674 2292 2121 1768 2972 2589 2284 2436 2548 3552 2464 2316 2228 2800 4320 1780 3100 2188 2124 2660 2484 2596 2860 1844 3084 2469 1860 1252 3396 2700 2010 4476 2640 2668 1592 2622 2145 2512 2496 2688 669 1918 2160 3076 2068 1304 2152 1290 2700 1952 1616 2922 1644 2757 2294 1558 1838 3471 2268 1576 2140 2808 3600 3568 
1212 2324 2668 1976 3156 2397 1416 2982 2934 1898 1696 722 2716 1330 1530 1326 1392 3408 2193 1410 2306 1872 980 2182 1440 3242 2680 3662 0 1440 154 2438 1758 1412 1552 3030 1724 2367 1080 1902 2680 2316 1624 2658 2264 2976 2180 1656 2362 1396 3869 1914 2816 2280 2258 2124 2160 2707 2816 1945 3218 2544 1814 1090 3112 2416 2060 4280 2709 2760 1642 2547 1650 2734 2630 2780 692 1968 2261 2752 1986 1142 2202 960 2412 1716 914 3063 1694 2832 2272 1608 1676 3023 2186 1670 2190 2805 3822 3524 
1270 786 958 1868 1334 1556 1372 1050 1026 508 1342 1002 1250 1286 1502 840 1324 1338 1034 1366 712 1448 556 2074 1372 1180 1052 1390 1440 0 1286 778 748 988 732 1596 1300 1154 1040 510 1112 1352 768 888 940 1404 982 784 740 1026 1786 516 1300 584 688 956 868 924 1056 548 1168 1272 1530 878 1448 1100 1636 1908 1430 1004 1218 1418 1056 926 874 1014 504 1544 706 1164 1694 930 1778 916 914 1578 1242 1618 1270 1464 1920 1184 1464 1342 1894 1246 1766 1542 1470 1410 
1366 1056 1228 2130 1604 1752 1570 1320 1296 778 1612 876 1512 1484 1684 1038 1546 1608 1130 1564 982 1718 826 2336 1594 1450 1322 1660 154 1286 0 1048 1018 1258 930 1866 1570 1424 874 780 1382 1622 966 1158 1210 1642 1244 982 1010 852 2016 786 1562 854 958 1216 1138 1194 1326 818 1438 1542 1800 1148 1710 1362 1906 2178 1700 1274 1488 1688 1254 1196 1144 1284 639 1814 976 1434 1964 1200 2048 1114 1184 1848 1068 1888 1540 1734 2190 1454 1734 1540 2164 1516 2036 1812 1740 1680 
1032 1632 2148 1234 2192 1977 890 952 1970 1828 1104 764 1180 820 1264 903 1082 2200 3932 1128 1420 1210 318 1594 594 1884 3308 2304 2438 778 1048 0 765 746 2318 2037 792 762 1197 1824 3380 1665 1590 1300 1088 2332 2308 1092 76 3902 3096 685 2050 1001 1949 2703 2732 555 2045 930 2325 1551 1226 636 2420 1240 1398 3909 1698 3352 516 1680 1227 3376 1088 1790 355 1306 1404 3348 1456 688 1076 678 3498 1336 1004 2070 1032 1839 1656 482 1222 3495 1656 1008 1064 1956 2464 2292 
642 777 1035 1600 1599 1542 1104 1173 1137 360 1074 734 1473 1018 960 858 822 1605 609 1098 666 1180 288 1806 1104 1368 1176 1683 1758 748 1018 765 0 720 696 1992 1032 1329 993 363 1266 1461 750 930 1008 1704 1071 774 708 1137 1938 372 1548 474 90 1032 900 984 1182 420 810 1506 1262 610 1770 1248 1008 2460 1743 1104 950 1725 1182 987 909 1119 370 1276 657 1344 1426 662 1510 648 969 1310 974 2025 1002 1254 1652 916 1196 1611 1626 978 1498 1911 1803 1713 
1242 754 926 1836 1306 1528 1344 1022 998 480 1314 974 1218 1258 1474 812 1292 1310 1006 1338 680 1420 528 2042 1340 1152 1024 1362 1412 988 1258 746 720 0 704 1568 1272 1122 1008 478 1084 1320 740 860 908 1376 950 756 708 998 1758 484 1268 556 660 924 836 892 1028 520 1140 1244 1502 846 1416 1068 1608 1880 1402 976 1186 1390 1028 898 842 986 490 1516 678 1132 1666 898 1746 888 886 1546 1214 1590 1242 1436 1892 1152 1432 1314 1866 1218 1734 1514 1442 1382 
986 1158 1674 1200 1638 1236 640 1532 1855 2464 920 522 1455 554 1218 162 1040 1856 4623 634 1712 1164 272 1406 664 1792 2820 2212 1552 732 930 2318 696 704 0 1923 1016 1305 1134 1243 4557 1182 108 1208 712 2240 3593 104 912 1992 2752 580 1580 1210 1414 1001 1800 1485 1580 594 2210 1383 1038 314 1950 864 1352 3458 1692 6995 934 1383 486 7486 3058 1730 353 1194 1068 2554 1210 366 1494 184 1920 940 714 1971 920 1770 1496 900 900 2685 1410 962 1482 1641 2372 1972 
1850 2049 2304 1854 2739 3159 1922 2265 855 1632 1574 1582 2745 1836 2082 2085 1904 2373 2421 1916 1938 2028 1136 654 1946 2640 1827 1563 3030 1596 1866 2037 1992 1568 1923 0 1880 2601 2430 1635 1854 2898 1869 2181 1515 2976 1452 2001 1980 2409 3045 1644 1929 1746 1902 2271 2172 1872 1956 1692 2622 2778 1692 1458 2151 1629 2216 3027 2994 2355 1642 2976 2409 2238 1947 2370 787 2124 1929 2616 2158 1510 2202 1394 2241 2158 1822 3276 1850 3066 2168 1608 2044 2760 2474 1812 2190 3162 3054 2487 
1554 1070 1242 2026 1618 1840 1656 1268 1310 792 1626 1286 1264 1480 1786 1124 1608 1622 1318 1650 726 1732 840 2310 1386 1464 1336 1674 1724 1300 1570 792 1032 1272 1016 1880 0 1168 1324 794 1396 1636 1052 1172 1224 1688 1218 1068 754 1310 2070 800 1536 868 972 1240 1152 938 1340 832 1452 1556 1814 1162 1684 1336 1920 2192 1714 1288 1232 1702 1340 1210 888 1298 646 1828 990 1448 1978 1214 1792 1200 1198 1862 1526 1902 1554 1748 2204 1198 1748 1626 2178 1530 1780 1826 1754 1694 
1408 1173 1431 1742 2208 2541 1398 1476 1746 969 1480 1140 1470 1196 1640 1467 1458 2214 1758 1504 663 1586 694 2026 1102 1377 1776 2292 2367 1154 1424 762 1329 1122 1305 2601 1168 0 1761 966 1803 2022 1359 1539 1464 2313 1401 1383 705 1746 2886 975 1878 1083 1239 1635 1296 981 1791 1029 1959 2115 1658 874 2100 1578 1774 2976 2346 1707 948 2328 1791 1596 906 1722 571 1682 1266 1740 1832 926 1508 1054 1578 1574 1380 2634 1408 2403 2058 914 1460 2220 2032 1384 1496 2520 2412 2322 
492 1209 1467 1888 2037 1317 1396 1611 1575 798 1366 1026 1905 1310 810 1296 672 2043 384 1390 1098 1472 580 2094 1392 1806 1614 2121 1080 1040 874 1197 993 1008 1134 2430 1324 1761 0 795 1704 1236 1188 1368 1440 2142 1503 1212 1140 1575 1713 786 1980 912 903 1464 1332 1416 1620 858 1623 1944 1554 898 2202 1680 1550 2898 2181 1542 1238 2163 1620 1425 1341 1557 516 1568 1095 1776 1718 950 1798 940 1407 1598 1266 2463 1294 2067 1944 1204 1484 2049 1918 1270 1786 2349 2241 2151 
764 828 1344 1358 1656 1575 866 1088 1300 11 836 496 1850 780 996 501 814 1664 3130 860 808 942 50 1564 862 1348 2730 1768 1902 510 780 1824 363 478 1243 1635 794 966 795 0 3333 1263 786 764 860 1796 2732 556 460 2488 2560 15 1975 735 637 1561 1962 1035 1375 126 1655 1149 1024 368 2345 1180 1130 3505 1386 2739 708 1368 825 2310 2696 1270 251 1038 600 2544 1188 420 1268 410 2252 1068 736 1668 764 1437 1414 674 954 2691 1388 740 1256 1554 1928 1808 
852 1416 900 1154 2516 2082 1204 2292 2805 4862 874 956 2865 1118 1598 1008 1420 1764 6696 1198 3088 1510 652 1360 1228 2208 2590 2972 2680 1112 1382 3380 1266 1084 4557 1854 1396 1803 1704 3333 0 1557 1638 1508 620 2580 2144 1232 1464 3838 2660 1530 1465 1826 2744 973 3290 1370 170 1692 3160 1932 992 564 1835 772 1732 2240 1677 5536 942 1659 1332 6160 3137 1755 348 1560 2166 2850 922 616 1502 694 2248 932 1148 2193 1286 2340 932 908 850 3437 1542 850 1490 2079 2628 844 
804 849 1107 1916 2295 1785 1428 2079 2043 1266 1636 1080 2055 1342 1122 1344 984 2466 852 1422 1566 1440 892 2122 1452 2274 1920 2589 2316 1352 1622 1665 1461 1320 1182 2898 1636 2022 1236 1263 1557 0 1128 1836 1608 2610 1545 1260 1608 1584 2181 1272 2022 1380 1371 1611 726 1884 1659 1326 2031 2412 1754 494 2244 1722 1862 2901 2649 2010 1550 2565 1668 1893 1809 2025 672 1880 1563 1170 1742 546 2110 900 1443 1194 1272 2931 1606 2475 1970 1516 1080 2097 1942 1582 2098 2817 2709 2190 
1022 1050 1566 1164 1710 1290 676 1604 1945 780 884 558 1545 590 1254 216 1076 1784 2358 670 1392 1200 308 1370 700 1864 1584 2284 1624 768 966 1590 750 740 108 1869 1052 1359 1188 786 1638 1128 0 1280 640 2312 834 176 984 1602 2680 670 1490 1300 1320 966 804 1395 1535 702 2300 1437 1002 278 1860 792 1388 3377 1638 2043 952 1437 540 2034 1824 1640 335 1230 1176 2518 1246 330 1512 148 1398 976 750 2025 956 1824 1478 918 864 2694 1446 998 1500 1695 2444 1936 
1142 1316 1660 1372 2412 2142 1244 1844 1796 760 1092 822 2244 1158 1374 1068 1196 2200 1812 1238 1168 1320 428 1578 1244 2104 472 2436 2658 888 1158 1300 930 860 1208 2181 1172 1539 1368 764 1508 1836 1280 0 1056 1116 972 1312 1224 1596 2702 776 1608 1184 1120 1120 1480 1532 1644 840 1420 1503 642 750 1836 1208 1022 2040 813 232 1090 795 1293 76 1492 252 60 1416 1156 1904 1566 802 1650 788 1646 1214 582 1095 1142 1509 1432 1056 1252 1152 1388 358 1638 981 1164 2084 
1162 1340 1220 928 2064 1770 996 1948 1900 864 648 730 1876 910 1426 696 1244 1312 1916 990 1068 1372 480 1134 1020 2208 584 2548 2264 940 1210 1088 1008 908 712 1515 1224 1464 1440 860 620 1608 640 1056 0 2172 84 816 1012 1412 2208 872 720 1237 1224 1176 1176 644 756 944 2184 1794 766 598 1016 320 1550 2184 1605 1288 716 1587 1020 1132 744 1308 324 1468 1260 1768 1232 650 1276 468 1572 1242 922 1887 1194 2082 1242 682 1160 1660 1766 886 1264 1773 2220 1464 
1658 2348 2692 1930 3444 2916 1760 2876 2828 1792 1650 814 3276 1674 1890 1842 1712 3316 2844 1754 2200 1836 944 2136 1760 3136 1588 3552 2976 1404 1642 2332 1704 1376 2240 2976 1688 2313 2142 1796 2580 2610 2312 1116 2172 0 2088 2344 2256 1580 3666 1808 2724 2216 2152 2236 2512 2620 2716 1872 2384 2226 1124 1266 2800 2324 1504 3004 1536 1196 1604 1518 2016 1040 2520 1216 301 1932 2188 2868 2082 1318 2164 1304 2661 1772 1006 1818 1658 2232 1914 1570 1734 2116 1870 840 2152 1704 2128 3048 
1120 1884 1704 886 1980 1707 954 1956 2480 4349 606 688 2240 868 1468 633 1286 1228 6283 948 2150 1414 522 1092 978 2292 1250 2464 2180 982 1244 2308 1071 950 3593 1452 1218 1401 1503 2732 2144 1545 834 972 84 2088 0 732 928 2804 2124 1195 795 1733 2289 1911 2936 700 840 1536 2835 1854 724 556 1165 236 1508 2682 1542 5517 674 1524 957 5634 2409 1530 303 1508 2010 3102 1190 608 1234 426 3062 1200 880 1824 1234 2145 1200 640 1118 2642 1724 844 1222 1710 2136 1380 
1038 876 1220 1252 1742 1158 692 1636 1588 552 972 574 1268 606 1270 240 1092 1960 1604 686 960 1216 324 1458 716 1896 1232 2316 1656 784 982 1092 774 756 104 2001 1068 1383 1212 556 1232 1260 176 1312 816 2344 732 0 1016 1100 2856 568 1368 882 912 676 712 1292 1368 500 1872 1461 1090 366 1664 968 1404 2832 1770 1508 986 1305 408 1388 1284 1488 379 1246 816 1304 1158 418 1546 236 756 992 766 1893 972 1848 1548 952 952 1453 1358 1014 1534 1563 2476 2076 
994 1012 1356 1272 2116 1920 928 1028 1500 464 1066 726 1020 782 1226 846 1044 2124 1516 1090 56 1172 280 1556 632 1808 1428 2228 2362 740 1010 76 708 708 912 1980 754 705 1140 460 1464 1608 984 1224 1012 2256 928 1016 0 1500 3020 472 1564 684 824 1352 1176 368 1560 544 1784 1494 1188 598 1860 1164 1360 3028 1641 1336 478 1623 1170 1300 268 1356 336 1268 860 1768 1418 650 1038 640 1344 1298 966 2013 994 1782 1618 444 1184 2193 1618 970 1026 1899 2388 2216 
1280 1962 2478 1550 2532 1983 1138 2120 2692 2480 1270 24 2700 1052 1512 909 1334 2556 4584 1132 3296 1458 566 1756 1162 2380 3776 2800 1396 1026 852 3902 1137 998 1992 2409 1310 1746 1575 2488 3838 1584 1602 1596 1412 1580 2804 1100 1500 0 3452 1417 2455 2089 2749 2744 2288 2340 2500 1652 3047 1803 1208 582 2825 1092 1646 3749 1662 3226 1228 1644 1233 3304 3756 1730 343 1474 2126 2616 1704 634 1788 682 3706 1282 216 2178 1200 2211 1864 1194 1168 3609 1904 1080 1776 2064 2608 2708 
1122 3112 3260 1948 4104 2262 2016 3640 3592 2556 1668 1750 3916 1930 1440 2226 1302 896 1772 2010 2964 2218 1326 2154 2040 3900 2624 4320 3869 1786 2016 3096 1938 1758 2752 3045 2070 2886 1713 2560 2660 2181 2680 2702 2208 3666 2124 2856 3020 3452 0 2572 2760 2980 2464 3216 3216 2684 2796 2636 3424 3063 1738 1618 3056 2360 2180 4224 1179 2548 1736 2439 2520 2626 2784 2568 608 2314 2952 3808 2252 1670 2296 1488 3429 2262 1678 1035 2040 3012 2262 1702 2180 3005 2640 1610 2284 2817 3714 3504 
770 705 1135 1364 1668 1584 872 1100 1315 20 842 502 1865 786 1002 510 820 1676 1335 866 520 948 56 1570 868 1360 1380 1780 1914 516 786 685 372 484 580 1644 800 975 786 15 1530 1272 670 776 872 1808 1195 568 472 1417 2572 0 1990 750 470 1130 910 1050 1390 120 1670 1158 1030 374 2360 1192 1136 3520 1395 1260 714 1377 834 1065 925 1285 254 1044 515 1941 1194 426 1274 416 1283 1074 742 1677 770 1446 1420 680 960 2227 1394 746 1262 1563 1940 1820 
1438 2365 2215 1204 2616 2184 1272 2592 3275 1980 924 1006 3035 1186 1786 1110 1604 1864 3295 1266 2025 1732 840 774 1296 2928 1420 3100 2816 1300 1562 2050 1548 1268 1580 1929 1536 1878 1980 1975 1465 2022 1490 1608 720 2724 795 1368 1564 2455 2760 1990 0 2432 2430 2160 2160 1495 1635 2075 3630 2331 1042 874 370 872 1826 3477 1563 2300 992 2001 1434 2105 1620 2325 462 1826 2470 3188 1508 926 1552 744 2000 1518 1198 2301 1552 2622 1518 824 1436 2975 1742 1162 1540 2187 1872 2016 
838 1421 1851 1436 2076 1686 940 1406 2029 734 910 570 2181 854 1070 612 892 2084 2049 934 836 1016 28 1642 940 1768 2088 2188 2280 584 854 1001 474 556 1210 1746 868 1083 912 735 1826 1380 1300 1184 1237 2216 1733 882 684 2089 2980 750 2432 0 1184 1832 1462 1366 1810 834 2384 1260 1098 446 2455 1515 1204 3916 1497 1970 786 1479 936 1779 1241 1995 288 1112 1229 2491 1110 498 1346 484 825 1146 810 1779 838 1548 1488 752 1032 2753 1310 814 1334 1665 2348 2081 
582 1374 1890 1540 2012 1452 1044 1444 1745 630 1014 674 2305 958 900 768 762 2020 1211 1038 1344 1120 228 1746 1044 1704 2534 2124 2258 688 958 1949 90 660 1414 1902 972 1239 903 637 2744 1371 1320 1120 1224 2152 2289 912 824 2749 2464 470 2430 1184 0 2198 1890 1490 1820 660 1200 1416 1202 550 2800 1544 948 3950 1653 2366 890 1635 1092 2093 2130 1715 340 1216 1134 2726 1366 602 1450 588 2547 1250 914 1935 942 1164 1592 856 1136 3225 1566 918 1438 1821 2284 2164 
1130 2016 1734 1432 2179 1665 926 1980 2415 1568 1152 808 2170 840 1442 591 1260 2320 3409 920 2268 1388 496 1638 950 2240 2786 2660 2124 956 1216 2703 1032 924 1001 2271 1240 1635 1464 1561 973 1611 966 1120 1176 2236 1911 676 1352 2744 3216 1130 2160 1832 2198 0 2065 2065 865 1452 2770 1812 1202 600 2530 1328 1576 2935 1653 2634 1154 1635 915 2361 2868 1715 340 1480 1926 2840 1200 652 1714 470 2568 654 1000 1935 1206 2106 1210 1120 1128 3048 1696 918 1702 1821 2284 1400 
806 246 762 1432 2162 1692 944 1804 2195 1968 1152 596 2215 858 1354 618 1172 2320 4596 938 2240 956 408 1638 968 2064 4088 2484 2160 868 1138 2732 900 836 1800 2172 1152 1296 1332 1962 3290 726 804 1480 1176 2512 2936 712 1176 2288 3216 910 2160 1462 1890 2065 0 1930 1555 1200 2250 1686 1270 10 2530 1328 1488 3625 1923 4286 1066 1839 942 4052 3918 2165 430 1396 1674 2044 1258 62 1626 416 2296 710 788 2205 1122 1749 1486 1032 596 3345 1458 1098 1614 2091 2644 1952 
1178 1725 2120 1166 2484 2127 1112 1396 2335 1040 886 910 1735 966 1410 1053 1228 1788 2355 1228 530 1356 464 1372 816 2176 1325 2596 2707 924 1194 555 984 892 1485 1872 938 981 1416 1035 1370 1884 1395 1532 644 2620 700 1292 368 2340 2684 1050 1495 1366 1490 2065 1930 0 1540 1140 2690 1770 1004 782 1865 796 1544 3382 1707 1780 394 1689 1377 1975 125 1805 358 1452 1535 2961 1470 834 954 706 2191 1480 1150 2223 1178 2058 1480 360 1368 2880 1802 1110 942 2109 2668 1940 
920 1350 920 1222 2652 2184 1272 2180 2665 1370 942 1024 3035 1186 1542 1110 1364 1900 2685 1266 1880 1488 596 1428 1296 2344 1465 2860 2816 1056 1326 2045 1182 1028 1580 1956 1340 1791 1620 1375 170 1659 1535 1644 756 2716 840 1368 1560 2500 2796 1390 1635 1810 1820 865 1555 1540 0 1470 3020 1968 1060 632 2005 908 1676 2410 1779 1900 1010 1761 1434 2095 1665 1925 382 1584 1865 2445 990 684 1570 762 1575 1000 1216 2295 1310 2256 864 976 918 3020 1610 918 1558 2181 2764 708 
802 954 1470 1398 1732 1533 838 1164 1395 120 874 454 1950 752 1034 459 856 1740 1698 832 732 980 88 1604 862 1424 1752 1844 1945 548 818 930 420 520 594 1692 832 1029 858 126 1692 1326 702 840 944 1872 1536 500 544 1652 2636 120 2075 834 660 1452 1200 1140 1470 0 1750 1086 1062 410 2445 1260 1168 3600 1443 1608 750 1425 783 1374 1218 1365 270 996 474 2666 1226 462 1310 382 1611 1110 694 1725 722 1494 1452 716 996 2706 1426 778 1298 1611 2004 1884 
1062 2345 2775 2020 2972 2172 1524 2404 2945 1650 1494 1154 3505 1438 1380 1488 1242 2980 2065 1518 2160 1600 708 2226 1524 2664 2365 3084 3218 1168 1438 2325 810 1140 2210 2622 1452 1959 1623 1655 3160 2031 2300 1420 2184 2384 2835 1872 1784 3047 3424 1670 3630 2384 1200 2770 2250 2690 3020 1750 0 2136 1276 880 3880 2504 1428 4135 1764 1875 1370 1746 1812 1680 2565 1900 377 1696 2145 1435 1846 808 1930 1068 2913 988 1216 2046 1422 444 2066 1336 874 3025 2022 992 1100 1932 2432 3124 
1526 1563 1821 2122 2385 2619 1562 1959 1923 1146 1598 1178 2256 1476 1758 1545 1580 2391 1935 1556 1452 1704 812 2328 1586 2154 1857 2469 2544 1272 1542 1551 1506 1244 1383 2778 1556 2115 1944 1149 1932 2412 1437 1503 1794 2226 1854 1461 1494 1803 3063 1158 2331 1260 1416 1812 1686 1770 1968 1086 2136 0 1568 1134 2553 2031 1892 2919 2202 1563 1224 2184 1869 1446 1695 1578 523 934 849 2130 1950 1186 2034 1106 1755 1834 1418 2484 1130 2580 2176 1440 1720 2253 2150 1284 2022 2370 2262 2499 
1784 1300 1292 1610 1714 1862 1678 1564 1540 1022 1330 1232 1620 1592 2016 1146 1838 1338 1548 1672 1216 1962 1070 1816 1702 1694 878 1860 1814 1530 1800 1226 1262 1502 1038 1692 1814 1658 1554 1024 992 1754 1002 642 766 1124 724 1090 1188 1208 1738 1030 1042 1098 1202 1202 1270 1004 1060 1062 1276 1568 0 1280 1190 842 1588 1430 952 526 1398 940 1362 604 1054 536 265 2058 1220 1518 1914 1332 1958 1150 1344 1856 992 1296 1784 1572 1924 1364 1818 1142 1954 924 1946 1220 1148 1414 
816 92 264 1442 1056 1138 954 912 888 370 1162 606 896 868 1364 422 1182 1170 896 948 570 966 418 1648 978 1042 806 1252 1090 878 1148 636 610 846 314 1458 1162 874 898 368 564 494 278 750 598 1266 556 366 598 582 1618 374 874 446 550 600 10 782 632 410 880 1134 1280 0 1022 674 1498 1460 1292 866 1076 1236 638 788 732 876 435 1406 568 306 1248 72 1636 426 468 720 798 1480 1132 1176 1496 1042 606 924 1448 1108 1624 1404 1332 986 
1586 2735 2585 1352 2912 2406 1420 2888 3645 2350 1072 1154 3405 1334 1934 1332 1752 2160 3665 1414 2395 1880 988 922 1444 3224 1790 3396 3112 1448 1710 2420 1770 1416 1950 2151 1684 2100 2202 2345 1835 2244 1860 1836 1016 2800 1165 1664 1860 2825 3056 2360 370 2455 2800 2530 2530 1865 2005 2445 3880 2553 1190 1022 0 1168 1864 3847 1341 2395 1140 2058 1656 2200 1990 2420 481 1974 2840 3513 1432 1074 1700 892 1630 1666 1346 2358 1700 2772 1666 676 1584 3345 1632 1200 1688 2244 2168 2312 
1238 1492 1372 1004 2216 1884 1072 2192 2220 1184 724 570 2028 986 1586 810 1404 1464 2236 1066 1220 1532 640 1210 1096 2528 736 2700 2416 1100 1362 1240 1248 1068 864 1629 1336 1578 1680 1180 772 1722 792 1208 320 2324 236 968 1164 1092 2360 1192 872 1515 1544 1328 1328 796 908 1260 2504 2031 842 674 1168 0 1626 1864 1719 1440 792 1701 981 1284 896 1460 362 1626 1576 1920 1308 726 1352 544 1724 1318 762 2001 1352 2322 1318 758 1236 1905 1842 962 1340 1887 2372 1616 
1530 1406 1578 2394 1954 1916 1992 1670 1646 1128 1962 1622 1870 1906 1848 1460 1710 1958 1294 1986 1332 2068 1176 2600 1992 1800 1258 2010 2060 1636 1906 1398 1008 1608 1352 2216 1920 1774 1550 1130 1732 1862 1388 1022 1550 1504 1508 1404 1360 1646 2180 1136 1826 1204 948 1576 1488 1544 1676 1168 1428 1892 1588 1498 1864 1626 0 1966 1488 1062 1838 1476 1676 984 1494 1072 533 2164 1326 1784 2314 1550 2398 1536 1534 2198 1528 1676 1890 1724 2378 1804 2084 1522 2334 1304 2386 1600 1528 1988 
1748 3420 2990 1936 4080 3282 2004 3884 4795 3500 1656 1502 4913 1918 2394 2208 2216 3328 4815 1998 3884 2340 1448 2142 2028 4000 3140 4476 4280 1908 2178 3909 2460 1880 3458 3027 2192 2976 2898 3505 2240 2901 3377 2040 2184 3004 2682 2832 3028 3749 4224 3520 3477 3916 3950 2935 3625 3382 2410 3600 4135 2919 1430 1460 3847 1864 1966 0 1995 2260 1724 1977 2379 2455 3507 2285 454 2436 3935 4440 1818 1512 944 1476 3645 1828 1370 2511 994 2925 1828 1690 1746 3800 2332 1302 2272 2397 3052 2636 
1684 1800 2058 1914 2622 2928 1768 2196 2160 1383 1634 1132 2406 1682 1916 1854 1738 1851 2172 1762 1683 1862 970 1816 1726 2391 1167 2640 2709 1430 1700 1698 1743 1402 1692 2994 1714 2346 2181 1386 1677 2649 1638 813 1605 1536 1542 1770 1641 1662 1179 1395 1563 1497 1653 1653 1923 1707 1779 1443 1764 2202 952 1292 1341 1719 1488 1995 0 639 1432 1260 1992 756 1632 654 215 1958 1680 2127 2024 1344 1992 1240 1866 1756 892 1794 1684 2208 1862 1398 1718 1563 1854 824 1980 1680 1572 2028 
1258 2322 2838 1488 2644 2289 1342 2076 2535 6139 1208 706 2945 1256 1490 1215 1312 2432 6471 1336 2788 1436 544 1694 1300 2336 2630 2668 2760 1004 1274 3352 1104 976 6995 2355 1288 1707 1542 2739 5536 2010 2043 232 1288 1196 5517 1508 1336 3226 2548 1260 2300 1970 2366 2634 4286 1780 1900 1608 1875 1563 526 866 2395 1440 1062 2260 639 0 1006 621 1353 741 3310 25 2 1532 2082 2976 1598 918 1566 814 3272 1330 466 1155 1258 1569 1436 972 1292 1848 1428 398 1554 1041 1244 1852 
1472 984 1156 1560 1536 1758 1406 992 1228 710 1280 1204 988 1260 1704 1042 1522 1288 1236 1568 506 1650 758 1766 1110 1382 924 1592 1642 1218 1488 516 950 1186 934 1642 1232 948 1238 708 942 1550 952 1090 716 1604 674 986 478 1228 1736 714 992 786 890 1154 1066 394 1010 750 1370 1224 1398 1076 1140 792 1838 1724 1432 1006 0 1420 1258 1084 344 1016 505 1746 658 1362 1864 1128 1248 1100 1116 1776 1444 1776 1222 1666 1828 654 1662 1544 2096 1404 1236 1700 1628 1318 
1672 1782 2040 1902 2496 2463 1562 2178 2142 1365 1622 1120 2256 1476 1904 1545 1726 2445 2154 1556 1665 1850 958 2108 1586 2373 1149 2622 2547 1418 1688 1680 1725 1390 1383 2976 1702 2328 2163 1368 1659 2565 1437 795 1587 1518 1524 1305 1623 1644 2439 1377 2001 1479 1635 1635 1839 1689 1761 1425 1746 2184 940 1236 2058 1701 1476 1977 1260 621 1420 0 897 738 1614 636 209 1946 1662 2109 2012 1288 1980 1106 1848 1744 880 1524 1672 2190 1574 1386 1706 468 1842 812 1968 1194 1554 2010 
1310 1065 1323 1524 1599 1566 964 1635 1599 822 1244 846 1359 878 1542 648 1364 1878 1611 958 1128 1488 596 1730 988 1830 1332 2145 1650 1056 1254 1227 1182 1028 486 2409 1340 1791 1620 825 1332 1668 540 1293 1020 2016 957 408 1170 1233 2520 834 1434 936 1092 915 942 1377 1434 783 1812 1869 1362 638 1656 981 1676 2379 1992 1353 1258 897 0 1236 1371 1368 453 1518 1020 1386 1430 690 1818 508 975 1264 1038 1485 1244 2256 1548 1224 1224 429 1630 1144 1806 1155 2052 1965 
1180 2088 2604 1410 2488 2199 1282 1920 2340 6948 1130 784 2900 1196 1412 1125 1234 2276 6003 1276 2488 1358 466 1616 1282 2180 2402 2512 2734 926 1196 3376 987 898 7486 2238 1210 1596 1425 2310 6160 1893 2034 76 1132 1040 5634 1388 1300 3304 2626 1065 2105 1779 2093 2361 4052 1975 2095 1374 1680 1446 604 788 2200 1284 984 2455 756 741 1084 738 1236 0 3700 220 41 1454 1848 2742 1604 840 1644 826 3476 1252 544 1038 1180 1452 1394 1050 1214 1614 1350 320 1632 924 1088 2008 
1128 1920 2436 1216 2384 2121 1062 1296 2210 2706 936 860 1610 916 1360 1047 1178 1888 5409 1224 1490 1306 414 1422 766 2076 3395 2496 2630 874 1144 1088 909 842 3058 1947 888 906 1341 2696 3137 1809 1824 1492 744 2520 2409 1284 268 3756 2784 925 1620 1241 2130 2868 3918 125 1665 1218 2565 1695 1054 732 1990 896 1494 3507 1632 3310 344 1614 1371 3700 0 1680 333 1402 1692 3636 1520 784 904 756 3594 1432 1100 2148 1128 1983 1484 310 1318 3603 1752 1060 892 2034 2568 1948 
1268 1960 2390 1498 2664 2274 1332 2096 2560 1265 1218 716 2970 1246 1500 1200 1322 2452 2580 1326 1765 1446 554 1704 1310 2356 905 2688 2780 1014 1284 1790 1119 986 1730 2370 1298 1722 1557 1270 1755 2025 1640 252 1308 1216 1530 1488 1356 1730 2568 1285 2325 1995 1715 1715 2165 1805 1925 1365 1900 1578 536 876 2420 1460 1072 2285 654 25 1016 636 1368 220 1680 0 7 1542 1760 2505 1608 928 1576 804 2070 1340 476 1170 1268 1584 1446 982 1302 1565 1438 408 1564 1056 1264 1872 
631 389 475 746 663 765 673 521 509 250 606 355 591 630 747 407 658 610 513 670 350 720 274 849 652 586 178 669 692 504 639 355 370 490 353 787 646 571 516 251 348 672 335 60 324 301 303 379 336 343 608 254 462 288 340 340 430 358 382 270 377 523 265 435 481 362 533 454 215 2 505 209 453 41 333 7 0 768 349 498 801 461 785 409 411 667 235 387 631 525 720 488 648 310 716 201 779 349 313 465 
1798 1314 1486 2394 1862 2018 1834 1578 1554 1036 1870 1450 1776 1748 2030 1302 1852 1866 1562 1828 1240 1976 1084 2600 1858 1708 1580 1918 1968 1544 1814 1306 1276 1516 1194 2124 1828 1682 1568 1038 1560 1880 1230 1416 1468 1932 1508 1246 1268 1474 2314 1044 1826 1112 1216 1480 1396 1452 1584 996 1696 934 2058 1406 1974 1626 2164 2436 1958 1532 1746 1946 1518 1454 1402 1542 768 0 1154 1692 2222 1458 2306 1378 1442 2106 1690 2146 1718 1992 2448 1712 1992 1804 2422 1774 2294 2070 1998 1938 
960 1428 1944 1556 2048 1770 996 1480 1790 594 1032 612 2345 910 1192 696 1014 2056 2172 990 1206 1138 246 1762 1020 1740 2226 2160 2261 706 976 1404 657 678 1068 1929 990 1266 1095 600 2166 1563 1176 1156 1260 2188 2010 816 860 2126 2952 515 2470 1229 1134 1926 1674 1535 1865 474 2145 849 1220 568 2840 1576 1326 3935 1680 2082 658 1662 1020 1848 1692 1760 349 1154 0 3140 1384 620 1468 540 2085 1268 852 1962 564 1731 1610 874 1154 3180 1584 936 1456 1848 2320 2200 
1102 2268 2550 1728 2754 2136 1240 2396 3224 2546 1448 892 3332 1154 1650 1062 1468 2912 3764 1234 3150 1252 704 1934 1264 2656 3372 3076 2752 1164 1434 3348 1344 1132 2554 2616 1448 1740 1776 2544 2850 1170 2518 1904 1768 2868 3102 1304 1768 2616 3808 1941 3188 2491 2726 2840 2044 2961 2445 2666 1435 2130 1518 306 3513 1920 1784 4440 2127 2976 1362 2109 1386 2742 3636 2505 498 1692 3140 0 1554 234 1922 712 3188 414 1084 2409 1418 1305 1782 1328 300 3993 1754 1234 1674 2295 2916 2544 
1774 1340 1222 2076 1952 1930 1850 1728 1704 1186 1796 1680 1792 1764 2180 1318 2002 1804 1712 1844 1390 2126 1138 2282 1874 1858 1440 2068 1986 1694 1964 1456 1426 1666 1210 2158 1978 1832 1718 1188 922 1742 1246 1566 1232 2082 1190 1158 1418 1704 2252 1194 1508 1110 1366 1200 1258 1470 990 1226 1846 1950 1914 1248 1432 1308 2314 1818 2024 1598 1864 2012 1430 1604 1520 1608 801 2222 1384 1554 0 1320 2424 1394 780 1854 1920 2296 1948 2142 1854 1830 1772 1716 1760 1772 2412 2200 2148 1344 
868 144 316 1494 1108 1190 1006 964 940 422 1214 658 948 920 1416 474 1234 1222 948 1000 622 1018 470 1700 1030 1094 858 1304 1142 930 1200 688 662 898 366 1510 1214 926 950 420 616 546 330 802 650 1318 608 418 650 634 1670 426 926 498 602 652 62 834 684 462 808 1186 1332 72 1074 726 1550 1512 1344 918 1128 1288 690 840 784 928 461 1458 620 234 1320 0 1688 478 540 648 850 1532 1184 1104 1548 1094 534 976 1520 1160 1676 1456 1384 1038 
2032 1544 1716 2120 2096 2318 1966 1552 1788 1270 1840 1764 1548 1820 2264 1602 2082 1848 1796 2128 1066 2210 1318 2326 1670 1942 1484 2152 2202 1778 2048 1076 1510 1746 1494 2202 1792 1508 1798 1268 1502 2110 1512 1650 1276 2164 1234 1546 1038 1788 2296 1274 1552 1346 1450 1714 1626 954 1570 1310 1930 2034 1958 1636 1700 1352 2398 944 1992 1566 1248 1980 1818 1644 904 1576 785 2306 1468 1922 2424 1688 0 1660 1676 2336 2004 2336 1938 2226 2388 1214 2222 2104 2656 1964 1796 2260 2188 1878 
1170 498 670 1312 926 1008 824 950 926 408 1032 706 766 738 1402 292 1224 1040 934 818 612 1348 456 1518 848 1080 676 1290 960 916 1114 678 648 888 184 1394 1200 1054 940 410 694 900 148 788 468 1304 426 236 640 682 1488 416 744 484 588 470 416 706 762 382 1068 1106 1150 426 892 544 1536 1476 1240 814 1100 1106 508 826 756 804 409 1378 540 712 1394 478 1660 0 614 1124 898 1498 1104 1364 1626 1066 1012 794 1594 1146 1648 1278 1370 1116 
1168 1742 2258 1630 2374 1725 1070 2020 2558 2244 1240 900 2530 984 1400 807 1222 2533 4348 1064 2892 1346 358 1574 1094 2280 3910 2700 2412 914 1184 3498 969 886 1920 2241 1198 1578 1407 2252 2248 1443 1398 1646 1572 2661 3062 756 1344 3706 3429 1283 2000 825 2547 2568 2296 2191 1575 1611 2913 1755 1344 468 1630 1724 1534 3645 1866 3272 1116 1848 975 3476 3594 2070 411 1442 2085 3188 780 540 1676 614 0 1188 1140 2274 1168 2043 1494 1082 1074 3447 980 1144 1664 2130 2772 1968 
1516 792 964 2086 1682 1764 1580 1612 1588 1070 1806 1306 1522 1494 2064 1048 1882 1814 1596 1574 1270 1666 1118 2292 1604 1742 1450 1952 1716 1578 1848 1336 1310 1546 940 2158 1862 1574 1598 1068 932 1194 976 1214 1242 1772 1200 992 1298 1282 2262 1074 1518 1146 1250 654 710 1480 1000 1110 988 1834 1856 720 1666 1318 2198 1828 1756 1330 1776 1744 1264 1252 1432 1340 667 2106 1268 414 1854 648 2336 1124 1188 0 1498 1944 1832 1284 1864 1742 714 1550 2168 1572 2088 1868 1796 1354 
1496 870 1042 1766 1456 1538 1354 1276 1252 734 1486 240 1296 1268 1728 822 1550 1494 1260 1348 938 1674 782 1972 1378 1406 818 1616 914 1242 1068 1004 974 1214 714 1822 1526 1380 1266 736 1148 1272 750 582 922 1006 880 766 966 216 1678 742 1198 810 914 1000 788 1150 1216 694 1216 1418 992 798 1346 762 1528 1370 892 466 1444 880 1038 544 1100 476 235 1690 852 1084 1920 850 2004 898 1140 1498 0 1236 1416 1512 1902 1410 1384 1082 1894 864 1992 1160 1088 1392 
1812 2082 2340 2102 2904 3051 1954 2478 2442 1665 1822 1476 2778 1868 2104 2133 1926 1707 2364 1948 1971 2050 1158 2308 1974 2673 1449 2922 3063 1618 1888 2070 2025 1590 1971 3276 1902 2634 2463 1668 2193 2931 2025 1095 1887 1818 1824 1893 2013 2178 1035 1677 2301 1779 1935 1935 2205 2223 2295 1725 2046 2484 1296 1480 2358 2001 1676 2511 1794 1155 1776 1524 1485 1038 2148 1170 387 2146 1962 2409 2296 1532 2336 1498 2274 1944 1236 0 1872 2490 1966 1742 1906 1056 2042 1012 2324 1782 1854 2544 
1524 1040 1212 2120 1588 1744 1560 1304 1280 762 1596 1176 1502 1474 1756 1028 1578 1592 1288 1554 966 1702 810 2326 1584 1434 1306 1644 1694 1270 1540 1032 1002 1242 920 1850 1554 1408 1294 764 1286 1606 956 1142 1194 1658 1234 972 994 1200 2040 770 1552 838 942 1206 1122 1178 1310 722 1422 1130 1784 1132 1700 1352 1890 994 1684 1258 1222 1672 1244 1180 1128 1268 631 1718 564 1418 1948 1184 1938 1104 1168 1832 1416 1872 0 1718 2174 1438 1718 1530 2148 1500 2020 1796 1724 1664 
1358 1851 2109 2316 2673 2616 1820 2247 2211 1434 1790 1450 2547 1734 1676 1932 1538 2679 1683 1814 1740 1896 1004 2522 1820 2442 1863 2757 2832 1464 1734 1839 1254 1436 1770 3066 1748 2403 2067 1437 2340 2475 1824 1509 2082 2232 2145 1848 1782 2211 3012 1446 2622 1548 1164 2106 1749 2058 2256 1494 444 2580 1572 1176 2772 2322 1724 2925 2208 1569 1666 2190 2256 1452 1983 1584 525 1992 1731 1305 2142 1104 2226 1364 2043 1284 1512 2490 1718 0 2362 1632 1170 2259 2318 1288 804 2376 2268 2787 
1784 1404 1232 2086 2190 2320 2136 1954 1930 1412 1806 1888 2078 2050 2406 1604 2228 1814 1938 2130 1616 2352 1460 2292 2160 2036 1450 2294 2272 1920 2190 1656 1652 1892 1496 2168 2204 2058 1944 1414 932 1970 1478 1432 1242 1914 1200 1548 1618 1864 2262 1420 1518 1488 1592 1210 1486 1480 864 1452 2066 2176 1924 1496 1666 1318 2378 1828 1862 1436 1828 1574 1548 1394 1484 1446 720 2448 1610 1782 1854 1548 2388 1626 1494 1864 1902 1966 2174 2362 0 1794 1782 1262 2474 1714 2376 778 1938 510 
1438 950 1122 1526 1502 1724 1372 958 1194 676 1246 1170 954 1226 1670 1008 1488 1254 1202 1534 472 1616 724 1598 1076 1348 890 1558 1608 1184 1454 482 916 1152 900 1608 1198 914 1204 674 908 1516 918 1056 682 1570 640 952 444 1194 1702 680 824 752 856 1120 1032 360 976 716 1336 1440 1364 1042 676 758 1804 1690 1398 972 654 1386 1224 1050 310 982 488 1712 874 1328 1830 1094 1214 1066 1082 1742 1410 1742 1438 1632 1794 0 1628 1510 2062 1370 1202 1666 1594 1284 
1402 678 850 2004 1642 1724 1540 1498 1474 956 1724 1192 1482 1454 1950 1008 1768 1732 1482 1534 1156 1552 1004 2210 1564 1628 1368 1838 1676 1464 1734 1222 1196 1432 900 2044 1748 1460 1484 954 850 1080 864 1252 1160 1734 1118 952 1184 1168 2180 960 1436 1032 1136 1128 596 1368 918 996 874 1720 1818 606 1584 1236 2084 1746 1718 1292 1662 1706 1224 1214 1318 1302 648 1992 1154 300 1772 534 2222 1012 1074 714 1384 1906 1718 1170 1782 1628 0 1510 2054 1534 1974 1830 1758 1272 
1596 3345 3861 1758 2919 1995 1250 2813 3502 2685 1478 1132 3486 1164 1828 1077 1650 2972 4263 1244 3297 1774 882 1964 1274 3073 2436 3471 3023 1342 1540 3495 1611 1314 2685 2760 1626 2220 2049 2691 3437 2097 2694 1152 1660 2116 2642 1453 2193 3609 3005 2227 2975 2753 3225 3048 3345 2880 3020 2706 3025 2253 1142 924 3345 1905 1522 3800 1563 1848 1544 468 429 1614 3603 1565 310 1804 3180 3993 1716 976 2104 794 3447 1550 1082 1056 1530 2259 1262 1510 1510 0 1888 858 2092 726 2164 3084 
2148 1540 1712 2610 2152 2130 2050 1928 1904 1386 2220 1880 1992 1964 2380 1518 2202 2216 1912 2044 1590 2326 1338 2516 2074 2058 1624 2268 2186 1894 2164 1656 1626 1866 1410 2474 2178 2032 1918 1388 1542 1942 1446 1388 1766 1870 1724 1358 1618 1904 2640 1394 1742 1310 1566 1696 1458 1802 1610 1426 2022 2150 1954 1448 1632 1842 2334 2332 1854 1428 2096 1842 1630 1350 1752 1438 716 2422 1584 1754 1760 1520 2656 1594 980 2168 1894 2042 2148 2318 2474 2062 2054 1888 0 1670 2644 1966 806 1964 
1500 1016 1150 1730 1564 1786 1602 1280 1256 738 1450 1104 1480 1516 1732 1070 1554 1458 1264 1596 942 1678 786 1936 1602 1410 594 1576 1670 1246 1516 1008 978 1218 962 1812 1530 1384 1270 740 850 1582 998 358 886 840 844 1014 970 1080 1610 746 1162 814 918 918 1098 1110 918 778 992 1284 924 1108 1200 962 1304 1302 824 398 1404 812 1144 320 1060 408 201 1774 936 1234 1772 1160 1964 1146 1144 1572 864 1012 1500 1288 1714 1370 1534 858 1670 0 1952 936 864 1272 
2020 1532 1704 2108 2084 2306 1954 1540 1776 1258 1828 1752 1536 1808 2252 1590 2070 1836 1784 2116 1054 2198 1306 2314 1658 1930 1472 2140 2190 1766 2036 1064 1498 1734 1482 2190 1780 1496 1786 1256 1490 2098 1500 1638 1264 2152 1222 1534 1026 1776 2284 1262 1540 1334 1438 1702 1614 942 1558 1298 1100 2022 1946 1624 1688 1340 2386 2272 1980 1554 1236 1968 1806 1632 892 1564 779 2294 1456 1674 2412 1676 1796 1648 1664 2088 1992 2324 2020 804 2376 1202 1974 2092 2644 1952 0 2248 2176 1866 
1796 1968 2226 2026 2754 2721 1734 2364 2328 1551 1746 1400 2514 1648 2028 1803 1850 2631 2340 1728 1857 1974 1082 2232 1758 2559 1335 2808 2805 1542 1812 1956 1911 1514 1641 3162 1826 2520 2349 1554 2079 2817 1695 981 1773 1704 1710 1563 1899 2064 2817 1563 2187 1665 1821 1821 2091 2109 2181 1611 1932 2370 1220 1404 2244 1887 1600 2397 1680 1041 1700 1194 1155 924 2034 1056 349 2070 1848 2295 2200 1456 2260 1278 2130 1868 1160 1782 1796 2376 778 1666 1830 726 1966 936 2248 0 1740 2098 
1724 2480 2824 1954 3576 3015 1826 3008 2960 1924 1674 1328 3408 1740 1956 1941 1778 3364 2976 1820 2332 1902 1010 1710 1826 3268 1636 3600 3822 1470 1740 2464 1803 1442 2372 3054 1754 2412 2241 1928 2628 2709 2444 1164 2220 2128 2136 2476 2388 2608 3714 1940 1872 2348 2284 2284 2644 2668 2764 2004 2432 2262 1148 1332 2168 2372 1528 3052 1572 1244 1628 1554 2052 1088 2568 1264 313 1998 2320 2916 2148 1384 2188 1370 2772 1796 1088 1854 1724 2268 1938 1594 1758 2164 806 864 2176 1740 0 3096 
1274 1788 1444 1576 3360 2715 1626 2888 2840 1804 1296 1378 3136 1540 1896 1641 1718 2608 2856 1620 2212 1842 950 1782 1650 3052 1880 3568 3524 1410 1680 2292 1713 1382 1972 2487 1694 2322 2151 1808 844 2190 1936 2084 1464 3048 1380 2076 2216 2708 3504 1820 2016 2081 2164 1400 1952 1940 708 1884 3124 2499 1414 986 2312 1616 1988 2636 2028 1852 1318 2010 1965 2008 1948 1872 465 1938 2200 2544 1344 1038 1878 1116 1968 1354 1392 2544 1664 2787 510 1284 1272 3084 1964 1272 1866 2098 3096 0 
