0 2 0.78326
0 18 0.91419
1 34 0.7039
1 37 0.66539
1 39 0.899
1 56 0.97079
2 9 0.73138
2 34 0.56251
3 12 0.67608
3 46 0.59855
4 9 0.63854
4 15 0.74426
4 27 0.66357
4 46 0.50976
5 15 0.56753
5 18 0.75012
5 28 0.56306
5 47 0.67121
6 31 0.59496
6 34 0.7413
7 8 0.5567
7 31 0.81696
8 27 0.81848
8 28 0.56147
8 34 0.67339
8 35 0.7744
9 10 0.63315
9 14 0.50475
9 17 0.63623
9 18 0.64518
9 20 0.56558
9 21 0.55735
9 22 0.98288
9 26 0.78671
9 29 0.80249
9 30 0.66675
9 32 0.57304
9 33 0.67344
9 34 0.81149
9 36 0.65955
9 39 0.99888
9 40 0.56513
9 43 0.85747
9 45 0.59126
9 46 0.55793
9 58 0.78482
9 59 0.58801
10 46 0.75777
11 16 0.9884
11 27 0.5861
11 29 0.77184
11 37 0.95597
11 48 0.58071
11 49 0.99139
11 50 0.58141
11 59 0.82649
12 19 0.51272
12 25 0.50978
12 31 0.81881
12 34 0.76895
13 20 0.68089
13 34 0.78197
14 18 0.78184
15 34 0.96154
16 18 0.84206
16 39 0.6458
17 30 0.62993
17 46 0.75361
17 50 0.829
18 32 0.80059
18 34 0.63494
18 38 0.9066
18 39 0.59268
18 41 0.7753
18 50 0.59826
18 54 0.87079
19 34 0.74371
20 29 0.59711
20 30 0.50998
20 36 0.69598
20 37 0.83153
20 39 0.92666
20 48 0.98963
20 53 0.84252
21 56 0.54341
22 53 0.99017
23 35 0.73386
23 52 0.66985
24 31 0.76357
24 34 0.72897
25 37 0.57425
26 43 0.91387
26 46 0.90875
28 30 0.94487
28 32 0.58132
28 34 0.66866
28 38 0.6996
28 46 0.71514
28 49 0.71141
30 39 0.52374
30 40 0.78569
30 56 0.88748
30 58 0.82855
31 34 0.6319
31 48 0.98653
31 56 0.62073
31 57 0.7965
32 54 0.97882
33 39 0.81609
34 42 0.98703
34 44 0.76982
34 46 0.69399
34 47 0.98153
34 49 0.80681
34 53 0.51754
34 55 0.89491
34 58 0.55647
34 59 0.92832
35 46 0.5318
38 51 0.79524
39 44 0.83651
39 51 0.99764
39 52 0.51655
39 55 0.82926
40 46 0.90187
40 51 0.72667
40 53 0.65051
40 55 0.89811
40 58 0.97602
40 59 0.77693
40 67 0.59136
40 69 0.71413
40 74 0.71283
40 78 0.54031
40 80 0.57097
40 84 0.77793
40 92 0.62323
40 95 0.62243
41 54 0.55222
41 56 0.81291
41 92 0.63887
42 46 0.89819
42 56 0.90176
42 73 0.65036
42 75 0.73279
42 83 0.94682
43 55 0.77912
43 73 0.98605
44 46 0.98495
44 93 0.63552
45 49 0.65985
45 73 0.79771
45 75 0.64906
46 52 0.88201
46 56 0.68253
46 57 0.89686
46 62 0.69727
46 65 0.95764
46 75 0.7253
47 72 0.90015
47 84 0.85818
48 69 0.72726
48 74 0.95206
49 56 0.77342
49 65 0.78525
49 79 0.60221
49 86 0.92174
50 68 0.66294
50 87 0.71582
50 92 0.86653
51 69 0.52455
51 80 0.51369
52 64 0.94707
52 98 0.5597
53 84 0.87729
54 60 0.81516
54 66 0.55018
54 69 0.50339
55 73 0.50843
55 85 0.73386
56 63 0.99587
56 69 0.61489
56 81 0.97825
57 69 0.55836
57 74 0.98242
58 99 0.86768
59 77 0.50353
59 78 0.94303
59 93 0.86277
60 69 0.55105
60 73 0.72491
60 79 0.77268
60 89 0.89113
60 92 0.56461
61 73 0.5351
61 77 0.56217
61 78 0.77648
62 69 0.79494
63 83 0.84056
63 84 0.82043
64 68 0.59225
64 73 0.60273
64 83 0.94525
64 84 0.73501
64 91 0.72324
65 67 0.56315
65 72 0.73435
65 83 0.84408
65 93 0.548
66 73 0.51546
66 92 0.74204
67 69 0.5844
67 82 0.55319
67 88 0.50501
68 69 0.83794
68 80 0.82761
69 71 0.84322
69 73 0.97195
69 74 0.72965
69 75 0.99647
69 76 0.99856
69 84 0.64354
69 86 0.82108
69 98 0.56176
69 99 0.56879
70 74 0.87162
70 78 0.73244
71 73 0.59776
71 80 0.89192
71 93 0.88445
72 93 0.93458
73 74 0.53513
73 75 0.68141
73 78 0.51499
73 79 0.57673
73 83 0.58912
73 87 0.71437
73 89 0.51223
73 93 0.78884
73 95 0.88137
73 97 0.75316
73 98 0.78671
74 80 0.81641
74 82 0.58535
74 91 0.8857
74 96 0.59437
74 99 0.52582
77 80 0.69232
78 88 0.77751
79 80 0.85369
79 81 0.91471
79 85 0.8428
79 92 0.88901
80 83 0.75859
80 84 0.66584
80 88 0.57606
80 92 0.85559
82 83 0.89003
82 93 0.87108
83 93 0.71469
84 94 0.52113
87 93 0.70832
89 96 0.6512
90 97 0.6678
90 99 0.80212
92 93 0.7733
93 97 0.81308
94 98 0.65059
