1 15 0.77095 6
1 39 0.93529 5
1 51 0.82141 10
1 58 0.85496 10
2 9 0.7321 5
2 17 0.67573 5
2 22 0.81009 4
2 33 0.97061 6
2 40 0.75202 5
2 57 0.67952 10
2 58 0.98554 12
3 7 0.67018 4
3 27 0.88068 3
3 53 0.64922 4
3 58 0.7888 10
4 15 0.68917 6
4 19 0.93087 3
4 58 0.88183 10
5 55 0.95917 11
5 57 0.84033 8
6 13 0.93277 4
6 42 0.86575 5
6 51 0.95656 10
6 55 0.66822 12
7 51 0.84625 10
7 55 0.79663 13
7 58 0.87493 11
7 60 0.68985 4
8 26 0.5215 4
8 49 0.84226 18
9 14 0.62381 4
9 51 0.75227 10
9 52 0.61487 5
10 15 0.73275 6
10 38 0.53321 3
10 57 0.69824 9
10 58 0.54184 10
11 16 0.76758 6
11 28 0.56317 7
11 55 0.62484 12
12 16 0.55713 6
12 23 0.57004 3
12 55 0.67052 12
13 14 0.71034 4
13 28 0.71464 7
13 29 0.77508 6
14 23 0.956 3
14 49 0.81074 19
15 21 0.52751 7
15 24 0.98674 6
15 30 0.63226 6
15 34 0.81736 6
15 46 0.96935 8
15 50 0.87191 8
16 21 0.6062 7
16 28 0.89151 10
16 33 0.58626 7
16 34 0.98169 6
16 47 0.56551 7
16 48 0.7375 8
16 54 0.95435 7
17 28 0.55594 7
17 49 0.59457 19
18 20 0.96185 6
18 33 0.70371 7
18 35 0.83782 5
18 39 0.8758 7
18 40 0.76711 6
18 44 0.79316 7
18 49 0.81763 22
18 55 0.86475 15
18 59 0.67042 7
19 28 0.57292 7
19 41 0.64034 4
19 43 0.66035 6
20 51 0.5638 9
20 58 0.66181 10
21 24 0.55659 4
21 55 0.55343 13
21 58 0.92184 11
22 57 0.55949 8
23 57 0.69669 8
24 29 0.69052 5
25 26 0.75993 3
26 28 0.78747 8
26 35 0.817 4
26 44 0.56512 6
26 58 0.71787 11
27 49 0.699 18
28 45 0.54632 9
28 49 0.91845 23
28 53 0.55113 8
28 56 0.82194 8
28 58 0.98629 14
29 33 0.62772 6
29 34 0.85184 6
29 48 0.96276 7
29 49 0.7365 21
29 51 0.75729 12
29 55 0.56368 14
30 42 0.56156 5
30 55 0.64318 12
31 36 0.9236 3
31 49 0.90785 19
31 57 0.58549 8
32 39 0.97258 4
32 57 0.682 8
33 48 0.51202 6
34 55 0.58036 12
36 52 0.95221 4
36 55 0.56134 12
37 39 0.92414 4
37 55 0.79726 11
38 50 0.81726 5
39 40 0.53001 4
39 46 0.74511 7
41 46 0.69209 6
41 49 0.91631 20
41 67 0.63482 6
41 71 0.81528 6
42 49 0.50753 21
42 55 0.8307 14
42 56 0.50558 6
42 71 0.6783 7
42 97 0.89572 7
43 47 0.96171 6
43 49 0.57258 21
43 67 0.95464 8
43 77 0.67856 5
43 83 0.59679 5
43 89 0.64252 7
43 92 0.67628 12
44 51 0.63804 11
44 64 0.78291 8
44 92 0.96239 11
44 99 0.84874 6
45 49 0.93255 21
45 51 0.57256 12
45 55 0.87339 14
45 64 0.51844 9
45 73 0.55249 6
45 85 0.75207 5
45 86 0.50806 5
46 50 0.56913 8
46 55 0.8133 14
46 58 0.66989 12
46 91 0.8612 5
46 99 0.83002 7
47 49 0.91115 20
47 57 0.62126 9
47 92 0.95117 11
48 49 0.81488 21
48 54 0.70141 6
48 61 0.97407 4
48 71 0.95517 7
49 50 0.90902 21
49 52 0.51193 20
49 54 0.91927 20
49 55 0.56309 28
49 56 0.69018 20
49 57 0.91812 24
49 58 0.81701 26
49 59 0.53816 20
49 64 0.53932 23
49 65 0.77324 22
49 66 0.6168 18
49 67 0.62465 21
49 68 0.56049 23
49 70 0.92533 22
49 75 0.74365 19
49 78 0.6082 19
49 79 0.90755 18
49 82 0.96352 18
49 89 0.9656 21
49 97 0.52818 21
49 100 0.51885 19
50 59 0.89093 6
50 67 0.70784 8
50 93 0.76672 6
50 99 0.91212 7
51 54 0.97641 10
51 57 0.7791 15
51 72 0.56616 9
51 84 0.54815 10
51 89 0.99547 11
51 93 0.55949 10
51 94 0.82757 9
51 99 0.97331 11
52 64 0.8521 8
52 69 0.50938 4
52 88 0.79233 4
53 70 0.90694 7
53 73 0.52082 4
53 75 0.80182 4
54 81 0.91666 4
55 58 0.77485 19
55 59 0.72562 13
55 65 0.66712 15
55 89 0.56267 14
55 97 0.92623 14
56 67 0.70392 7
56 89 0.69049 6
56 92 0.75815 11
57 58 0.56832 15
57 60 0.59809 9
57 68 0.54438 13
57 92 0.99168 15
58 64 0.6459 14
58 76 0.71034 9
58 92 0.88104 17
59 100 0.96071 4
60 63 0.83569 5
60 93 0.55553 4
61 67 0.65008 5
62 63 0.6646 4
62 71 0.704 4
63 64 0.50736 8
63 68 0.89293 9
63 94 0.68783 4
63 100 0.60928 5
64 70 0.69023 10
64 80 0.77005 7
64 87 0.8599 6
64 89 0.8919 9
64 90 0.71371 6
65 70 0.90483 9
65 71 0.59373 8
65 72 0.73744 6
65 80 0.96306 6
65 87 0.74127 5
65 92 0.69496 13
65 98 0.73576 5
66 71 0.71559 4
67 68 0.90058 10
67 96 0.97163 5
68 70 0.57939 11
68 71 0.6443 9
68 72 0.98626 7
68 79 0.91616 7
68 81 0.63431 7
68 84 0.73511 8
68 90 0.81485 7
68 95 0.94658 7
69 92 0.78628 9
70 75 0.73199 6
70 76 0.64529 6
70 78 0.60811 6
70 81 0.90428 6
70 95 0.93262 6
73 74 0.66619 3
73 91 0.85427 3
74 92 0.73418 9
77 100 0.73737 3
78 97 0.784 5
80 97 0.84088 5
82 99 0.57871 4
83 93 0.93595 3
84 89 0.88817 6
84 92 0.79762 11
84 97 0.99396 6
85 99 0.78131 4
86 92 0.75596 9
88 92 0.89346 9
91 92 0.91684 10
92 93 0.78896 11
92 94 0.5955 10
92 96 0.54744 10
92 98 0.72841 9
96 97 0.74792 5
