1 39 0.93529 4
1 58 0.85496 13
2 9 0.7321 3
2 22 0.81009 3
2 57 0.67952 8
2 58 0.94322 14
3 7 0.67018 4
3 27 0.88068 3
3 53 0.64922 4
3 58 0.7888 14
4 19 0.93087 3
4 58 0.88183 13
5 55 0.95917 11
5 57 0.84033 7
6 13 0.93277 3
6 55 0.66822 11
7 51 0.84625 5
7 55 0.79663 12
7 58 0.87493 15
7 60 0.68985 4
8 26 0.5215 4
8 49 0.84226 18
8 58 0.58129 14
9 14 0.62381 3
9 52 0.61487 4
10 15 0.73275 3
10 38 0.53321 3
10 57 0.69824 8
10 58 0.54184 14
11 28 0.56317 6
11 55 0.62484 11
12 23 0.57004 2
12 55 0.67052 11
13 14 0.71034 4
13 28 0.71464 7
13 29 0.77508 6
14 23 0.956 3
14 49 0.81074 19
15 34 0.81736 3
15 58 0.55075 14
16 28 0.89151 6
16 33 0.58626 3
17 28 0.55594 7
17 49 0.59457 18
17 58 0.53211 14
18 20 0.96185 5
18 33 0.70371 7
18 35 0.83782 5
18 39 0.8758 7
18 40 0.76711 5
18 44 0.79316 7
18 49 0.81763 21
18 55 0.86475 14
18 59 0.67042 7
19 28 0.57292 7
19 41 0.64034 4
19 43 0.66035 5
20 58 0.66181 13
21 24 0.55659 2
21 55 0.55343 11
21 58 0.92184 14
22 57 0.55949 7
23 57 0.69669 8
24 29 0.69052 5
25 26 0.75993 3
26 28 0.78747 8
26 35 0.817 4
26 44 0.56512 6
26 58 0.71787 15
27 49 0.699 18
28 45 0.54632 9
28 49 0.91845 22
28 53 0.55113 8
28 56 0.82194 8
28 58 0.98629 18
29 33 0.62772 6
29 34 0.85184 5
29 48 0.96276 7
29 49 0.7365 21
29 51 0.75729 7
29 55 0.56368 14
30 42 0.56156 3
30 55 0.64318 11
31 36 0.9236 3
31 49 0.90785 18
31 57 0.58549 8
32 39 0.97258 4
32 57 0.682 7
33 48 0.51202 5
33 58 0.77184 15
34 55 0.58036 11
36 52 0.95221 4
36 55 0.56134 11
37 39 0.92414 4
37 55 0.79726 11
38 50 0.81726 4
39 40 0.53001 4
39 46 0.74511 6
41 46 0.69209 6
41 49 0.91631 19
41 67 0.63482 6
41 71 0.81528 6
42 49 0.50753 19
42 55 0.8307 12
42 56 0.50558 5
42 71 0.6783 6
43 47 0.96171 5
43 49 0.57258 20
43 67 0.95464 7
43 77 0.67856 4
43 83 0.59679 5
43 92 0.67628 12
44 51 0.63804 6
44 64 0.78291 8
44 92 0.96239 11
44 99 0.84874 6
45 49 0.93255 21
45 55 0.87339 14
45 64 0.51844 9
45 73 0.55249 6
45 85 0.75207 5
45 86 0.50806 5
45 90 0.61926 8
46 50 0.56913 7
46 55 0.8133 13
46 58 0.66989 16
46 91 0.8612 5
46 99 0.83002 6
47 49 0.91115 19
47 57 0.62126 8
47 92 0.95117 10
48 49 0.81488 20
48 54 0.70141 5
48 61 0.97407 4
48 71 0.95517 6
49 50 0.90902 20
49 52 0.51193 20
49 54 0.91927 19
49 55 0.56309 27
49 56 0.69018 20
49 57 0.91812 23
49 58 0.78022 29
49 59 0.53816 19
49 64 0.53932 22
49 65 0.77324 21
49 66 0.6168 18
49 67 0.62465 21
49 68 0.56049 23
49 70 0.92533 22
49 75 0.74365 19
49 78 0.6082 18
49 79 0.90755 18
49 82 0.96352 18
49 89 0.9656 18
49 100 0.51885 19
50 59 0.89093 6
50 67 0.70784 7
50 93 0.76672 5
50 99 0.91212 6
51 54 0.97641 5
51 69 0.70325 6
51 99 0.97331 6
52 64 0.8521 8
52 69 0.50938 6
52 88 0.79233 5
53 70 0.90694 7
53 73 0.52082 4
53 75 0.80182 4
54 81 0.91666 4
55 58 0.77485 22
55 59 0.72562 12
55 65 0.66712 14
55 97 0.59852 11
56 67 0.70392 7
56 90 0.80745 7
56 92 0.75815 11
57 58 0.56832 19
57 60 0.59809 8
57 68 0.54438 13
57 92 0.99168 15
58 63 0.73131 16
58 64 0.6459 18
58 76 0.71034 13
58 80 0.52454 14
58 89 0.87891 14
58 92 0.88104 21
58 100 0.67871 15
59 100 0.96071 5
60 63 0.83569 5
60 93 0.55553 4
61 67 0.65008 5
62 63 0.6646 5
62 71 0.704 5
62 90 0.60712 6
63 64 0.50736 9
63 68 0.89293 10
63 94 0.68783 4
63 100 0.60928 6
64 70 0.69023 10
64 80 0.77005 7
64 87 0.8599 6
64 89 0.8919 7
64 90 0.71371 10
65 70 0.90483 9
65 71 0.59373 8
65 72 0.73744 5
65 80 0.96306 6
65 87 0.74127 5
65 92 0.69496 13
65 98 0.73576 5
66 71 0.71559 4
67 68 0.90058 10
67 96 0.97163 5
68 69 0.75746 10
68 70 0.57939 11
68 71 0.6443 10
68 72 0.98626 7
68 79 0.91616 8
68 81 0.63431 8
68 84 0.73511 7
68 90 0.81485 11
68 95 0.94658 7
69 81 0.67168 5
69 83 0.68769 5
69 88 0.73665 5
69 92 0.78628 12
70 75 0.73199 7
70 76 0.64529 6
70 78 0.60811 6
70 81 0.90428 7
70 95 0.93262 6
73 74 0.66619 3
73 91 0.85427 3
74 92 0.73418 9
75 90 0.75676 6
77 100 0.73737 3
79 90 0.5306 6
80 97 0.84088 3
82 99 0.57871 4
83 93 0.93595 3
84 92 0.79762 9
85 99 0.78131 4
86 92 0.75596 9
88 90 0.90998 6
88 92 0.89346 10
90 97 0.80524 6
91 92 0.91684 10
92 93 0.78896 10
92 94 0.5955 9
92 96 0.54744 9
92 98 0.72841 9
