2 15 5 0 87 87 -16 4 8 0 0 -7 0 0 0 
3 2 15 0 105 113 -121 25 5 -6 6 -7 0 0 0 
0 -8 0 0 21 -16 -137 0 0 -8 0 -11 0 0 0 
1 0 2 0 29 19 -119 1 4 0 0 -9 0 0 0 
0 2 0 0 17 2 27 0 0 0 0 4 0 0 0 
2 20 4 1 106 70 111 2 5 18 2 4 0 3 0 
0 3 0 0 52 13 -21 0 7 -15 0 -6 0 0 0 
-1 -19 0 -2 -49 1 -160 0 1 -64 0 -2 -1 -8 0 
1 18 3 0 63 63 116 3 1 0 0 1 0 0 0 
0 1 1 -1 43 22 -79 1 5 -29 0 -8 -1 0 0 
1 7 1 1 16 21 26 0 3 16 1 5 0 0 0 
1 9 2 0 31 33 40 1 3 0 0 7 0 0 0 
0 2 0 0 36 4 2 0 1 0 0 1 0 0 0 
0 2 0 0 25 6 33 0 0 0 0 2 0 0 0 
6 2 32 1 107 149 -196 70 19 -9 13 -15 0 0 0 
7 19 32 3 217 198 7 64 14 20 19 6 1 2 0 
0 -13 2 -2 -10 48 -145 0 3 -68 1 0 0 -6 -1 
0 4 0 0 27 29 46 0 -1 1 0 3 0 2 0 
0 2 0 0 8 6 6 0 0 0 0 1 0 0 0 
1 7 2 0 74 40 -42 1 3 0 0 -9 0 0 0 
2 8 6 1 49 91 -78 4 12 1 5 -3 0 0 0 
0 4 0 0 9 0 20 0 0 4 0 0 0 0 0 
0 2 0 0 22 4 13 0 0 0 0 0 0 0 0 
1 8 1 1 38 13 22 0 1 10 1 1 0 0 0 
0 0 0 0 -7 0 1 0 0 0 0 -1 0 0 0 
0 -7 1 -1 26 -7 -119 3 1 -26 -2 -7 -1 -2 0 
0 1 0 0 -5 1 31 0 0 0 0 2 0 0 0 
0 1 0 0 42 26 -70 -2 3 -16 3 1 0 -3 -1 
0 15 0 0 53 82 143 0 8 1 0 5 0 3 0 
1 11 2 0 32 34 48 0 3 -1 1 5 0 2 0 
0 2 0 0 13 2 41 0 0 2 0 2 0 0 0 
0 1 0 0 15 1 12 0 0 0 0 0 0 0 0 
0 -12 -1 1 -27 -49 -220 -2 -5 9 1 -20 1 1 0 
1 15 3 0 31 52 65 2 9 1 1 8 0 0 0 
0 0 0 0 -3 0 1 0 0 0 0 -1 0 0 0 
0 1 0 0 5 2 16 0 0 0 0 3 0 0 0 
0 1 0 0 10 1 15 0 0 0 0 4 0 0 0 
0 1 0 0 8 -1 6 0 1 0 0 0 0 0 0 
0 4 0 0 24 17 8 0 1 1 0 1 0 0 0 
1 6 2 0 39 21 13 0 1 0 1 2 0 0 0 
0 2 0 0 8 7 35 0 0 1 0 3 0 0 0 
2 6 8 3 30 78 -6 11 1 66 8 -3 5 3 1 
1 5 6 1 44 52 12 14 2 32 5 -2 2 3 0 
0 10 0 0 21 28 90 0 6 10 0 -5 0 0 0 
0 11 1 -1 36 75 140 5 6 -14 -4 0 -1 2 0 
1 0 6 1 38 40 -103 14 8 5 6 -6 1 0 0 
1 11 4 0 30 91 70 2 3 4 4 3 0 1 0 
1 6 4 2 23 63 41 5 2 17 7 3 3 0 0 
1 3 32 2 75 250 -51 462 5 -30 90 1 10 -4 -1 
1 9 6 1 33 98 52 13 2 14 7 3 1 0 0 
10 42 104 1 297 810 103 516 46 8 24 15 0 0 0 
0 -3 1 -1 -7 -7 26 4 -1 -4 -4 -3 0 -1 0 
0 -1 0 0 -14 -3 -1 0 0 -1 0 0 0 0 0 
1 17 3 1 54 92 143 3 4 10 2 3 1 1 0 
1 6 16 4 108 142 -117 121 18 35 50 -5 18 0 1 
0 -1 -1 1 27 -34 -8 -1 -4 29 -2 -3 3 4 0 
1 11 13 0 56 222 8 69 14 -11 9 -1 0 -5 0 
-8 10 -153 -11 91 -615 191 -1306 3 -109 -281 7 -31 3 -2 
0 2 0 0 0 4 46 0 -1 4 0 3 0 1 0 
0 1 0 0 5 1 12 0 1 0 0 -2 0 0 0 
0 1 0 0 9 1 3 0 0 0 0 2 0 0 0 
-1 -9 -2 0 -53 -23 -29 -1 -3 0 0 -4 0 0 0 
-1 -22 -4 -2 -61 -92 -214 -6 -7 -48 -8 -19 -1 -4 0 
0 -4 4 -4 68 35 -62 29 -1 -71 -23 -1 -5 -1 -1 
0 2 0 0 6 17 48 0 -2 -1 0 0 0 2 0 
0 1 0 0 4 1 31 0 0 0 0 2 0 0 0 
0 3 0 0 15 13 30 0 1 2 0 -1 0 2 0 
-1 -6 -10 -2 9 -121 13 -40 -8 -8 -24 -2 -2 0 0 
-5 -19 -17 -3 -104 -171 -41 -21 -7 -32 -13 -7 -1 -1 0 
0 -1 0 0 -17 -5 23 0 -2 0 0 -4 0 0 0 
0 1 0 0 4 8 -1 0 -1 0 0 3 0 0 0 
1 14 2 0 58 44 94 1 2 0 0 0 0 0 0 
0 0 0 0 11 0 1 0 0 0 0 -1 0 0 0 
0 0 0 0 -4 0 1 0 0 0 0 -1 0 0 0 
-1 -7 -3 0 -22 -51 4 -1 -7 1 -2 0 0 0 0 
0 -8 0 0 9 -8 -145 0 0 0 0 -11 0 0 0 
0 0 0 0 -15 0 4 0 0 0 0 -1 0 0 0 
1 5 1 1 27 13 10 0 0 33 0 0 1 2 0 
-1 -6 -1 -1 -17 -31 11 0 -4 -16 0 0 -1 0 0 
-1 -18 -2 -1 -43 -40 -215 -1 -3 -26 -2 -15 0 -3 0 
-1 -4 -2 -1 -7 -17 -5 -1 -1 -15 -1 -2 -1 0 0 
0 1 0 0 15 1 31 0 0 0 0 2 0 0 0 
-1 -4 -2 0 -12 -15 -4 -1 -2 0 0 -2 0 0 0 
3 24 8 1 148 137 99 7 12 19 3 6 0 0 0 
0 0 0 0 21 -2 1 0 1 0 0 -1 0 0 0 
0 0 0 0 7 0 2 0 0 0 0 -2 0 0 0 
0 0 0 0 -2 0 4 0 0 0 0 -4 0 0 0 
-2 -10 -3 -2 -50 -41 -12 -1 -2 -27 -2 -3 -1 0 0 
4 24 16 2 121 295 43 16 20 41 13 -10 6 6 -1 
-7 -21 -33 -2 -202 -240 -13 -70 -24 -23 -14 -11 0 -2 0 
0 1 0 0 -4 2 6 0 0 0 0 0 0 0 0 
0 -4 1 -1 71 -68 -123 15 7 -8 -15 -9 0 -1 0 
1 15 4 0 52 75 108 6 6 0 0 2 0 0 0 
1 14 2 0 34 44 101 1 3 0 0 -1 0 0 0 
0 -1 0 0 -6 0 -8 0 0 -1 0 -2 0 0 0 
1 6 2 0 53 31 12 1 2 0 0 3 0 0 0 
4 32 14 4 103 166 410 18 4 116 13 20 2 11 1 
0 0 0 0 -2 0 1 0 0 0 0 -1 0 0 0 
0 12 0 0 48 44 94 0 2 10 0 1 0 1 0 
-1 -20 -2 -2 -54 -42 -165 -1 -1 -62 -3 -3 -2 -8 0 
