2 29 1 0 121 27 262 0 1 0 0 24 0 0 0 
4 35 4 2 172 62 276 1 0 37 2 23 1 3 0 
4 31 5 1 183 63 240 2 2 24 2 22 0 1 0 
2 27 1 0 126 25 256 0 1 0 0 23 0 0 0 
2 31 1 0 173 27 215 0 2 0 0 22 0 0 0 
2 22 1 0 110 20 161 0 1 0 0 13 0 0 0 
5 50 8 2 204 130 370 5 3 58 4 28 1 3 0 
3 58 1 2 197 34 687 0 1 64 0 46 1 8 0 
3 11 3 0 119 20 12 1 1 0 0 4 0 0 0 
4 35 4 2 171 49 263 1 0 50 2 23 1 3 0 
2 29 1 0 161 23 197 0 3 0 0 19 0 0 0 
2 21 1 0 107 21 159 0 0 0 0 13 0 0 0 
4 21 6 0 182 55 59 4 4 0 0 10 0 0 0 
4 40 6 0 148 112 492 4 4 0 0 41 0 0 0 
3 27 2 1 141 27 233 0 1 23 1 22 0 1 0 
2 14 1 0 115 12 44 0 1 0 0 7 0 0 0 
3 61 0 3 201 0 681 0 0 104 0 43 0 9 1 
9 65 32 4 257 392 586 58 12 90 25 38 0 7 1 
4 21 6 0 193 53 56 4 5 0 0 10 0 0 0 
2 32 1 0 166 26 277 0 3 0 0 27 0 0 0 
3 42 2 1 170 41 378 0 1 35 1 28 0 3 0 
2 13 0 1 110 0 49 0 0 11 0 7 0 1 0 
3 16 3 0 139 30 60 1 1 0 0 9 0 0 0 
2 9 1 0 102 7 17 0 1 0 0 5 0 0 0 
1 5 0 0 38 0 8 0 0 0 0 2 0 0 0 
6 38 13 2 224 128 255 13 4 48 6 22 1 3 0 
2 36 1 0 147 34 489 0 1 0 0 42 0 0 0 
11 76 49 6 269 531 615 120 18 171 37 40 7 11 1 
8 64 24 4 220 320 582 35 11 92 18 38 3 7 0 
2 21 0 1 132 0 144 0 0 19 0 12 0 1 0 
3 45 2 1 187 43 510 0 2 37 1 42 0 3 0 
2 17 1 0 100 17 66 0 0 0 0 10 0 0 0 
5 43 9 1 254 142 295 7 10 8 3 30 0 1 0 
3 26 2 1 156 26 155 0 1 22 1 14 0 1 0 
2 13 1 0 99 11 32 0 1 0 0 6 0 0 0 
3 26 3 0 178 46 166 1 3 0 0 16 0 0 0 
2 24 1 0 103 20 167 0 2 0 0 14 0 0 0 
2 9 1 0 86 9 13 0 0 0 0 5 0 0 0 
6 16 14 1 164 65 31 16 4 7 4 5 0 0 0 
2 11 0 1 70 0 24 0 0 11 0 3 0 0 0 
5 53 9 1 222 148 506 7 13 30 3 38 0 4 0 
5 58 7 3 228 120 586 3 6 84 5 36 2 8 0 
7 59 18 3 219 245 552 22 12 73 11 37 2 6 0 
6 47 14 1 261 215 194 16 6 8 4 21 0 0 0 
8 77 24 4 273 377 639 36 11 114 16 37 4 13 0 
7 61 19 2 265 294 406 25 11 44 10 33 0 3 0 
4 59 2 4 212 53 567 0 3 108 0 40 4 5 0 
6 48 12 3 198 145 455 10 9 75 8 39 2 1 0 
34 120 520 41 229 3337 344 4789 85 411 1081 8 111 21 3 
7 53 18 3 239 226 467 21 6 66 13 35 1 7 0 
6 28 14 1 219 122 46 16 5 8 4 11 0 0 0 
6 52 13 2 239 202 504 12 5 38 8 41 0 5 0 
5 26 9 1 197 86 67 7 4 8 3 13 0 1 0 
4 44 5 1 168 86 472 2 5 34 2 43 0 1 0 
20 93 177 13 264 1392 558 936 30 285 175 35 28 15 1 
6 72 12 3 273 220 597 11 16 92 6 40 3 8 0 
13 86 69 9 247 764 704 202 13 216 69 43 15 13 0 
25 109 277 23 253 2139 579 1826 44 355 421 25 51 17 2 
5 60 5 5 213 66 533 2 2 156 2 37 5 7 1 
4 25 6 0 193 65 77 4 5 0 0 13 0 0 0 
2 12 1 0 102 10 23 0 1 0 0 8 0 0 0 
3 20 3 0 116 32 54 1 4 0 0 4 0 0 0 
7 52 19 2 286 228 309 26 14 48 8 31 1 4 0 
11 85 46 9 280 546 614 101 24 230 48 40 15 13 1 
9 83 33 3 283 511 726 64 25 83 19 43 1 10 0 
2 39 1 0 144 29 502 0 5 0 0 41 0 0 0 
8 58 23 5 235 222 427 36 8 154 10 35 10 7 0 
13 79 70 8 265 717 515 209 33 143 66 37 11 11 0 
7 40 18 3 218 190 166 21 8 32 13 12 1 1 0 
10 60 37 8 263 326 441 70 12 172 36 34 14 9 0 
7 36 21 0 296 174 99 35 21 0 0 18 0 0 0 
2 20 1 0 154 14 83 0 3 0 0 11 0 0 0 
4 14 6 0 131 38 23 4 2 0 0 5 0 0 0 
2 19 1 0 83 17 118 0 1 0 0 5 0 0 0 
4 50 4 2 181 85 508 1 8 41 2 40 1 4 0 
2 33 1 0 163 29 281 0 2 0 0 31 0 0 0 
2 10 1 0 117 8 15 0 1 0 0 6 0 0 0 
2 40 0 1 148 0 485 0 0 32 0 39 0 4 0 
3 49 1 2 176 31 521 0 4 53 0 41 1 3 0 
4 42 5 1 253 76 291 2 9 26 2 27 0 3 0 
4 26 4 2 178 39 74 1 3 29 2 12 1 2 0 
2 38 1 0 136 36 495 0 1 0 0 43 0 0 0 
3 15 3 0 114 24 27 1 3 0 0 6 0 0 0 
2 28 1 0 146 24 173 0 2 0 0 13 0 0 0 
2 12 1 0 95 12 25 0 0 0 0 6 0 0 0 
2 23 1 0 148 23 132 0 0 0 0 9 0 0 0 
2 18 1 0 160 12 61 0 3 0 0 12 0 0 0 
4 31 4 2 164 60 137 1 3 27 2 8 1 0 0 
3 61 0 3 214 0 682 0 0 100 0 42 0 11 1 
9 42 34 2 348 255 102 70 27 23 14 22 0 2 0 
3 25 3 0 138 46 131 1 2 0 0 7 0 0 0 
17 73 131 5 393 1040 334 607 32 52 71 30 2 6 0 
4 27 6 0 148 75 131 4 3 0 0 8 0 0 0 
2 22 1 0 121 20 128 0 1 0 0 7 0 0 0 
2 19 0 1 124 0 73 0 0 15 0 10 0 2 0 
2 23 1 0 125 19 131 0 2 0 0 10 0 0 0 
3 30 3 0 163 52 186 1 4 0 0 16 0 0 0 
2 22 0 1 134 0 120 0 0 22 0 6 0 0 0 
6 20 13 2 193 80 29 12 1 18 8 3 0 0 0 
5 62 7 3 233 126 666 3 4 92 5 43 2 11 0 
