0 38
0 57
1 8
1 21
1 56
1 57
2 6
2 26
2 52
2 57
3 18
3 57
4 54
4 56
5 12
5 54
6 50
6 54
6 57
6 59
7 25
7 48
7 57
8 13
8 51
9 14
9 37
9 56
9 57
10 27
10 54
11 22
11 54
12 13
12 27
12 28
13 22
13 48
14 33
14 57
15 27
15 32
16 27
16 48
16 57
17 19
17 32
17 34
17 38
17 39
17 43
17 48
17 54
17 58
18 27
18 40
18 42
19 57
20 23
20 54
20 57
21 56
22 56
23 28
24 25
25 27
25 34
25 43
25 57
26 48
27 44
27 48
27 52
27 55
27 57
28 32
28 33
28 47
28 48
28 50
28 54
29 41
29 54
30 35
30 48
30 56
31 38
31 56
32 47
32 57
33 54
35 51
35 54
36 38
36 54
37 49
38 39
38 45
40 45
40 48
40 66
40 70
41 48
41 54
41 55
41 70
42 46
42 48
42 66
42 76
42 82
42 91
43 50
43 63
43 91
43 98
44 48
44 54
44 63
44 72
44 84
44 85
44 89
45 49
45 54
45 57
45 90
45 98
46 48
46 56
46 91
47 48
47 53
47 60
47 70
48 49
48 51
48 53
48 54
48 55
48 56
48 57
48 58
48 63
48 64
48 65
48 66
48 67
48 69
48 74
48 77
48 78
48 81
48 88
48 99
49 58
49 66
49 92
49 98
50 53
50 68
50 98
51 63
51 68
51 87
52 69
52 72
52 74
53 80
54 57
54 58
54 64
54 96
55 66
55 89
55 91
56 57
56 59
56 67
56 91
57 62
57 63
57 75
57 79
57 88
57 91
57 99
58 99
59 62
59 92
60 66
61 62
61 70
61 89
62 63
62 67
62 93
62 99
63 69
63 79
63 86
63 88
63 89
64 69
64 70
64 71
64 79
64 86
64 91
64 97
65 70
66 67
66 95
67 68
67 69
67 70
67 71
67 78
67 80
67 83
67 89
67 94
68 80
68 82
68 87
68 91
69 74
69 75
69 77
69 80
69 94
72 73
72 90
73 91
74 89
76 99
78 89
79 96
81 98
82 92
83 91
84 98
85 91
87 89
87 91
89 96
90 91
91 92
91 93
91 95
91 97
