4 44 6 0 208 114 246 4 9 0 0 17 0 0 0 
7 37 19 2 277 175 155 26 5 31 8 16 1 3 0 
4 23 5 1 204 47 103 2 2 16 2 11 0 1 0 
3 27 3 0 155 44 137 1 5 0 0 14 0 0 0 
2 33 1 0 190 29 242 0 2 0 0 26 0 0 0 
4 42 5 1 216 90 272 2 6 18 2 17 0 3 0 
5 53 8 2 256 143 349 5 10 43 4 22 1 3 0 
2 39 1 0 148 35 527 0 2 0 0 44 0 0 0 
4 29 6 0 182 83 128 4 2 0 0 5 0 0 0 
4 36 5 1 214 71 184 2 5 21 2 15 0 3 0 
3 36 2 1 177 44 223 0 6 16 1 24 0 0 0 
3 30 3 0 138 54 199 1 3 0 0 20 0 0 0 
4 23 6 0 218 59 61 4 5 0 0 11 0 0 0 
4 42 6 0 173 118 525 4 4 0 0 43 0 0 0 
9 29 34 2 248 176 37 70 20 14 14 7 0 1 0 
9 33 33 3 332 210 51 64 15 20 19 13 1 2 0 
3 48 2 1 191 48 536 0 3 36 1 43 0 3 0 
9 69 32 4 284 421 632 58 11 91 25 41 0 9 1 
4 23 6 0 201 59 62 4 5 0 0 11 0 0 0 
3 39 3 0 240 66 235 1 6 0 0 18 0 0 0 
5 50 8 2 219 132 300 4 13 36 6 25 0 3 0 
2 17 0 1 119 0 69 0 0 15 0 7 0 1 0 
3 18 3 0 161 34 73 1 1 0 0 9 0 0 0 
3 17 2 1 140 20 39 0 2 10 1 6 0 0 0 
1 5 0 0 31 0 9 0 0 0 0 1 0 0 0 
6 31 14 1 250 121 136 16 5 22 4 15 0 1 0 
2 37 1 0 142 35 520 0 1 0 0 44 0 0 0 
11 77 49 6 311 557 545 118 21 155 40 41 7 8 0 
8 79 24 4 273 402 725 35 19 93 18 43 3 10 0 
3 32 2 1 164 34 192 0 3 18 1 17 0 3 0 
3 47 2 1 200 45 551 0 2 39 1 44 0 3 0 
2 18 1 0 115 18 78 0 0 0 0 10 0 0 0 
5 31 8 2 227 93 75 5 5 17 4 10 1 2 0 
4 41 5 1 187 78 220 2 10 23 2 22 0 1 0 
2 13 1 0 96 11 33 0 1 0 0 5 0 0 0 
3 27 3 0 183 48 182 1 3 0 0 19 0 0 0 
2 25 1 0 113 21 182 0 2 0 0 18 0 0 0 
2 10 1 0 94 8 19 0 1 0 0 5 0 0 0 
6 20 14 1 188 82 39 16 5 8 4 6 0 0 0 
3 17 2 1 109 21 37 0 1 11 1 5 0 0 0 
5 55 9 1 230 155 541 7 13 31 3 41 0 4 0 
7 64 15 6 258 198 580 14 7 150 13 33 7 11 1 
8 64 24 4 263 297 564 36 14 105 16 35 4 9 0 
6 57 14 1 282 243 284 16 12 18 4 16 0 0 0 
8 88 25 3 309 452 779 41 17 100 12 37 3 15 0 
8 61 25 3 303 334 303 39 19 49 16 27 1 3 0 
5 70 6 4 242 144 637 2 6 112 4 43 4 6 0 
7 54 16 5 221 208 496 15 11 92 15 42 5 1 0 
35 123 552 43 304 3587 293 5251 90 381 1171 9 121 17 2 
8 62 24 4 272 324 519 34 8 80 20 38 2 7 0 
16 70 118 2 516 932 149 532 51 16 28 26 0 0 0 
6 49 14 1 232 195 530 16 4 34 4 38 0 4 0 
5 25 9 1 183 83 66 7 4 7 3 13 0 1 0 
5 61 8 2 222 178 615 5 9 44 4 46 1 2 0 
21 99 193 17 372 1534 441 1057 48 320 225 30 46 15 2 
6 71 11 4 300 186 589 10 12 121 4 37 6 12 0 
14 97 82 9 303 986 712 271 27 205 78 42 15 8 0 
17 119 124 12 344 1524 770 520 47 246 140 32 20 20 0 
5 62 5 5 213 70 579 2 1 160 2 40 5 8 1 
4 26 6 0 198 66 89 4 6 0 0 11 0 0 0 
2 13 1 0 111 11 26 0 1 0 0 10 0 0 0 
2 11 1 0 63 9 25 0 1 0 0 0 0 0 0 
6 30 15 0 225 136 95 20 7 0 0 12 0 0 0 
11 81 50 5 348 581 552 130 23 159 25 39 10 12 0 
9 85 33 3 289 528 774 64 23 82 19 43 1 12 0 
2 40 1 0 148 30 533 0 5 0 0 43 0 0 0 
8 61 23 5 250 235 457 36 9 156 10 34 10 9 0 
12 73 60 6 274 596 528 169 25 135 42 35 9 11 0 
2 21 1 0 114 19 125 0 1 0 0 5 0 0 0 
10 59 37 8 246 321 464 70 10 172 36 30 14 9 0 
7 37 21 0 300 182 98 35 20 0 0 21 0 0 0 
3 34 3 0 212 58 177 1 5 0 0 11 0 0 0 
4 14 6 0 142 38 24 4 2 0 0 4 0 0 0 
2 19 1 0 79 17 119 0 1 0 0 4 0 0 0 
3 43 1 2 159 34 512 0 1 42 0 40 1 4 0 
2 25 1 0 172 21 136 0 2 0 0 20 0 0 0 
2 10 1 0 102 8 19 0 1 0 0 5 0 0 0 
3 45 1 2 175 13 495 0 0 65 0 39 1 6 0 
2 43 0 1 159 0 532 0 0 37 0 41 0 3 0 
3 24 3 0 210 36 76 1 6 0 0 12 0 0 0 
3 22 2 1 171 22 69 0 2 14 1 10 0 2 0 
2 39 1 0 151 37 526 0 1 0 0 45 0 0 0 
2 11 1 0 102 9 23 0 1 0 0 4 0 0 0 
5 52 9 1 294 161 272 7 14 19 3 19 0 0 0 
2 12 1 0 116 10 26 0 1 0 0 5 0 0 0 
2 23 1 0 155 23 134 0 0 0 0 7 0 0 0 
2 18 1 0 158 12 65 0 3 0 0 8 0 0 0 
2 21 1 0 114 19 125 0 1 0 0 5 0 0 0 
7 85 16 5 335 295 725 16 20 141 13 32 6 17 0 
2 21 1 0 146 15 89 0 3 0 0 11 0 0 0 
3 26 3 0 134 48 137 1 2 0 0 7 0 0 0 
17 69 132 4 464 972 211 622 39 44 56 21 2 5 0 
5 42 10 0 200 150 239 10 9 0 0 10 0 0 0 
3 36 3 0 155 64 229 1 4 0 0 6 0 0 0 
2 18 0 1 118 0 65 0 0 14 0 8 0 2 0 
3 29 3 0 178 50 143 1 4 0 0 13 0 0 0 
7 62 17 4 266 218 596 19 8 116 13 36 2 11 1 
2 22 0 1 132 0 121 0 0 22 0 5 0 0 0 
6 32 13 2 241 124 123 12 3 28 8 4 0 1 0 
4 42 5 1 179 84 501 2 3 30 2 40 0 3 0 
