0 38 0.93529
0 57 0.85496
1 8 0.7321
1 21 0.81009
1 56 0.67952
1 57 0.94322
2 6 0.67018
2 26 0.88068
2 52 0.64922
2 57 0.7888
3 18 0.93087
3 57 0.88183
4 54 0.95917
4 56 0.84033
5 12 0.93277
5 54 0.66822
6 50 0.84625
6 54 0.79663
6 57 0.87493
6 59 0.68985
7 25 0.5215
7 48 0.84226
7 57 0.58129
8 13 0.62381
8 51 0.61487
9 14 0.73275
9 37 0.53321
9 56 0.69824
9 57 0.54184
10 27 0.56317
10 54 0.62484
11 22 0.57004
11 54 0.67052
12 13 0.71034
12 27 0.71464
12 28 0.77508
13 22 0.956
13 48 0.81074
14 33 0.81736
14 57 0.55075
15 27 0.89151
15 32 0.58626
16 27 0.55594
16 48 0.59457
16 57 0.53211
17 19 0.96185
17 32 0.70371
17 34 0.83782
17 38 0.8758
17 39 0.76711
17 43 0.79316
17 48 0.81763
17 54 0.86475
17 58 0.67042
18 27 0.57292
18 40 0.64034
18 42 0.66035
19 57 0.66181
20 23 0.55659
20 54 0.55343
20 57 0.92184
21 56 0.55949
22 56 0.69669
23 28 0.69052
24 25 0.75993
25 27 0.78747
25 34 0.817
25 43 0.56512
25 57 0.71787
26 48 0.699
27 44 0.54632
27 48 0.91845
27 52 0.55113
27 55 0.82194
27 57 0.98629
28 32 0.62772
28 33 0.85184
28 47 0.96276
28 48 0.7365
28 50 0.75729
28 54 0.56368
29 41 0.56156
29 54 0.64318
30 35 0.9236
30 48 0.90785
30 56 0.58549
31 38 0.97258
31 56 0.682
32 47 0.51202
32 57 0.77184
33 54 0.58036
35 51 0.95221
35 54 0.56134
36 38 0.92414
36 54 0.79726
37 49 0.81726
38 39 0.53001
38 45 0.74511
40 45 0.69209
40 48 0.91631
40 66 0.63482
40 70 0.81528
41 48 0.50753
41 54 0.8307
41 55 0.50558
41 70 0.6783
42 46 0.96171
42 48 0.57258
42 66 0.95464
42 76 0.67856
42 82 0.59679
42 91 0.67628
43 50 0.63804
43 63 0.78291
43 91 0.96239
43 98 0.84874
44 48 0.93255
44 54 0.87339
44 63 0.51844
44 72 0.55249
44 84 0.75207
44 85 0.50806
44 89 0.61926
45 49 0.56913
45 54 0.8133
45 57 0.66989
45 90 0.8612
45 98 0.83002
46 48 0.91115
46 56 0.62126
46 91 0.95117
47 48 0.81488
47 53 0.70141
47 60 0.97407
47 70 0.95517
48 49 0.90902
48 51 0.51193
48 53 0.91927
48 54 0.56309
48 55 0.69018
48 56 0.91812
48 57 0.78022
48 58 0.53816
48 63 0.53932
48 64 0.77324
48 65 0.6168
48 66 0.62465
48 67 0.56049
48 69 0.92533
48 74 0.74365
48 77 0.6082
48 78 0.90755
48 81 0.96352
48 88 0.9656
48 99 0.51885
49 58 0.89093
49 66 0.70784
49 92 0.76672
49 98 0.91212
50 53 0.97641
50 68 0.70325
50 98 0.97331
51 63 0.8521
51 68 0.50938
51 87 0.79233
52 69 0.90694
52 72 0.52082
52 74 0.80182
53 80 0.91666
54 57 0.77485
54 58 0.72562
54 64 0.66712
54 96 0.59852
55 66 0.70392
55 89 0.80745
55 91 0.75815
56 57 0.56832
56 59 0.59809
56 67 0.54438
56 91 0.99168
57 62 0.73131
57 63 0.6459
57 75 0.71034
57 79 0.52454
57 88 0.87891
57 91 0.88104
57 99 0.67871
58 99 0.96071
59 62 0.83569
59 92 0.55553
60 66 0.65008
61 62 0.6646
61 70 0.704
61 89 0.60712
62 63 0.50736
62 67 0.89293
62 93 0.68783
62 99 0.60928
63 69 0.69023
63 79 0.77005
63 86 0.8599
63 88 0.8919
63 89 0.71371
64 69 0.90483
64 70 0.59373
64 71 0.73744
64 79 0.96306
64 86 0.74127
64 91 0.69496
64 97 0.73576
65 70 0.71559
66 67 0.90058
66 95 0.97163
67 68 0.75746
67 69 0.57939
67 70 0.6443
67 71 0.98626
67 78 0.91616
67 80 0.63431
67 83 0.73511
67 89 0.81485
67 94 0.94658
68 80 0.67168
68 82 0.68769
68 87 0.73665
68 91 0.78628
69 74 0.73199
69 75 0.64529
69 77 0.60811
69 80 0.90428
69 94 0.93262
72 73 0.66619
72 90 0.85427
73 91 0.73418
74 89 0.75676
76 99 0.73737
78 89 0.5306
79 96 0.84088
81 98 0.57871
82 92 0.93595
83 91 0.79762
84 98 0.78131
85 91 0.75596
87 89 0.90998
87 91 0.89346
89 96 0.80524
90 91 0.91684
91 92 0.78896
91 93 0.5955
91 95 0.54744
91 97 0.72841
