1 8 0.51438 6
1 13 0.75393 6
1 22 0.58798 6
1 24 0.5687 10
1 26 0.64209 8
1 28 0.65202 6
1 30 0.95742 14
1 40 0.8832 7
1 51 0.9013 8
1 53 0.7782 7
2 41 0.51851 5
2 51 0.65527 4
3 24 0.59049 6
3 51 0.53069 4
4 26 0.86726 4
4 30 0.88091 10
5 30 0.52847 10
5 33 0.81129 7
5 48 0.87253 3
6 11 0.88565 3
6 43 0.78543 9
7 38 0.75655 3
7 43 0.83756 9
8 29 0.81781 4
9 49 0.81182 9
9 60 0.50635 7
10 32 0.62753 4
10 42 0.75858 7
11 24 0.56174 7
11 30 0.7503 11
11 38 0.68458 4
12 30 0.63335 10
12 41 0.58573 5
13 26 0.60066 4
14 24 0.94107 6
14 30 0.89334 10
15 24 0.7538 6
15 33 0.68098 7
16 33 0.70947 7
16 37 0.99706 3
17 37 0.50598 3
17 41 0.67212 5
18 26 0.50247 4
18 32 0.64431 4
19 49 0.62093 9
19 51 0.90891 4
20 34 0.86719 2
20 42 0.60939 8
20 43 0.87828 9
21 30 0.73239 12
21 38 0.76814 5
21 42 0.88245 10
21 45 0.70064 9
21 46 0.94148 7
21 56 0.67142 7
21 60 0.52952 9
22 60 0.53418 7
23 29 0.6942 4
23 30 0.983 10
24 30 0.86298 14
24 37 0.51799 7
24 52 0.59274 8
24 53 0.57495 7
24 56 0.77099 9
24 58 0.97761 8
25 44 0.51259 6
25 58 0.58964 3
26 30 0.88593 12
26 36 0.72498 4
27 29 0.5712 4
27 46 0.7904 5
27 54 0.55726 7
28 30 0.64483 10
29 33 0.91356 9
29 39 0.88239 4
29 42 0.96724 9
30 31 0.8886 10
30 39 0.87847 10
30 43 0.52968 17
30 45 0.53716 15
30 46 0.76244 12
30 55 0.85508 12
30 56 0.85701 12
31 43 0.82732 9
32 33 0.64156 9
32 35 0.95688 4
32 40 0.88168 5
32 58 0.78832 5
33 34 0.93101 7
33 42 0.63679 12
33 47 0.83822 8
33 49 0.98707 14
33 52 0.95944 9
33 54 0.75764 12
33 60 0.96801 12
35 44 0.67086 6
36 44 0.59693 6
37 52 0.56227 5
38 42 0.57395 8
39 49 0.61748 9
40 43 0.69874 10
40 54 0.92451 8
41 42 0.81197 11
41 43 0.99725 12
41 44 0.8034 10
41 75 0.9323 18
41 84 0.55081 7
41 89 0.96186 6
42 43 0.84144 14
42 47 0.51967 9
42 59 0.99304 9
42 63 0.50952 12
42 75 0.85896 20
42 91 0.80211 10
43 44 0.83303 13
43 49 0.60632 16
43 50 0.64818 10
43 51 0.78028 11
43 60 0.91417 14
43 63 0.81581 13
43 67 0.60123 9
43 80 0.79717 11
44 45 0.56433 11
44 53 0.73656 7
44 57 0.97129 7
44 63 0.97695 11
44 64 0.9969 6
44 93 0.55401 6
45 54 0.70283 12
45 57 0.5816 8
45 62 0.75025 8
45 69 0.5946 7
45 72 0.64104 7
45 74 0.89388 9
45 75 0.92657 19
45 79 0.94619 7
45 94 0.74848 8
46 49 0.96544 11
46 50 0.76676 5
46 74 0.69531 6
46 92 0.50982 4
47 52 0.62896 5
47 92 0.94941 3
47 98 0.75217 4
48 56 0.6721 5
48 89 0.64693 4
48 95 0.86142 4
49 54 0.88053 14
49 59 0.92597 10
49 61 0.73291 9
49 63 0.55258 13
49 69 0.62192 9
49 75 0.63772 21
49 76 0.80392 9
49 81 0.72725 13
49 91 0.76225 11
49 99 0.6616 9
50 54 0.56235 8
50 56 0.86607 5
51 54 0.95489 9
51 63 0.91166 9
52 82 0.94279 4
52 100 0.79885 5
53 80 0.59337 5
54 70 0.89637 7
54 75 0.9412 19
54 80 0.9832 9
54 85 0.73893 8
54 96 0.86689 7
55 59 0.93722 5
55 65 0.98025 4
55 71 0.71442 4
55 75 0.63764 16
55 80 0.70286 6
56 76 0.55777 5
56 84 0.60269 6
57 60 0.76613 8
57 68 0.70424 3
58 62 0.77762 5
58 78 0.56534 4
59 75 0.84385 16
59 81 0.69814 8
60 63 0.84741 11
60 75 0.62239 19
60 78 0.53624 7
60 82 0.62186 7
60 83 0.5446 7
60 93 0.55325 7
61 71 0.95666 2
61 75 0.75651 15
62 75 0.85609 16
62 77 0.69567 3
62 85 0.55412 4
63 66 0.75659 6
63 68 0.96908 7
63 75 0.57811 19
63 86 0.88338 6
63 100 0.98578 7
64 99 0.59547 2
65 70 0.97025 2
66 95 0.65703 3
67 75 0.6832 14
68 75 0.62193 15
70 79 0.72741 3
72 84 0.9835 4
73 75 0.91581 14
73 80 0.51221 4
74 81 0.66961 8
74 86 0.92929 4
74 88 0.97424 4
74 90 0.7558 4
75 76 0.81655 15
75 77 0.55437 14
75 80 0.90729 16
75 81 0.63159 19
75 82 0.73208 15
75 83 0.69149 14
75 84 0.64501 16
75 88 0.97081 14
75 91 0.91371 17
75 94 0.73089 15
75 95 0.80007 16
75 97 0.72359 14
75 98 0.58432 15
78 95 0.78959 4
79 91 0.71823 5
81 84 0.51192 8
81 87 0.96392 6
81 91 0.88762 9
81 95 0.97539 8
81 97 0.81929 6
81 99 0.95771 7
81 100 0.73236 7
84 98 0.87356 4
85 91 0.52697 5
85 96 0.52804 3
87 100 0.50525 3
89 91 0.811 5
89 94 0.94165 4
90 94 0.82799 3
