-1 -22 -8 -2 -113 -167 -131 -27 -19 -49 -14 -18 -3 -2 -1 
-5 -54 -14 -6 -245 -213 -314 -13 -23 -109 -14 -21 -8 -13 0 
-2 -31 -3 -2 -114 -51 -225 -1 -7 -46 -2 -17 -1 -7 0 
0 -12 0 0 -52 0 -126 0 0 -8 0 -13 0 -2 0 
-1 -23 -2 -1 -93 -61 -223 -1 -7 -23 -2 -25 0 -1 0 
-9 -53 -49 -5 -289 -521 -228 -122 -56 -51 -41 -26 -2 -4 0 
-1 -20 -2 0 -101 -42 -168 -1 -8 0 0 -22 0 0 0 
-2 -29 -2 -3 -108 -33 -213 0 -3 -66 -3 -14 0 -5 -1 
-1 -13 -2 0 -101 -38 -85 -1 -7 0 0 -8 0 0 0 
-1 -17 0 -2 -63 -1 -138 0 1 -44 0 -11 -1 -4 0 
-1 -16 -2 -2 -116 -55 -114 0 -5 -24 -5 -12 -1 -2 0 
0 -5 0 0 -27 -5 -86 0 0 0 0 -9 0 0 0 
0 -8 0 0 -56 0 -48 0 0 -6 0 -9 0 -1 0 
0 -5 0 0 -25 0 -83 0 0 -3 0 -7 0 -1 0 
-1 -18 -2 0 -81 -47 -153 -1 -5 0 0 -18 0 0 0 
-1 -19 -1 -1 -70 -22 -153 0 0 -22 -1 -18 0 -4 0 
0 0 0 0 -8 0 1 0 0 0 0 -1 0 0 0 
0 -7 0 0 -47 -5 -46 0 -1 0 0 -10 0 0 0 
-2 -28 -1 -4 -109 -11 -185 0 -3 -93 -1 -11 -2 -8 -1 
0 -2 0 0 -42 -3 -7 0 0 -1 0 -5 0 0 0 
5 23 16 4 102 216 -35 18 11 73 14 -7 3 1 0 
0 -1 0 0 -40 -1 -7 0 0 0 0 -2 0 0 0 
0 -5 0 0 -32 -3 -87 0 -1 0 0 -8 0 0 0 
0 -8 1 -1 -94 -36 -61 5 -3 -32 -1 -8 -4 -3 0 
-8 -44 -43 -1 -372 -422 -115 -112 -37 -12 -8 -20 0 0 0 
-7 -40 -54 -9 -187 -453 -251 -164 -15 -155 -86 -23 -14 -5 -2 
0 -1 0 0 -52 0 -15 0 -1 0 0 -3 0 0 0 
0 -6 0 0 -38 0 -90 0 0 -4 0 -8 0 -1 0 
0 -14 0 0 -81 -52 -129 0 -4 -4 0 -16 0 -3 0 
-5 -20 -92 -8 -150 -615 -45 -753 -35 -69 -182 -13 -19 -3 -1 
-1 -13 -1 -1 -75 -22 -102 0 -4 -24 0 -11 -1 -1 0 
0 -9 1 -1 -55 -23 -105 4 -1 -18 -4 -14 0 -1 0 
-9 -29 -128 -16 -160 -913 -46 -813 -44 -154 -255 -8 -41 -5 -1 
-1 -19 -1 -1 -71 -21 -153 0 0 -22 -1 -18 0 -4 0 
0 0 0 0 -23 0 1 0 0 0 0 -1 0 0 0 
-1 -25 -1 -1 -124 -35 -197 0 0 -22 -1 -19 0 -4 0 
0 -1 0 0 -37 -3 1 0 0 0 0 -2 0 0 0 
0 -7 0 0 -47 -13 -47 0 -6 6 0 -3 0 -1 0 
-2 -25 -6 -1 -132 -125 -192 -6 -16 -17 -3 -15 0 0 0 
-1 -12 -4 0 -117 -68 -59 -6 -10 0 0 -9 0 0 0 
0 -7 1 -1 -102 -29 2 5 -7 -13 -3 -7 -2 0 0 
-1 -4 -11 -2 -77 -73 -51 -54 -9 -36 -14 -8 -10 -3 0 
0 -20 2 -2 -127 -168 -157 26 -44 -36 -24 -15 -2 -4 0 
0 -14 0 0 -116 -119 -43 0 -11 1 0 -6 0 0 0 
1 1 11 0 -30 90 -61 49 4 -11 7 -6 -1 1 0 
1 -4 6 0 -25 29 -122 14 1 -2 1 -9 0 -1 0 
0 -11 0 0 -35 -25 -118 0 0 -13 0 -12 0 -3 0 
-2 -27 -5 -4 -122 -99 -195 -2 0 -60 -12 -13 -2 -3 0 
-3 -30 -48 -3 -125 -645 -138 -326 -41 -55 -79 -17 -4 -8 0 
-2 -24 -5 -4 -79 -81 -161 -6 -4 -99 -4 -11 -6 -4 0 
-1 -26 -4 -3 -164 -102 -149 -5 -28 -58 -13 -21 -3 -6 0 
0 -10 0 0 -46 -41 -112 0 0 -9 0 -17 0 0 0 
0 -1 0 0 -45 -2 -5 0 0 -1 0 -3 0 0 0 
-2 -36 -22 -3 -101 -488 -306 -101 -26 -68 -40 -21 -3 -8 0 
-1 -17 -6 0 -108 -131 -117 -13 -10 -1 -2 -12 0 0 0 
0 -6 2 -2 -47 -2 -70 7 2 -32 -4 -4 -3 -3 0 
0 0 0 0 -34 3 7 0 -2 1 0 0 0 0 0 
0 -8 0 0 -53 -26 -33 0 -3 0 0 -3 0 0 0 
-3 -35 -16 -2 -146 -322 -203 -23 -18 -53 -19 -10 -4 -4 0 
0 -18 0 0 -73 -157 -143 0 -22 3 0 -13 0 0 0 
0 -2 0 0 -38 -2 -19 0 0 -4 0 -2 0 1 0 
0 3 0 0 -18 7 31 0 1 3 0 3 0 0 0 
0 -7 0 0 -110 -42 -29 0 -11 -10 0 -12 0 2 0 
0 0 0 0 -16 0 0 0 0 0 0 0 0 0 0 
0 -1 0 0 -18 -1 -5 0 0 0 0 0 0 0 0 
-1 -6 -1 -1 -41 -12 -15 0 -2 -8 -1 0 0 -1 0 
0 1 0 0 -31 1 24 0 0 0 0 1 0 0 0 
-1 -6 -3 0 -54 -42 1 -2 -7 1 -1 2 0 0 0 
0 -2 0 0 -29 -2 -35 0 0 0 0 -3 0 0 0 
0 -1 0 0 -30 -2 -19 0 0 0 0 -3 0 0 0 
0 -1 0 0 -19 -1 -5 0 0 0 0 0 0 0 0 
0 1 0 0 2 1 10 0 0 0 0 0 0 0 0 
0 1 0 0 -14 0 21 0 0 1 0 3 0 0 0 
0 3 0 0 -10 13 22 0 1 0 0 2 0 0 0 
1 -11 23 3 -141 -146 -65 239 -14 -13 71 -8 14 -4 1 
0 -2 0 0 -43 -2 -17 0 0 -4 0 -4 0 1 0 
0 1 0 0 -9 0 21 0 0 1 0 3 0 0 0 
0 -1 0 0 -28 0 -2 0 -1 0 0 -2 0 0 0 
1 7 2 0 57 24 21 1 1 0 0 4 0 0 0 
0 -2 0 0 -78 -4 -1 0 -3 0 0 -2 0 0 0 
1 -6 8 2 -67 -14 -51 27 -3 18 11 -7 6 0 1 
0 1 0 0 -40 1 21 0 0 1 0 3 0 0 0 
0 1 0 0 -30 0 21 0 0 1 0 3 0 0 0 
0 1 0 0 -34 4 29 0 -1 1 0 0 0 1 0 
1 4 3 0 19 24 -7 2 3 -2 1 1 0 0 0 
0 0 0 0 -4 0 0 0 0 0 0 0 0 0 0 
-1 -7 -2 0 -62 -23 -16 0 -1 0 -1 1 0 0 0 
0 1 0 0 -8 1 22 0 0 0 0 3 0 0 0 
-4 -24 -20 -2 -140 -207 -135 -41 -15 -11 -10 -18 -1 0 0 
0 0 0 0 1 0 0 0 0 0 0 0 0 0 0 
5 32 16 4 15 213 193 19 6 94 13 -3 2 14 1 
0 1 0 0 -15 1 5 0 0 0 0 0 0 0 0 
-6 -34 -26 -1 -287 -311 -98 -50 -22 -7 -6 -21 0 -1 0 
0 -2 0 0 -32 -4 14 0 -2 2 0 1 0 0 0 
-1 -4 -3 -2 -60 -35 19 -2 -6 -15 -7 0 -1 1 0 
0 -1 0 0 -31 0 -17 0 0 -1 0 -3 0 0 0 
0 2 0 0 -17 0 29 0 0 0 0 3 0 1 0 
-1 -6 -3 0 -50 -42 2 -2 -5 1 -1 1 0 0 0 
0 -2 0 0 -32 -2 -34 0 0 -4 0 -3 0 1 0 
-1 -7 -4 0 -58 -44 -13 -5 -4 0 -1 0 0 0 0 
