11 60 48 7 272 433 266 112 24 107 44 24 8 6 1 
7 68 15 6 353 225 352 13 24 109 14 26 8 13 0 
4 47 4 2 197 65 278 1 8 46 2 24 1 7 0 
2 32 0 1 122 0 242 0 0 26 0 23 0 3 0 
4 54 5 1 229 121 402 2 8 23 2 40 0 1 0 
11 71 50 5 402 537 326 122 57 51 41 36 2 4 0 
3 38 3 0 205 58 266 1 9 0 0 32 0 0 0 
4 43 3 3 171 47 253 0 3 66 3 20 0 5 1 
3 39 3 0 248 56 229 1 11 0 0 24 0 0 0 
3 34 1 2 161 16 204 0 0 44 0 21 1 4 0 
5 45 7 3 226 113 263 2 7 43 7 22 1 5 0 
2 30 1 0 153 28 235 0 1 0 0 24 0 0 0 
2 20 0 1 108 0 78 0 0 16 0 13 0 2 0 
2 30 0 1 111 0 230 0 0 22 0 16 0 4 0 
3 39 3 0 183 66 243 1 6 0 0 28 0 0 0 
3 33 2 1 146 34 206 0 1 22 1 23 0 4 0 
2 11 1 0 87 11 25 0 0 0 0 6 0 0 0 
2 17 1 0 90 15 63 0 1 0 0 13 0 0 0 
4 49 2 4 233 26 292 0 6 93 1 24 2 8 1 
3 28 2 1 197 28 140 0 1 22 1 18 0 2 0 
2 35 1 0 165 33 278 0 1 0 0 31 0 0 0 
2 21 1 0 147 21 89 0 0 0 0 11 0 0 0 
2 27 1 0 119 23 221 0 2 0 0 20 0 0 0 
11 49 48 7 236 361 179 113 5 107 41 14 11 6 0 
10 58 44 1 441 436 163 112 37 12 8 23 0 0 0 
13 64 66 12 278 529 369 174 15 195 94 31 16 7 2 
3 23 3 0 192 38 88 1 4 0 0 10 0 0 0 
2 30 0 1 120 0 228 0 0 24 0 18 0 3 0 
6 41 14 1 269 160 221 16 7 23 4 26 0 4 0 
23 84 234 19 418 1569 230 1407 54 161 330 29 33 5 1 
3 43 1 2 197 22 295 0 4 54 0 29 1 1 0 
6 30 14 1 190 124 165 16 3 18 4 18 0 1 0 
21 94 190 20 431 1526 280 995 67 208 291 34 43 6 1 
3 32 2 1 158 32 204 0 1 22 1 23 0 4 0 
2 15 1 0 91 15 51 0 0 0 0 4 0 0 0 
3 40 2 1 195 50 246 0 0 22 1 25 0 4 0 
4 16 5 1 107 33 35 2 1 13 2 8 0 0 0 
4 27 5 1 203 53 102 2 8 10 2 16 0 1 0 
5 62 9 1 295 191 419 7 20 17 3 39 0 0 0 
5 52 10 0 314 172 246 10 18 0 0 28 0 0 0 
9 73 31 5 330 424 411 54 20 104 25 38 5 8 0 
14 85 79 12 371 790 436 242 40 199 100 32 22 18 0 
16 108 109 11 462 1254 495 423 98 154 120 48 17 8 0 
11 63 52 3 400 531 214 139 23 43 25 19 1 5 0 
11 78 50 5 288 623 504 124 16 117 37 43 4 4 0 
6 51 14 1 252 208 350 16 11 19 4 30 0 3 0 
5 38 8 2 202 98 205 5 1 44 4 23 1 4 0 
6 42 11 4 241 142 217 6 1 60 12 16 2 3 0 
19 116 156 15 409 1621 527 747 83 255 191 37 29 23 2 
6 62 11 4 300 173 334 10 15 99 4 28 6 4 0 
8 72 24 4 420 327 349 35 42 73 18 39 3 10 0 
6 39 13 2 204 156 192 12 3 31 8 26 0 1 0 
4 33 5 1 201 79 111 2 1 16 2 16 0 1 0 
14 114 83 8 373 1171 730 275 53 169 82 48 7 18 0 
7 67 19 2 300 320 503 26 13 46 8 47 1 5 0 
7 48 17 4 271 200 227 19 3 66 12 15 4 8 0 
4 32 5 1 223 56 119 2 11 18 2 11 0 0 0 
5 30 10 0 169 114 87 10 3 0 0 11 0 0 0 
8 93 21 7 350 399 580 25 23 168 21 31 9 19 1 
12 89 62 4 357 772 552 184 55 83 32 50 4 7 0 
3 42 2 1 178 41 382 0 1 31 1 30 0 5 0 
5 38 8 2 169 93 270 5 2 51 4 26 1 2 0 
11 91 46 9 336 619 488 103 34 199 43 37 19 12 0 
2 12 1 0 87 12 42 0 0 0 0 4 0 0 0 
2 8 1 0 80 8 14 0 0 0 0 2 0 0 0 
3 20 2 1 161 24 56 0 3 8 1 10 0 1 0 
2 40 1 0 185 28 367 0 6 0 0 38 0 0 0 
4 43 5 1 210 74 306 2 11 27 2 30 0 3 0 
2 28 1 0 188 24 178 0 2 0 0 20 0 0 0 
3 15 3 0 126 28 70 1 1 0 0 8 0 0 0 
2 8 1 0 105 6 13 0 1 0 0 3 0 0 0 
2 15 1 0 120 13 47 0 1 0 0 8 0 0 0 
2 28 0 1 124 0 258 0 0 24 0 24 0 2 0 
6 27 15 0 198 123 77 20 6 0 0 14 0 0 0 
26 91 298 27 391 1861 243 2009 66 262 535 19 55 10 1 
3 47 2 1 218 51 393 0 1 31 1 34 0 5 0 
2 27 0 1 104 0 254 0 0 25 0 25 0 1 0 
3 20 3 0 153 36 64 1 2 0 0 7 0 0 0 
2 12 1 0 89 10 41 0 1 0 0 5 0 0 0 
6 57 12 3 304 172 377 11 15 77 6 38 3 3 0 
10 58 37 8 260 336 308 69 9 150 39 22 11 9 1 
3 39 2 1 183 42 304 0 1 30 1 27 0 2 0 
2 34 0 1 150 0 296 0 0 30 0 25 0 2 0 
6 46 12 3 215 141 267 11 3 73 6 29 3 5 0 
3 16 2 1 145 16 63 0 2 12 1 9 0 0 0 
2 15 1 0 116 15 46 0 0 0 0 9 0 0 0 
3 18 2 1 127 23 44 0 1 11 1 8 0 0 0 
2 30 1 0 112 26 283 0 2 0 0 27 0 0 0 
8 44 26 2 303 259 175 45 19 11 10 27 1 0 0 
2 8 1 0 64 6 12 0 1 0 0 1 0 0 0 
2 31 1 0 187 19 204 0 6 0 0 27 0 0 0 
2 9 1 0 87 9 13 0 0 0 0 3 0 0 0 
8 55 27 1 399 326 191 50 25 7 6 28 0 1 0 
4 41 5 1 172 80 305 2 5 29 2 28 0 2 0 
6 44 12 3 194 157 293 9 8 39 10 28 1 4 0 
2 13 0 1 117 0 59 0 0 13 0 7 0 0 0 
2 32 0 1 125 0 279 0 0 24 0 25 0 4 0 
4 39 5 1 173 77 281 2 6 24 2 28 0 2 0 
3 26 2 1 161 27 147 0 0 21 1 17 0 2 0 
5 31 9 1 211 103 84 7 6 9 3 20 0 0 0 
