0 5
0 7
0 12
0 21
0 23
0 25
0 27
0 29
0 39
0 50
0 52
1 5
1 10
1 32
1 40
1 41
1 48
1 50
2 23
2 25
2 29
2 50
3 25
3 29
4 24
4 29
4 32
4 47
5 8
5 10
5 24
5 30
5 32
5 37
5 38
5 42
5 54
6 32
6 37
6 42
7 25
7 28
7 29
8 48
8 59
9 31
9 32
9 41
10 23
10 29
10 37
11 29
11 40
12 25
13 23
13 29
14 23
14 24
14 32
15 25
15 32
15 36
16 36
16 40
17 25
17 31
18 25
18 32
18 48
18 50
19 33
19 41
19 42
20 29
20 41
21 59
22 28
22 29
23 29
23 36
23 51
23 52
23 55
23 57
24 38
24 39
24 43
24 49
24 57
24 58
24 59
25 29
25 32
25 33
25 35
25 48
26 28
26 45
26 53
27 29
28 32
28 38
28 41
29 30
29 38
29 42
29 44
29 45
29 47
29 49
29 53
29 54
29 55
30 42
31 32
31 34
31 39
31 57
32 33
32 35
32 41
32 46
32 48
32 50
32 51
32 53
32 58
32 59
34 43
35 43
36 51
37 41
38 48
39 42
39 53
40 41
40 42
40 43
40 74
40 83
40 88
41 42
41 46
41 58
41 62
41 74
41 90
42 43
42 48
42 49
42 50
42 59
42 62
42 66
42 79
43 44
43 52
43 56
43 62
43 63
43 92
44 53
44 56
44 61
44 68
44 71
44 73
44 74
44 78
44 93
45 48
45 49
45 73
45 91
46 51
46 91
46 97
47 55
47 88
47 92
47 94
48 53
48 58
48 60
48 62
48 68
48 74
48 75
48 80
48 88
48 90
48 98
49 53
49 55
50 53
50 62
51 81
51 99
52 79
53 69
53 74
53 79
53 84
53 92
53 95
54 58
54 64
54 70
54 74
54 79
55 75
55 83
55 92
56 59
56 67
57 61
57 77
58 74
58 80
58 92
59 62
59 74
59 77
59 81
59 82
59 92
60 70
60 74
61 74
61 76
61 84
62 65
62 67
62 74
62 85
62 99
63 98
64 69
65 88
65 94
66 74
67 74
67 92
69 78
71 83
72 74
72 79
73 80
73 85
73 87
73 89
74 75
74 76
74 79
74 80
74 81
74 82
74 83
74 87
74 93
74 94
74 96
74 97
77 94
80 83
80 86
80 94
80 96
80 98
80 99
83 97
84 95
86 92
86 99
88 93
88 94
88 97
88 99
89 93
