10 38 40 5 159 266 135 85 5 58 30 6 5 4 0 
2 14 1 0 108 12 38 0 1 0 0 5 0 0 0 
2 16 1 0 83 14 53 0 1 0 0 7 0 0 0 
2 20 0 1 70 0 116 0 0 18 0 10 0 1 0 
3 31 3 0 136 60 179 1 1 0 0 15 0 0 0 
2 18 1 0 113 16 98 0 1 0 0 10 0 0 0 
2 18 1 0 104 16 98 0 1 0 0 10 0 0 0 
2 14 1 0 63 14 40 0 0 0 0 6 0 0 0 
2 26 1 0 147 18 144 0 4 0 0 16 0 0 0 
2 17 1 0 98 15 66 0 1 0 0 10 0 0 0 
4 29 5 1 110 58 149 2 2 19 2 10 0 3 0 
2 25 1 0 126 23 149 0 1 0 0 15 0 0 0 
2 12 0 1 52 0 30 0 0 10 0 4 0 1 0 
2 25 0 1 86 0 147 0 0 19 0 9 0 3 0 
2 21 1 0 102 19 90 0 1 0 0 10 0 0 0 
2 14 1 0 76 12 53 0 1 0 0 5 0 0 0 
2 11 1 0 79 11 26 0 0 0 0 5 0 0 0 
2 10 1 0 43 10 17 0 0 0 0 3 0 0 0 
2 21 1 0 124 15 107 0 3 0 0 13 0 0 0 
3 26 2 1 155 25 133 0 1 21 1 13 0 2 0 
7 58 17 4 267 249 243 18 12 73 14 24 3 1 0 
2 20 1 0 107 20 82 0 0 0 0 9 0 0 0 
2 22 1 0 87 20 134 0 1 0 0 12 0 0 0 
11 41 49 6 142 325 118 118 2 75 40 6 7 3 0 
2 14 1 0 69 14 48 0 0 0 0 3 0 0 0 
6 24 12 3 91 76 118 10 0 40 8 8 2 2 0 
3 22 3 0 140 38 73 1 3 0 0 7 0 0 0 
2 24 0 1 82 0 138 0 0 20 0 10 0 2 0 
6 27 14 1 188 108 92 16 3 19 4 10 0 1 0 
18 64 142 11 268 954 185 654 19 92 148 16 14 2 0 
2 30 0 1 122 0 193 0 0 30 0 18 0 0 0 
6 21 15 0 135 101 60 20 2 0 0 4 0 0 0 
12 65 62 4 271 613 234 182 23 54 36 26 2 1 0 
2 13 1 0 87 11 51 0 1 0 0 5 0 0 0 
2 15 1 0 68 15 52 0 0 0 0 3 0 0 0 
2 15 1 0 71 15 49 0 0 0 0 6 0 0 0 
4 15 5 1 70 30 36 2 1 13 2 6 0 0 0 
4 20 5 1 156 40 55 2 2 16 2 13 0 0 0 
3 37 3 0 163 66 227 1 4 0 0 24 0 0 0 
4 40 6 0 197 104 187 4 8 0 0 19 0 0 0 
9 66 32 4 228 395 413 59 13 91 22 31 3 8 0 
13 81 68 10 294 717 385 188 31 163 86 24 12 15 0 
16 88 111 9 335 1086 338 449 54 118 96 33 15 4 0 
11 49 52 3 284 412 171 139 12 44 25 13 1 5 0 
12 79 61 5 258 713 443 173 20 106 44 37 3 5 0 
7 47 20 1 227 237 228 30 12 17 5 21 0 2 0 
5 27 8 2 167 73 87 5 1 31 4 11 1 1 0 
4 15 6 0 119 43 22 4 1 0 0 3 0 0 0 
16 86 108 12 284 976 389 421 42 200 112 20 25 15 2 
4 38 6 0 221 92 173 4 11 0 0 17 0 0 0 
7 46 20 1 256 225 200 30 14 15 5 18 0 4 0 
6 29 13 2 158 115 80 12 3 22 8 9 0 1 0 
4 32 5 1 156 77 106 2 1 15 2 13 0 1 0 
12 78 61 5 272 683 424 174 27 101 42 27 4 10 0 
6 50 13 2 192 189 386 13 3 45 6 35 1 5 0 
7 42 19 2 224 198 157 26 5 34 8 11 1 5 0 
4 32 5 1 189 59 126 2 9 19 2 11 0 0 0 
5 22 10 0 116 88 54 10 0 0 0 8 0 0 0 
5 58 5 5 204 77 377 2 5 115 2 21 5 15 1 
12 71 62 4 284 615 409 184 33 86 32 37 4 7 0 
3 40 2 1 140 39 363 0 1 27 1 28 0 6 0 
5 41 8 2 151 100 301 5 3 54 4 29 1 2 0 
11 84 46 9 226 577 459 103 23 189 43 25 19 14 0 
2 12 1 0 71 12 42 0 0 0 0 4 0 0 0 
2 7 1 0 62 7 9 0 0 0 0 2 0 0 0 
2 14 1 0 120 12 41 0 1 0 0 10 0 0 0 
2 41 1 0 154 29 391 0 6 0 0 39 0 0 0 
3 37 2 1 156 32 307 0 4 28 1 32 0 3 0 
2 26 1 0 159 22 143 0 2 0 0 17 0 0 0 
3 14 3 0 96 26 51 1 1 0 0 5 0 0 0 
2 7 1 0 86 5 8 0 1 0 0 3 0 0 0 
2 16 1 0 122 14 57 0 1 0 0 8 0 0 0 
2 29 0 1 110 0 279 0 0 25 0 27 0 2 0 
6 30 15 0 188 136 99 20 7 0 0 16 0 0 0 
27 80 321 30 250 1715 178 2248 52 249 606 11 69 6 2 
3 45 2 1 175 49 376 0 1 27 1 30 0 6 0 
2 28 0 1 95 0 275 0 0 26 0 28 0 1 0 
3 19 3 0 125 36 62 1 1 0 0 5 0 0 0 
3 19 3 0 146 34 62 1 2 0 0 9 0 0 0 
6 55 12 3 226 168 376 11 12 77 6 36 3 3 0 
11 52 45 10 193 322 257 96 6 168 50 15 17 9 2 
3 40 2 1 143 43 325 0 1 31 1 30 0 2 0 
2 35 0 1 120 0 317 0 0 31 0 28 0 2 0 
6 47 12 3 181 145 296 11 2 74 6 29 3 6 0 
4 20 5 1 164 40 56 2 5 10 2 10 0 0 0 
2 15 1 0 112 15 46 0 0 0 0 9 0 0 0 
2 11 0 1 65 0 28 0 0 11 0 9 0 0 0 
2 31 1 0 104 27 305 0 2 0 0 30 0 0 0 
4 20 6 0 163 52 40 4 4 0 0 9 0 0 0 
2 8 1 0 65 6 12 0 1 0 0 1 0 0 0 
7 63 17 4 202 232 397 19 12 94 13 24 2 14 1 
2 10 1 0 72 10 18 0 0 0 0 3 0 0 0 
2 21 1 0 112 15 93 0 3 0 0 7 0 0 0 
4 39 5 1 140 76 319 2 3 31 2 29 0 2 0 
5 40 9 1 134 122 312 7 2 24 3 28 0 5 0 
2 12 0 1 86 0 42 0 0 12 0 4 0 0 0 
2 34 0 1 108 0 308 0 0 24 0 28 0 5 0 
3 33 2 1 123 35 283 0 1 25 1 29 0 2 0 
3 24 2 1 129 25 113 0 0 17 1 14 0 3 0 
4 24 5 1 153 59 71 2 2 9 2 20 0 0 0 
