0 5 0.65853
0 7 0.51438
0 12 0.75393
0 21 0.58798
0 23 0.5687
0 25 0.64209
0 27 0.65202
0 29 0.95742
0 39 0.8832
0 50 0.9013
0 52 0.7782
1 5 0.51089
1 10 0.6975
1 32 0.87385
1 40 0.51851
1 41 0.87777
1 48 0.74594
1 50 0.65527
2 23 0.59049
2 25 0.77429
2 29 0.68165
2 50 0.53069
3 25 0.86726
3 29 0.88091
4 24 0.63993
4 29 0.52847
4 32 0.81129
4 47 0.87253
5 8 0.88535
5 10 0.88565
5 24 0.76698
5 30 0.7966
5 32 0.76978
5 37 0.928
5 38 0.99619
5 42 0.78543
5 54 0.65467
6 32 0.97342
6 37 0.75655
6 42 0.83756
7 25 0.71793
7 28 0.81781
7 29 0.74291
8 48 0.81182
8 59 0.50635
9 31 0.62753
9 32 0.75867
9 41 0.75858
10 23 0.56174
10 29 0.7503
10 37 0.68458
11 29 0.63335
11 40 0.58573
12 25 0.97482
13 23 0.94107
13 29 0.89334
14 23 0.7538
14 24 0.69833
14 32 0.68098
15 25 0.5905
15 32 0.70947
15 36 0.99706
16 36 0.50598
16 40 0.67212
17 25 0.50247
17 31 0.64431
18 25 0.69762
18 32 0.83507
18 48 0.62093
18 50 0.90891
19 33 0.86719
19 41 0.60939
19 42 0.87828
20 29 0.73239
20 41 0.88245
21 59 0.53418
22 28 0.6942
22 29 0.983
23 29 0.86298
23 36 0.51799
23 51 0.59274
23 52 0.57495
23 55 0.77099
23 57 0.97761
24 38 0.71506
24 39 0.78873
24 43 0.51259
24 49 0.87907
24 57 0.58964
24 58 0.64951
24 59 0.55075
25 29 0.88593
25 32 0.53031
25 33 0.60684
25 35 0.72498
25 48 0.68878
26 28 0.5712
26 45 0.7904
26 53 0.55726
27 29 0.64483
28 32 0.91356
28 38 0.88239
28 41 0.96724
29 30 0.8886
29 38 0.98501
29 42 0.52968
29 44 0.53716
29 45 0.76244
29 47 0.70103
29 49 0.69735
29 53 0.70526
29 54 0.71714
29 55 0.85701
30 42 0.82732
31 32 0.64156
31 34 0.95688
31 39 0.88168
31 57 0.78832
32 33 0.93101
32 35 0.6048
32 41 0.63679
32 46 0.83822
32 48 0.98707
32 50 0.91459
32 51 0.95944
32 53 0.75764
32 58 0.90656
32 59 0.96801
34 43 0.67086
35 43 0.59693
36 51 0.56227
37 41 0.57395
38 48 0.61748
39 42 0.69874
39 53 0.92451
40 41 0.81197
40 42 0.99725
40 43 0.8034
40 74 0.9323
40 83 0.55081
40 88 0.96186
41 42 0.84144
41 46 0.51967
41 58 0.99304
41 62 0.50952
41 74 0.85896
41 90 0.80211
42 43 0.83303
42 48 0.60632
42 49 0.64818
42 50 0.78028
42 59 0.91417
42 62 0.81581
42 66 0.60123
42 79 0.79717
43 44 0.56433
43 52 0.73656
43 56 0.97129
43 62 0.97695
43 63 0.9969
43 92 0.55401
44 53 0.70283
44 56 0.5816
44 61 0.75025
44 68 0.5946
44 71 0.64104
44 73 0.89388
44 74 0.92657
44 78 0.94619
44 93 0.74848
45 48 0.96544
45 49 0.76676
45 73 0.69531
45 91 0.50982
46 51 0.62896
46 91 0.94941
46 97 0.75217
47 55 0.6721
47 88 0.64693
47 92 0.77095
47 94 0.86142
48 53 0.88053
48 58 0.92597
48 60 0.73291
48 62 0.55258
48 68 0.62192
48 74 0.63772
48 75 0.80392
48 80 0.72725
48 88 0.92662
48 90 0.76225
48 98 0.6616
49 53 0.56235
49 55 0.86607
50 53 0.95489
50 62 0.91166
51 81 0.94279
51 99 0.79885
52 79 0.59337
53 69 0.89637
53 74 0.9412
53 79 0.9832
53 84 0.73893
53 92 0.55728
53 95 0.86689
54 58 0.93722
54 64 0.98025
54 70 0.71442
54 74 0.63764
54 79 0.70286
55 75 0.55777
55 83 0.60269
55 92 0.54547
56 59 0.76613
56 67 0.70424
57 61 0.77762
57 77 0.56534
58 74 0.84385
58 80 0.69814
58 92 0.68418
59 62 0.84741
59 74 0.62239
59 77 0.53624
59 81 0.62186
59 82 0.5446
59 92 0.55325
60 70 0.95666
60 74 0.75651
61 74 0.85609
61 76 0.69567
61 84 0.55412
62 65 0.75659
62 67 0.96908
62 74 0.57811
62 85 0.88338
62 99 0.98578
63 98 0.59547
64 69 0.97025
65 88 0.55017
65 94 0.65703
66 74 0.6832
67 74 0.62193
67 92 0.52101
69 78 0.72741
71 83 0.9835
72 74 0.91581
72 79 0.51221
73 80 0.66961
73 85 0.92929
73 87 0.97424
73 89 0.7558
74 75 0.81655
74 76 0.55437
74 79 0.90729
74 80 0.63159
74 81 0.73208
74 82 0.69149
74 83 0.64501
74 87 0.97081
74 93 0.73089
74 94 0.80007
74 96 0.72359
74 97 0.58432
77 94 0.78959
80 83 0.51192
80 86 0.96392
80 94 0.97539
80 96 0.81929
80 98 0.95771
80 99 0.73236
83 97 0.87356
84 95 0.52804
86 92 0.99934
86 99 0.50525
88 93 0.94165
88 94 0.59984
88 97 0.53135
88 99 0.99011
89 93 0.82799
