1 2 0.63763 6
1 3 0.60515 6
1 16 0.85214 8
1 19 0.81723 7
1 22 0.54799 6
1 30 0.91623 8
1 39 0.92115 7
1 41 0.9002 18
1 42 0.68818 7
1 53 0.6214 9
1 59 0.50033 11
2 16 0.98549 4
3 44 0.57067 10
4 7 0.99531 3
4 20 0.55272 4
4 28 0.72527 7
4 44 0.52892 12
4 49 0.54836 6
5 9 0.75346 4
5 10 0.64663 7
5 12 0.71115 5
5 50 0.78755 9
5 56 0.822 6
5 57 0.82505 5
6 41 0.974 14
6 44 0.94044 10
7 29 0.66808 3
8 16 0.87467 7
8 19 0.73978 6
8 29 0.82092 6
8 35 0.60328 6
8 39 0.82455 6
8 41 0.72764 17
8 44 0.768 14
8 46 0.77029 8
8 56 0.54496 8
9 41 0.61804 14
9 53 0.87861 5
10 27 0.76977 6
10 30 0.76915 7
10 34 0.98876 5
10 41 0.70882 17
10 48 0.73355 6
10 52 0.93966 7
10 56 0.7416 8
10 60 0.86919 7
11 21 0.52607 4
11 46 0.80258 5
12 35 0.59796 3
12 41 0.66693 15
12 50 0.55031 8
13 58 0.92208 5
13 59 0.89226 7
14 21 0.97714 4
14 50 0.85826 7
15 41 0.61497 14
15 58 0.57797 5
16 22 0.50506 4
16 29 0.79204 5
16 54 0.68418 6
17 18 0.96744 3
17 19 0.96428 3
18 31 0.94786 3
18 41 0.85029 15
18 53 0.85269 5
19 52 0.53376 5
20 23 0.68601 3
20 44 0.97013 11
21 38 0.61224 4
21 41 0.56003 16
21 44 0.78487 13
21 45 0.86468 9
21 55 0.87595 5
23 30 0.76366 4
23 45 0.82732 7
24 41 0.82499 14
24 58 0.71017 5
25 28 0.86074 6
25 44 0.62245 11
25 47 0.65957 5
25 51 0.52677 5
26 40 0.67201 2
26 59 0.72951 7
27 34 0.58097 2
27 46 0.65681 5
28 41 0.82609 17
28 44 0.80189 14
28 46 0.979 8
28 50 0.87302 11
28 53 0.86162 8
28 56 0.57454 8
28 58 0.8963 8
29 44 0.59348 11
30 43 0.75319 5
30 58 0.93135 7
30 59 0.75823 9
31 41 0.64482 14
31 49 0.55471 5
32 44 0.73659 10
33 44 0.56737 10
33 56 0.86552 4
35 47 0.91427 4
36 41 0.66507 14
36 44 0.58387 10
37 41 0.90532 14
37 50 0.73809 7
38 41 0.54562 14
39 41 0.61836 14
40 44 0.66758 11
40 45 0.9768 7
41 44 0.90926 22
41 45 0.6945 18
41 47 0.61878 16
41 50 0.55842 19
41 51 0.51184 16
41 52 0.60882 16
41 55 0.63925 15
41 57 0.73977 15
41 66 0.76189 15
41 97 0.74985 14
42 44 0.76149 11
42 47 0.50132 5
42 59 0.5015 8
43 44 0.89171 12
43 45 0.83741 8
43 54 0.62597 5
43 86 0.80921 5
44 54 0.56447 12
44 93 0.71665 11
44 95 0.85093 17
45 46 0.85139 9
45 48 0.50387 7
45 57 0.57403 8
45 64 0.78623 9
45 67 0.94696 9
45 74 0.91033 7
46 53 0.55392 7
46 60 0.66623 6
46 95 0.6575 12
47 95 0.57636 11
47 96 0.78334 5
48 61 0.88586 13
48 99 0.88583 9
49 57 0.58427 6
49 60 0.77543 6
49 73 0.66426 5
49 80 0.74415 5
49 99 0.72314 11
50 52 0.58124 9
50 54 0.92846 9
50 58 0.87378 10
50 59 0.85864 12
50 71 0.82064 8
50 79 0.79991 7
50 93 0.62741 8
51 70 0.74653 4
51 80 0.64514 5
51 84 0.81406 5
51 95 0.54182 11
52 61 0.72763 14
52 82 0.92067 4
53 75 0.61097 6
53 95 0.52603 11
54 66 0.63978 5
54 95 0.9071 11
55 61 0.96979 13
55 84 0.96942 4
56 61 0.506 15
56 99 0.74021 11
57 86 0.5059 5
58 61 0.73016 15
58 90 0.54637 8
59 60 0.5354 8
59 61 0.82041 17
59 64 0.58869 9
59 74 0.92779 7
59 87 0.74394 7
59 90 0.87842 10
60 95 0.73176 10
61 62 0.81903 12
61 65 0.68986 15
61 66 0.70945 13
61 67 0.68444 15
61 68 0.68906 13
61 71 0.51375 13
61 75 0.90389 14
61 77 0.79594 12
61 78 0.52369 12
61 82 0.75929 13
61 83 0.60165 12
61 84 0.66421 13
61 88 0.74281 13
61 92 0.99245 13
61 95 0.93465 19
61 96 0.78335 13
61 99 0.91533 19
62 67 0.97028 4
63 68 0.80015 2
63 87 0.86457 2
64 65 0.71139 7
64 69 0.63506 5
64 76 0.82571 5
64 77 0.8681 4
64 99 0.97816 11
65 67 0.94876 7
65 75 0.60429 6
65 81 0.65822 5
65 93 0.64742 6
65 97 0.8163 5
65 99 0.55162 11
66 75 0.73197 4
67 82 0.61594 5
67 86 0.64578 6
67 94 0.60133 4
68 70 0.58643 3
69 85 0.87776 2
69 90 0.88561 5
70 90 0.68309 5
71 95 0.59193 9
72 86 0.86119 4
72 92 0.96345 3
73 91 0.96643 2
73 99 0.59497 9
74 89 0.64134 2
75 85 0.69285 3
76 78 0.90951 2
76 88 0.91667 3
79 99 0.62186 8
80 95 0.65409 10
80 96 0.97179 4
81 95 0.78814 9
83 99 0.86886 8
84 99 0.66138 9
86 90 0.91065 7
86 100 0.97127 4
87 90 0.72854 5
88 99 0.79838 9
89 95 0.55088 9
90 91 0.6829 5
90 99 0.64117 11
92 95 0.63824 10
92 100 0.65541 3
93 99 0.75934 9
94 99 0.96944 8
95 97 0.72968 9
95 98 0.77864 9
95 99 0.51892 15
96 98 0.92828 3
