1 2 0.63763 6
1 3 0.60515 7
1 16 0.85214 8
1 19 0.81723 7
1 22 0.54799 6
1 30 0.91623 6
1 39 0.92115 6
1 41 0.9002 18
1 42 0.68818 8
1 53 0.6214 11
1 59 0.50033 11
2 16 0.98549 3
3 35 0.95154 7
3 44 0.57067 12
4 7 0.99531 4
4 20 0.55272 4
4 28 0.72527 7
4 44 0.52892 13
4 49 0.54836 6
5 10 0.61354 9
5 57 0.82505 3
6 41 0.974 13
6 44 0.94044 11
7 10 0.8281 10
7 29 0.66808 3
7 35 0.78381 7
8 35 0.52435 7
8 44 0.768 12
8 46 0.69847 5
9 41 0.61804 13
9 53 0.87861 6
10 11 0.97982 9
10 27 0.76977 9
10 30 0.76915 9
10 32 0.81349 9
10 34 0.98876 9
10 40 0.57468 10
10 41 0.70882 20
10 42 0.99558 11
10 48 0.73355 10
10 51 0.72782 12
10 52 0.93966 12
10 56 0.7416 10
10 58 0.955 12
10 60 0.86919 11
11 21 0.52607 5
11 46 0.80258 5
12 35 0.59796 7
12 41 0.66693 14
12 50 0.55031 7
13 58 0.92208 5
13 59 0.89226 6
14 21 0.97714 4
14 50 0.85826 7
15 41 0.61497 13
15 58 0.57797 5
16 22 0.50506 3
16 29 0.79204 4
16 54 0.68418 6
17 18 0.96744 3
17 19 0.96428 2
18 31 0.94786 3
18 41 0.85029 14
18 53 0.85269 7
19 52 0.53376 5
20 23 0.68601 2
20 44 0.97013 12
21 38 0.61224 4
21 41 0.56003 16
21 44 0.78487 14
21 45 0.86468 9
21 55 0.87595 5
23 45 0.82732 6
24 41 0.82499 13
24 58 0.71017 5
25 28 0.86074 6
25 44 0.62245 12
25 47 0.65957 5
25 51 0.52677 6
26 35 0.72095 7
26 40 0.67201 4
26 59 0.72951 7
27 34 0.58097 2
27 46 0.65681 5
28 41 0.82609 17
28 44 0.80189 15
28 46 0.979 8
28 50 0.87302 10
28 53 0.86162 10
28 56 0.57454 7
28 58 0.8963 9
29 44 0.59348 12
31 41 0.64482 14
31 49 0.55471 5
32 44 0.73659 11
33 44 0.56737 11
33 56 0.86552 3
35 40 0.52875 8
35 42 0.9598 8
35 44 0.94914 16
35 47 0.91427 9
35 48 0.65971 8
35 53 0.68319 11
36 41 0.66507 13
36 44 0.58387 11
37 41 0.90532 13
37 50 0.73809 7
38 41 0.54562 13
39 41 0.61836 13
40 44 0.66758 13
40 45 0.9768 8
41 44 0.90926 23
41 45 0.6945 18
41 47 0.61878 16
41 50 0.55842 18
41 51 0.51184 16
41 52 0.60882 16
41 55 0.63925 14
41 57 0.73977 15
41 66 0.76189 14
41 97 0.74985 14
42 44 0.76149 13
42 47 0.50132 6
42 59 0.5015 8
43 44 0.89171 12
43 45 0.83741 7
43 54 0.62597 6
43 86 0.80921 5
44 54 0.56447 14
44 78 0.67158 15
44 93 0.71665 13
44 95 0.85093 18
45 46 0.85139 9
45 48 0.50387 8
45 57 0.57403 8
45 64 0.78623 9
45 67 0.94696 9
45 74 0.91033 8
46 53 0.55392 9
46 60 0.66623 7
46 95 0.6575 12
47 68 0.69847 8
47 95 0.57636 11
47 96 0.78334 5
48 61 0.88586 14
48 99 0.88583 13
49 57 0.58427 6
49 60 0.77543 6
49 73 0.66426 5
49 80 0.74415 8
49 99 0.72314 14
50 52 0.58124 10
50 54 0.92846 10
50 58 0.87378 10
50 59 0.85864 11
50 71 0.82064 8
50 79 0.79991 7
50 93 0.62741 8
51 70 0.74653 5
51 78 0.86671 9
51 80 0.64514 9
51 84 0.81406 6
51 95 0.54182 12
52 61 0.72763 15
52 68 0.59253 9
52 78 0.92857 9
52 82 0.92067 6
53 65 0.6636 12
53 75 0.61097 8
53 80 0.73269 10
53 95 0.52603 13
53 99 0.65908 16
54 66 0.63978 6
54 78 0.86116 9
54 95 0.9071 12
54 99 0.51698 15
55 61 0.96979 13
55 84 0.96942 4
56 61 0.506 14
56 99 0.74021 13
57 86 0.5059 5
58 61 0.73016 16
58 65 0.84845 11
58 90 0.54637 8
59 60 0.5354 8
59 61 0.82041 17
59 64 0.58869 9
59 74 0.92779 8
59 87 0.74394 7
59 90 0.87842 9
60 65 0.83191 10
60 95 0.73176 11
61 62 0.81903 13
61 65 0.68986 18
61 66 0.70945 13
61 67 0.68444 15
61 68 0.68906 16
61 71 0.51375 13
61 75 0.90389 14
61 77 0.79594 13
61 78 0.52369 16
61 82 0.75929 13
61 83 0.60165 12
61 84 0.66421 14
61 88 0.74281 13
61 92 0.99245 13
61 95 0.93465 19
61 96 0.78335 13
61 99 0.91533 22
62 67 0.97028 5
62 99 0.51743 12
63 68 0.80015 6
63 87 0.86457 2
64 65 0.71139 10
64 69 0.63506 5
64 76 0.82571 5
64 77 0.8681 5
64 99 0.97816 14
65 67 0.94876 10
65 75 0.60429 10
65 78 0.51634 12
65 80 0.78697 12
65 81 0.65822 9
65 84 0.7878 9
65 93 0.64742 9
65 97 0.8163 9
65 99 0.55162 18
66 75 0.73197 5
67 82 0.61594 5
67 86 0.64578 6
67 94 0.60133 4
68 70 0.58643 6
68 74 0.98731 7
68 78 0.78834 10
68 85 0.6196 7
68 93 0.60833 7
68 98 0.73312 7
69 85 0.87776 3
69 90 0.88561 5
70 90 0.68309 5
71 95 0.59193 10
71 99 0.51909 13
72 86 0.86119 4
72 92 0.96345 3
73 91 0.96643 2
73 99 0.76438 12
74 78 0.73397 7
74 89 0.64134 3
75 80 0.76018 8
75 85 0.69285 5
76 78 0.90951 6
76 88 0.91667 3
77 80 0.60038 6
78 81 0.52322 7
79 99 0.62186 12
80 82 0.98568 7
80 85 0.99307 7
80 95 0.65409 13
80 96 0.97179 7
81 95 0.78814 10
81 99 0.80318 13
83 99 0.86886 12
84 99 0.66138 13
86 90 0.91065 7
86 100 0.97127 4
87 90 0.72854 5
88 99 0.79838 12
89 95 0.55088 9
90 91 0.6829 5
90 99 0.64117 15
92 95 0.63824 10
92 100 0.65541 3
93 99 0.75934 13
94 99 0.96944 12
95 97 0.72968 10
95 98 0.77864 10
95 99 0.51892 19
96 98 0.92828 4
97 99 0.7625 13
98 99 0.95089 13
