0 0 1 -1 59 15 -5 8 0 -13 -7 8 -1 -1 0 
0 -1 0 0 -4 0 -1 0 0 -1 0 -2 0 0 0 
1 10 1 1 33 16 54 0 2 22 1 0 0 3 0 
0 4 0 0 49 10 33 0 1 4 0 3 0 0 0 
-4 -12 -12 -2 -118 -91 21 -12 -10 -23 -8 -4 0 -1 0 
0 1 0 0 15 0 8 0 0 3 0 4 0 -1 0 
2 24 5 0 104 76 141 4 5 0 0 7 0 0 0 
-6 -28 -30 -3 -72 -347 -184 -59 -15 -53 -21 -7 -3 -2 0 
-1 -2 -2 0 27 -30 -7 -1 -4 0 0 3 0 0 0 
7 23 84 0 176 622 7 456 27 19 19 7 1 0 0 
1 15 2 0 65 37 102 1 3 0 0 3 0 0 0 
-1 3 -2 -1 34 -13 11 -1 -3 -15 -1 4 -1 0 0 
0 0 0 0 24 2 -3 0 -1 0 0 0 0 0 0 
0 -1 0 0 3 -1 -10 0 0 0 0 -1 0 0 0 
0 0 0 0 23 -2 -17 0 1 0 0 0 0 0 0 
-1 -5 -4 -1 -18 -25 -9 -4 -4 -7 -6 -1 0 -1 0 
0 -1 0 0 -3 -1 -2 0 0 0 0 0 0 0 0 
0 3 0 0 45 10 2 0 0 -1 0 5 0 0 0 
-1 -6 -3 0 -33 -28 -15 -3 -4 0 0 -2 0 0 0 
0 1 0 0 10 0 31 0 0 2 0 3 0 0 0 
0 2 0 0 31 12 12 0 1 0 0 4 0 -1 0 
0 -1 0 0 -4 0 -1 0 0 -1 0 -2 0 0 0 
-1 -5 -2 0 -31 -20 -9 -1 -1 0 0 -1 0 0 0 
0 0 0 0 23 -2 -17 0 1 0 0 0 0 0 0 
0 5 0 0 54 9 46 0 2 2 0 5 0 0 0 
1 9 1 1 60 17 25 0 1 10 1 3 0 1 0 
0 7 0 0 21 5 70 0 1 7 0 0 0 0 0 
0 3 0 0 83 17 14 0 0 9 0 9 0 -1 0 
-1 -1 -1 -2 2 1 38 0 1 -31 -2 4 -1 -1 0 
-4 -15 -13 -1 -106 -146 15 -16 -5 -17 -4 -2 0 -1 0 
0 -1 0 0 23 -1 -22 0 0 -1 0 -1 0 0 0 
1 17 1 0 78 29 136 0 3 0 0 6 0 0 0 
0 0 0 0 18 2 26 0 -1 0 0 2 0 0 0 
0 7 0 0 23 0 70 0 0 7 0 0 0 0 0 
8 32 46 6 218 326 133 118 20 82 38 15 8 0 0 
0 1 0 0 15 0 8 0 0 3 0 4 0 -1 0 
0 -2 0 0 8 0 -31 0 0 -2 0 -2 0 0 0 
0 -1 0 0 8 0 -22 0 0 -1 0 -1 0 0 0 
-1 -7 -1 -1 -22 -12 -19 0 -2 -28 0 -2 -1 -1 0 
2 24 5 2 85 100 148 4 9 30 4 3 1 3 0 
-1 5 -24 -1 99 18 86 -265 0 15 -30 8 -5 -2 0 
2 23 7 2 75 134 139 7 13 35 8 3 1 2 0 
-1 -1 -4 0 7 -46 32 -5 -1 2 -1 2 0 1 0 
2 13 36 3 131 354 24 285 20 10 73 13 3 1 0 
0 2 0 0 80 20 -15 0 1 -2 0 2 0 0 0 
0 0 0 0 69 -11 -7 0 1 5 0 6 0 2 0 
1 16 5 1 105 116 36 10 9 11 5 14 0 1 0 
1 24 4 0 81 127 212 5 7 3 1 22 0 2 0 
0 14 0 0 51 69 132 0 4 7 0 17 0 0 0 
-1 1 -11 -1 108 -56 -10 -51 4 -6 -14 5 -1 0 0 
2 28 12 1 144 223 93 28 14 39 8 17 0 2 0 
2 17 10 3 87 170 38 16 6 63 17 2 2 3 1 
4 41 28 6 111 444 232 78 16 84 43 15 8 15 1 
2 25 11 2 88 199 183 23 12 46 10 21 3 6 0 
0 0 0 0 46 0 -28 0 0 -2 0 7 0 1 0 
-2 3 -10 -1 -1 -102 150 -18 -3 -8 -7 12 0 2 0 
0 -5 0 0 15 -13 -30 0 -3 -1 0 -3 0 0 0 
1 20 7 1 92 165 117 20 9 22 8 13 0 5 0 
-1 2 -10 -1 94 -42 -5 -44 1 -9 -10 11 -1 0 0 
1 19 5 0 101 112 123 9 14 0 1 22 0 0 0 
0 19 -8 8 98 199 80 -133 39 117 101 3 29 12 3 
1 19 1 1 75 21 158 0 2 23 0 12 1 8 0 
0 7 0 0 27 7 31 0 0 0 0 4 0 0 0 
0 13 0 0 61 59 140 0 3 5 0 14 0 4 0 
6 35 52 11 164 501 69 184 35 154 88 11 34 9 2 
0 2 0 0 57 1 -23 0 2 1 0 13 0 0 0 
0 8 0 0 86 34 40 0 3 0 0 12 0 4 0 
7 28 38 4 262 322 3 91 17 67 25 11 2 2 1 
0 2 0 0 37 4 2 0 0 0 0 1 0 0 0 
0 9 0 0 61 16 41 0 1 0 0 5 0 0 0 
1 16 1 2 61 20 120 0 3 47 2 7 0 11 1 
0 0 0 0 -1 0 0 0 0 0 0 0 0 0 0 
0 7 0 0 21 7 100 0 0 7 0 12 0 0 0 
2 15 6 1 111 84 42 6 2 12 3 4 0 2 0 
1 13 1 4 97 28 48 -2 6 50 7 11 4 5 1 
0 8 0 0 74 14 29 0 1 0 0 7 0 0 0 
1 9 2 0 71 34 22 1 6 0 0 14 0 0 0 
8 56 37 7 315 501 208 71 29 119 43 23 5 9 1 
0 6 0 0 11 2 97 0 2 0 0 11 0 0 0 
6 28 34 5 202 301 58 77 24 57 33 20 5 4 1 
2 30 2 3 131 36 204 0 8 56 2 15 2 13 0 
1 11 3 0 83 48 32 1 6 -2 2 13 0 2 0 
0 7 0 0 30 0 96 0 0 3 0 16 0 2 0 
1 18 2 2 88 42 130 1 3 44 3 10 1 10 1 
2 17 4 1 105 49 56 2 1 8 2 8 0 2 0 
0 -1 0 0 9 -5 -3 0 0 0 0 0 0 0 0 
0 -1 0 0 17 -1 -8 0 0 -1 0 -1 0 0 0 
0 7 0 0 38 7 96 0 0 3 0 16 0 2 0 
0 2 0 0 32 2 -3 0 0 0 0 8 0 0 0 
0 7 0 0 46 50 105 0 0 -1 0 12 0 0 0 
0 0 0 0 14 0 0 0 0 0 0 0 0 0 0 
0 0 0 0 36 0 -15 0 0 0 0 15 0 0 0 
1 23 4 0 81 106 204 5 11 5 1 21 0 4 0 
0 7 0 0 20 5 107 0 1 0 0 12 0 0 0 
0 17 -7 7 90 64 87 -72 30 117 47 15 24 7 1 
0 9 0 0 75 11 26 0 8 0 0 15 0 0 0 
1 22 1 2 88 45 167 0 2 40 2 11 1 12 0 
2 28 4 1 114 72 193 2 7 22 2 19 0 6 0 
7 14 114 12 163 584 -44 832 24 101 198 4 53 8 2 
0 0 0 0 -1 0 0 0 0 0 0 0 0 0 0 
