0 1
0 2
0 15
0 18
0 21
0 29
0 38
0 40
0 41
0 52
0 58
1 15
2 34
2 43
3 6
3 19
3 27
3 43
3 48
4 9
4 56
5 40
5 43
6 9
6 28
6 34
7 34
7 43
7 45
8 40
8 52
9 10
9 26
9 29
9 31
9 33
9 39
9 40
9 41
9 47
9 50
9 51
9 55
9 57
9 59
10 20
10 45
11 34
11 40
11 49
12 57
12 58
13 20
13 49
14 40
14 57
15 21
15 28
15 53
16 17
16 18
17 30
17 40
17 52
18 51
19 22
19 43
20 37
20 40
20 43
20 44
20 54
22 44
23 40
23 57
24 27
24 43
24 46
24 50
25 34
25 39
25 58
26 33
26 45
27 40
27 43
27 45
27 49
27 52
27 55
27 57
28 43
30 40
30 48
31 43
32 43
32 55
34 39
34 41
34 43
34 46
34 47
34 52
35 40
35 43
36 40
36 49
37 40
38 40
39 43
39 44
40 43
40 44
40 46
40 49
40 50
40 51
40 54
40 56
40 65
40 96
41 43
41 46
41 58
42 43
42 44
42 53
42 85
43 53
43 77
43 92
43 94
44 45
44 47
44 56
44 63
44 66
44 73
45 52
45 59
45 94
46 67
46 94
46 95
47 60
47 98
48 56
48 59
48 72
48 79
48 98
49 51
49 53
49 57
49 58
49 70
49 78
49 92
50 69
50 77
50 79
50 83
50 94
51 60
51 67
51 77
51 81
52 64
52 74
52 79
52 94
52 98
53 65
53 77
53 94
53 98
54 60
54 83
55 60
55 98
56 85
57 60
57 64
57 89
58 59
58 60
58 63
58 73
58 86
58 89
59 64
59 94
60 61
60 64
60 65
60 66
60 67
60 70
60 74
60 76
60 77
60 81
60 82
60 83
60 87
60 91
60 94
60 95
60 98
61 66
61 98
62 67
62 86
63 64
63 68
63 75
63 76
63 98
64 66
64 74
64 77
64 79
64 80
64 83
64 92
64 96
64 98
65 74
66 81
66 85
66 93
67 69
67 73
67 77
67 84
67 92
67 97
68 84
68 89
69 89
70 94
70 98
71 85
71 91
72 90
72 98
73 77
73 88
74 79
74 84
75 77
75 87
76 79
77 80
78 98
79 81
79 84
79 94
79 95
80 94
80 98
82 98
83 98
85 89
85 99
86 89
87 98
88 94
89 90
89 98
91 94
91 99
92 98
93 98
94 96
94 97
94 98
95 97
96 98
97 98
