11 53 51 4 298 460 316 130 15 40 34 27 1 0 0 
2 12 0 1 60 0 37 0 0 10 0 2 0 1 0 
3 38 2 1 153 40 236 0 4 22 1 16 0 3 0 
5 35 8 2 202 92 178 5 2 40 4 14 1 2 0 
2 19 1 0 113 17 107 0 1 0 0 4 0 0 0 
2 42 0 1 146 0 402 0 0 36 0 22 0 3 0 
4 31 6 0 159 81 146 4 6 0 0 11 0 0 0 
3 35 2 1 150 36 213 0 3 22 1 15 0 3 0 
2 34 1 0 174 28 297 0 3 0 0 24 0 0 0 
16 73 117 3 453 954 303 519 42 55 40 28 1 1 0 
3 28 3 0 160 48 131 1 4 0 0 10 0 0 0 
3 43 2 1 175 49 324 0 2 27 1 19 0 3 0 
2 18 1 0 138 12 69 0 3 0 0 4 0 0 0 
2 17 1 0 115 15 61 0 1 0 0 9 0 0 0 
2 32 1 0 161 24 286 0 4 0 0 18 0 0 0 
5 17 8 2 146 50 44 5 1 16 4 6 1 0 0 
2 5 1 0 51 5 3 0 0 0 0 1 0 0 0 
4 35 5 1 178 75 275 2 3 24 2 23 0 0 0 
3 18 3 0 133 34 56 1 1 0 0 10 0 0 0 
3 23 2 1 109 24 162 0 0 20 1 12 0 1 0 
7 53 17 4 214 198 380 21 5 102 8 19 6 4 0 
2 12 0 1 60 0 37 0 0 10 0 2 0 1 0 
2 12 1 0 86 12 43 0 0 0 0 3 0 0 0 
2 32 1 0 161 24 286 0 4 0 0 18 0 0 0 
4 39 5 1 255 69 211 2 11 22 2 17 0 2 0 
3 22 2 1 156 30 78 0 1 10 1 6 0 1 0 
3 21 2 1 114 24 107 0 2 14 1 5 0 0 0 
9 79 30 6 360 450 461 47 21 124 32 24 5 8 0 
3 27 3 0 122 48 183 1 3 0 0 16 0 0 0 
2 25 1 0 120 21 143 0 2 0 0 7 0 0 0 
3 31 2 1 145 35 253 0 1 25 1 16 0 0 0 
2 35 1 0 151 29 278 0 3 0 0 17 0 0 0 
2 24 1 0 147 22 181 0 1 0 0 15 0 0 0 
2 15 0 1 79 0 89 0 0 15 0 2 0 0 0 
11 48 49 6 360 352 168 119 23 82 38 21 8 0 0 
2 42 0 1 146 0 402 0 0 36 0 22 0 3 0 
2 33 0 1 135 0 285 0 0 27 0 13 0 3 0 
2 28 0 1 127 0 251 0 0 22 0 12 0 3 0 
2 32 0 1 117 0 271 0 0 32 0 18 0 0 0 
5 53 8 2 222 152 333 5 12 30 4 16 1 3 0 
25 96 284 16 387 1990 327 1954 63 182 324 23 22 3 0 
6 65 12 3 282 229 368 9 19 52 10 18 1 3 0 
4 40 5 1 210 85 227 2 5 21 2 14 0 2 0 
21 86 196 14 404 1434 339 1083 55 162 228 30 19 7 0 
11 65 53 2 377 562 293 148 18 46 16 23 1 3 0 
8 48 25 3 357 263 158 40 10 49 14 23 2 2 0 
7 67 20 1 340 337 425 30 26 11 5 40 0 1 0 
5 76 9 1 288 237 556 7 13 25 3 39 0 8 0 
7 45 20 1 257 233 217 30 8 21 5 32 0 0 0 
12 66 61 5 444 560 288 177 30 102 36 28 7 2 0 
8 77 26 2 369 430 466 44 25 55 12 43 0 2 0 
8 83 22 6 295 394 550 25 16 141 27 32 3 7 1 
11 86 47 8 391 667 391 104 24 113 51 33 9 16 1 
8 78 24 4 333 397 451 36 21 95 16 46 4 6 0 
4 52 4 2 243 98 442 0 3 42 4 34 0 5 0 
5 65 9 1 286 201 496 7 9 25 3 37 0 8 0 
5 44 9 1 191 136 299 7 4 30 3 15 0 1 0 
9 75 34 2 362 494 429 70 28 38 14 39 0 6 0 
11 71 53 2 368 644 337 147 23 20 18 38 0 0 0 
6 64 14 1 338 262 314 16 19 18 4 35 0 1 0 
23 92 229 24 403 1604 264 1335 74 244 371 16 62 14 3 
3 45 1 2 168 21 365 0 2 45 0 25 1 10 0 
2 11 1 0 67 11 32 0 0 0 0 5 0 0 0 
7 58 20 1 278 286 321 30 15 20 5 28 0 6 0 
14 83 75 16 379 714 315 216 44 241 106 16 40 18 2 
4 56 5 1 267 129 467 2 7 23 2 46 0 1 0 
7 50 18 3 256 210 267 23 9 58 9 26 3 7 0 
10 53 41 4 347 372 219 92 17 67 25 27 2 2 1 
3 16 3 0 120 28 36 1 2 0 0 3 0 0 0 
3 23 3 0 171 44 71 1 1 0 0 7 0 0 0 
4 63 3 3 241 71 464 0 7 78 3 30 0 13 1 
2 8 1 0 55 6 12 0 1 0 0 1 0 0 0 
3 26 2 1 102 25 179 0 1 25 1 21 0 0 0 
5 37 9 1 252 126 137 7 3 12 3 9 0 2 0 
6 48 9 6 259 118 253 3 7 94 11 27 5 7 1 
3 17 3 0 169 28 43 1 3 0 0 9 0 0 0 
3 37 3 0 181 56 251 1 9 0 0 31 0 0 0 
10 80 38 7 393 523 424 71 30 119 43 39 5 9 1 
2 32 1 0 137 26 238 0 3 0 0 27 0 0 0 
10 55 39 6 360 354 166 79 29 75 35 27 5 4 1 
4 52 3 3 256 52 318 0 11 56 2 27 2 13 0 
4 40 4 2 215 57 224 1 6 43 2 27 1 4 0 
2 41 0 1 146 0 372 0 0 25 0 28 0 8 0 
5 58 6 4 268 101 396 2 6 87 5 23 2 16 1 
4 23 5 1 152 55 61 2 1 8 2 10 0 2 0 
6 22 15 0 161 102 39 20 4 0 0 6 0 0 0 
3 16 2 1 112 17 50 0 0 15 1 1 0 0 0 
3 43 2 1 155 41 373 0 2 25 1 28 0 8 0 
2 19 1 0 137 19 96 0 0 0 0 15 0 0 0 
8 49 27 1 227 313 261 50 10 10 6 25 0 0 0 
2 9 1 0 71 7 20 0 1 0 0 2 0 0 0 
4 37 5 1 167 74 269 2 1 31 2 32 0 2 0 
5 72 9 1 297 224 490 7 16 20 3 47 0 6 0 
2 27 1 0 121 21 200 0 3 0 0 25 0 0 0 
16 102 106 14 403 1153 501 394 64 219 137 34 28 15 1 
4 40 6 0 220 92 253 4 14 0 0 32 0 0 0 
4 69 4 2 294 127 564 1 8 40 2 40 1 12 0 
4 46 5 1 222 84 294 2 10 22 2 26 0 6 0 
22 79 209 22 405 1302 202 1181 43 245 280 14 77 13 2 
2 8 1 0 55 6 12 0 1 0 0 1 0 0 0 
