11 53 50 5 239 445 321 122 15 53 41 19 2 1 0 
2 13 0 1 64 0 38 0 0 11 0 4 0 1 0 
2 28 1 0 120 24 182 0 2 0 0 16 0 0 0 
5 31 8 2 153 82 145 5 1 36 4 11 1 2 0 
6 31 13 2 231 108 86 12 11 23 8 8 0 1 0 
2 41 0 1 131 0 394 0 0 33 0 18 0 4 0 
2 7 1 0 55 5 5 0 1 0 0 4 0 0 0 
9 63 32 4 222 383 397 59 18 75 22 22 3 5 0 
3 36 3 0 147 58 304 1 7 0 0 21 0 0 0 
9 50 33 3 277 332 296 63 15 36 21 21 0 1 0 
2 13 1 0 95 11 29 0 1 0 0 7 0 0 0 
4 40 4 2 141 62 313 1 5 42 2 15 1 3 0 
2 18 1 0 114 10 72 0 4 0 0 4 0 0 0 
2 18 1 0 112 16 71 0 1 0 0 10 0 0 0 
2 32 1 0 138 26 303 0 3 0 0 18 0 0 0 
6 22 12 3 164 75 53 9 5 23 10 7 1 1 0 
2 6 1 0 54 6 5 0 0 0 0 1 0 0 0 
4 32 5 1 133 65 273 2 3 25 2 18 0 0 0 
4 24 6 0 166 62 71 4 5 0 0 12 0 0 0 
3 22 2 1 99 24 131 0 0 18 1 9 0 1 0 
7 51 17 4 183 186 368 21 4 102 8 15 6 5 0 
2 13 0 1 64 0 38 0 0 11 0 4 0 1 0 
3 17 3 0 117 32 52 1 1 0 0 4 0 0 0 
2 32 1 0 138 26 303 0 3 0 0 18 0 0 0 
4 34 5 1 201 60 165 2 9 20 2 12 0 2 0 
2 13 1 0 96 13 53 0 0 0 0 3 0 0 0 
3 14 2 1 93 19 37 0 1 7 1 5 0 0 0 
9 76 30 6 277 433 447 47 21 115 32 15 5 9 0 
4 28 4 2 120 47 145 1 2 31 2 12 1 1 0 
6 40 14 1 226 167 128 16 7 17 4 9 0 1 0 
3 32 2 1 122 36 275 0 1 26 1 17 0 0 0 
1 18 0 0 73 0 142 0 0 0 0 11 0 0 0 
2 24 1 0 129 20 155 0 2 0 0 13 0 0 0 
2 8 0 1 56 0 19 0 0 8 0 2 0 0 0 
3 16 3 0 142 26 35 1 3 0 0 6 0 0 0 
2 41 0 1 131 0 394 0 0 33 0 18 0 4 0 
2 35 0 1 127 0 316 0 0 29 0 15 0 3 0 
2 29 0 1 119 0 273 0 0 23 0 13 0 3 0 
3 39 1 2 139 12 290 0 2 60 0 20 1 1 0 
3 29 3 0 137 52 185 1 3 0 0 13 0 0 0 
26 91 308 17 288 1972 241 2219 63 167 354 15 27 5 0 
4 42 5 1 207 95 229 2 6 17 2 15 0 1 0 
5 41 9 1 203 131 195 7 6 19 3 12 0 1 0 
19 73 160 11 273 1080 315 798 35 152 155 17 16 6 0 
11 63 53 2 297 542 308 148 17 48 16 21 1 3 0 
8 48 25 3 288 274 165 40 9 44 14 17 2 0 0 
6 51 15 0 235 221 389 20 17 0 0 26 0 0 0 
4 52 5 1 207 110 344 2 6 22 2 17 0 6 0 
7 31 20 1 206 164 85 30 4 14 5 15 0 0 0 
13 65 72 6 336 616 298 228 26 108 50 23 8 2 0 
6 49 14 1 225 207 373 16 11 16 4 26 0 0 0 
6 66 12 3 208 224 512 9 10 78 10 30 1 4 0 
7 45 19 2 280 223 159 26 8 29 8 18 1 1 0 
6 53 13 2 245 198 268 13 9 49 6 25 1 0 0 
4 52 4 2 197 98 470 0 3 44 4 27 0 4 0 
7 62 19 2 287 303 346 25 12 33 10 25 0 6 0 
5 49 9 1 176 149 329 7 7 31 3 18 0 1 0 
8 55 27 1 270 329 312 50 19 16 6 26 0 1 0 
12 69 63 3 274 686 342 191 22 29 28 27 1 0 0 
5 45 9 1 237 150 191 7 5 18 3 13 0 1 0 
23 73 237 16 305 1405 184 1468 35 127 270 13 33 2 0 
2 26 0 1 93 0 207 0 0 22 0 13 0 2 0 
2 4 1 0 40 4 1 0 0 0 0 1 0 0 0 
7 45 20 1 217 227 181 30 12 15 5 14 0 2 0 
8 48 23 5 215 213 246 32 9 87 18 5 6 9 0 
4 54 5 1 210 128 490 2 5 22 2 33 0 1 0 
7 42 18 3 170 176 227 23 6 58 9 14 3 3 0 
3 25 3 0 85 50 216 1 0 0 0 16 0 0 0 
3 14 3 0 83 24 34 1 2 0 0 2 0 0 0 
3 14 3 0 110 28 30 1 0 0 0 2 0 0 0 
3 47 2 1 180 51 344 0 4 31 1 23 0 2 0 
2 8 1 0 56 6 12 0 1 0 0 1 0 0 0 
3 19 2 1 81 18 79 0 1 18 1 9 0 0 0 
3 22 3 0 141 42 95 1 1 0 0 5 0 0 0 
5 35 8 2 162 90 205 5 1 44 4 16 1 2 0 
3 9 3 0 95 14 14 1 2 0 0 2 0 0 0 
2 28 1 0 110 22 229 0 3 0 0 17 0 0 0 
2 24 1 0 78 22 216 0 1 0 0 16 0 0 0 
2 26 1 0 126 24 141 0 1 0 0 16 0 0 0 
4 27 5 1 158 53 108 2 5 18 2 7 0 0 0 
2 22 1 0 125 16 114 0 3 0 0 12 0 0 0 
3 29 1 2 132 9 192 0 0 45 0 14 1 2 0 
2 34 0 1 116 0 276 0 0 22 0 12 0 6 0 
4 40 4 2 180 59 266 1 3 43 2 13 1 6 0 
2 6 1 0 47 6 5 0 0 0 0 2 0 0 0 
6 23 15 0 152 107 42 20 4 0 0 6 0 0 0 
3 17 2 1 95 18 58 0 0 16 1 2 0 0 0 
3 36 2 1 117 34 277 0 2 22 1 12 0 6 0 
2 17 1 0 105 17 99 0 0 0 0 7 0 0 0 
8 42 27 1 181 263 156 50 10 11 6 13 0 0 0 
2 9 1 0 57 7 20 0 1 0 0 2 0 0 0 
4 37 5 1 131 74 284 2 1 31 2 17 0 2 0 
4 49 5 1 216 118 286 2 5 15 2 26 0 2 0 
2 20 1 0 101 16 93 0 2 0 0 13 0 0 0 
16 85 113 7 313 1089 414 466 34 102 90 19 4 8 0 
4 31 6 0 145 81 227 4 6 0 0 17 0 0 0 
3 47 3 0 206 82 397 1 6 0 0 29 0 0 0 
2 18 1 0 108 12 101 0 3 0 0 7 0 0 0 
15 65 95 10 242 718 246 349 19 144 82 10 24 5 0 
2 8 1 0 56 6 12 0 1 0 0 1 0 0 0 
