0 1 0.63763
0 2 0.60515
0 15 0.85214
0 18 0.81723
0 21 0.54799
0 29 0.91623
0 38 0.92115
0 40 0.9002
0 41 0.68818
0 52 0.6214
0 58 0.50033
1 15 0.98549
2 34 0.95154
2 43 0.57067
3 6 0.99531
3 19 0.55272
3 27 0.72527
3 43 0.52892
3 48 0.54836
4 9 0.61354
4 56 0.82505
5 40 0.974
5 43 0.94044
6 9 0.8281
6 28 0.66808
6 34 0.78381
7 34 0.52435
7 43 0.768
7 45 0.69847
8 40 0.61804
8 52 0.87861
9 10 0.97982
9 26 0.76977
9 29 0.76915
9 31 0.81349
9 33 0.98876
9 39 0.57468
9 40 0.70882
9 41 0.99558
9 47 0.73355
9 50 0.72782
9 51 0.93966
9 55 0.7416
9 57 0.955
9 59 0.86919
10 20 0.52607
10 45 0.80258
11 34 0.59796
11 40 0.66693
11 49 0.55031
12 57 0.92208
12 58 0.89226
13 20 0.97714
13 49 0.85826
14 40 0.61497
14 57 0.57797
15 21 0.50506
15 28 0.79204
15 53 0.68418
16 17 0.96744
16 18 0.96428
17 30 0.94786
17 40 0.85029
17 52 0.85269
18 51 0.53376
19 22 0.68601
19 43 0.97013
20 37 0.61224
20 40 0.56003
20 43 0.78487
20 44 0.86468
20 54 0.87595
22 44 0.82732
23 40 0.82499
23 57 0.71017
24 27 0.86074
24 43 0.62245
24 46 0.65957
24 50 0.52677
25 34 0.72095
25 39 0.67201
25 58 0.72951
26 33 0.58097
26 45 0.65681
27 40 0.82609
27 43 0.80189
27 45 0.979
27 49 0.87302
27 52 0.86162
27 55 0.57454
27 57 0.8963
28 43 0.59348
30 40 0.64482
30 48 0.55471
31 43 0.73659
32 43 0.56737
32 55 0.86552
34 39 0.52875
34 41 0.9598
34 43 0.94914
34 46 0.91427
34 47 0.65971
34 52 0.68319
35 40 0.66507
35 43 0.58387
36 40 0.90532
36 49 0.73809
37 40 0.54562
38 40 0.61836
39 43 0.66758
39 44 0.9768
40 43 0.90926
40 44 0.6945
40 46 0.61878
40 49 0.55842
40 50 0.51184
40 51 0.60882
40 54 0.63925
40 56 0.73977
40 65 0.76189
40 96 0.74985
41 43 0.76149
41 46 0.50132
41 58 0.5015
42 43 0.89171
42 44 0.83741
42 53 0.62597
42 85 0.80921
43 53 0.56447
43 77 0.67158
43 92 0.71665
43 94 0.85093
44 45 0.85139
44 47 0.50387
44 56 0.57403
44 63 0.78623
44 66 0.94696
44 73 0.91033
45 52 0.55392
45 59 0.66623
45 94 0.6575
46 67 0.69847
46 94 0.57636
46 95 0.78334
47 60 0.88586
47 98 0.88583
48 56 0.58427
48 59 0.77543
48 72 0.66426
48 79 0.74415
48 98 0.72314
49 51 0.58124
49 53 0.92846
49 57 0.87378
49 58 0.85864
49 70 0.82064
49 78 0.79991
49 92 0.62741
50 69 0.74653
50 77 0.86671
50 79 0.64514
50 83 0.81406
50 94 0.54182
51 60 0.72763
51 67 0.59253
51 77 0.92857
51 81 0.92067
52 64 0.6636
52 74 0.61097
52 79 0.73269
52 94 0.52603
52 98 0.65908
53 65 0.63978
53 77 0.86116
53 94 0.9071
53 98 0.51698
54 60 0.96979
54 83 0.96942
55 60 0.506
55 98 0.74021
56 85 0.5059
57 60 0.73016
57 64 0.84845
57 89 0.54637
58 59 0.5354
58 60 0.82041
58 63 0.58869
58 73 0.92779
58 86 0.74394
58 89 0.87842
59 64 0.83191
59 94 0.73176
60 61 0.81903
60 64 0.68986
60 65 0.70945
60 66 0.68444
60 67 0.68906
60 70 0.51375
60 74 0.90389
60 76 0.79594
60 77 0.52369
60 81 0.75929
60 82 0.60165
60 83 0.66421
60 87 0.74281
60 91 0.99245
60 94 0.93465
60 95 0.78335
60 98 0.91533
61 66 0.97028
61 98 0.51743
62 67 0.80015
62 86 0.86457
63 64 0.71139
63 68 0.63506
63 75 0.82571
63 76 0.8681
63 98 0.97816
64 66 0.94876
64 74 0.60429
64 77 0.51634
64 79 0.78697
64 80 0.65822
64 83 0.7878
64 92 0.64742
64 96 0.8163
64 98 0.55162
65 74 0.73197
66 81 0.61594
66 85 0.64578
66 93 0.60133
67 69 0.58643
67 73 0.98731
67 77 0.78834
67 84 0.6196
67 92 0.60833
67 97 0.73312
68 84 0.87776
68 89 0.88561
69 89 0.68309
70 94 0.59193
70 98 0.51909
71 85 0.86119
71 91 0.96345
72 90 0.96643
72 98 0.76438
73 77 0.73397
73 88 0.64134
74 79 0.76018
74 84 0.69285
75 77 0.90951
75 87 0.91667
76 79 0.60038
77 80 0.52322
78 98 0.62186
79 81 0.98568
79 84 0.99307
79 94 0.65409
79 95 0.97179
80 94 0.78814
80 98 0.80318
82 98 0.86886
83 98 0.66138
85 89 0.91065
85 99 0.97127
86 89 0.72854
87 98 0.79838
88 94 0.55088
89 90 0.6829
89 98 0.64117
91 94 0.63824
91 99 0.65541
92 98 0.75934
93 98 0.96944
94 96 0.72968
94 97 0.77864
94 98 0.51892
95 97 0.92828
96 98 0.7625
97 98 0.95089
