34 216 204 357 1536 1827 785 519 125 3815 1784 141 1403 618 2278 
34 285 256 305 1701 3059 1037 871 388 3344 2126 316 1327 1113 1660 
30 253 102 333 1601 1435 1032 109 199 3974 676 199 1177 765 2098 
30 251 115 320 1573 1333 1041 146 196 3792 836 218 1110 881 1968 
37 279 324 342 1485 4024 1253 1319 264 3524 2811 199 1761 984 1879 
42 264 453 408 1246 5457 1292 2189 207 3579 4483 115 2587 687 2221 
36 257 259 371 1279 3348 1225 811 178 4081 2332 163 1709 605 2288 
30 246 115 320 1745 1286 964 147 186 3582 823 148 1133 947 1957 
32 262 173 323 1717 2180 1060 392 199 3774 1411 220 1192 885 1965 
29 277 108 298 1586 1496 1217 139 198 3822 792 258 915 1021 1808 
36 266 276 354 1296 3363 1295 968 206 3905 2397 169 1686 815 2089 
40 226 366 414 1143 3848 1047 1504 119 3950 3558 94 2280 389 2538 
35 243 233 362 1451 2429 918 535 228 3691 2135 140 1814 843 2061 
16 286 69 51 2492 1603 1623 138 258 1107 202 1409 148 532 72 
33 308 204 324 1380 3148 1540 488 319 3826 1639 235 1582 1122 1747 
2 5 1 0 8 5 6 0 0 0 0 0 0 0 0 
5 7 10 0 32 28 5 10 0 0 0 2 0 0 0 
32 257 162 334 1470 1989 1061 318 156 3980 1320 165 1266 843 2056 
26 372 129 196 2068 2875 2036 214 349 2781 847 865 760 1473 779 
26 401 214 111 2541 5238 2558 900 286 1681 1100 1311 236 1267 364 
38 219 320 383 1396 2997 773 1214 158 3724 3031 116 1816 533 2375 
3 32 3 0 388 62 230 1 1 0 0 39 0 0 0 
5 88 7 3 727 180 537 3 1 60 6 708 0 55 1 
10 75 34 11 691 371 685 55 11 256 44 88 19 13 2 
6 75 9 6 786 180 641 5 7 161 8 197 5 10 2 
11 112 47 8 1022 839 973 103 21 197 53 169 8 21 1 
35 250 277 318 1987 2933 827 1069 229 3217 2318 262 1298 946 1860 
31 329 213 252 1748 3032 1436 641 437 3124 1551 545 1152 1420 1151 
23 304 67 186 2127 975 1533 71 162 2561 437 715 320 1414 943 
32 233 134 362 1357 1666 887 187 112 4181 1006 135 1447 576 2320 
13 53 75 3 342 576 339 255 5 46 29 9 2 2 0 
10 76 42 3 439 609 729 98 9 55 20 29 2 1 0 
8 151 12 16 1441 268 745 3 33 309 23 1125 17 207 13 
5 72 10 0 750 242 371 10 23 0 0 431 0 0 0 
33 136 513 15 1049 4070 361 5018 40 184 413 41 23 9 2 
6 69 11 4 402 211 622 8 4 106 8 24 4 10 0 
45 365 636 354 1706 9655 1811 4534 326 3911 6064 251 1618 921 1974 
27 383 251 100 2622 5341 1833 1219 426 1577 1156 1469 306 1094 244 
33 217 152 376 1412 1655 809 259 90 4189 1202 100 1531 460 2464 
30 247 107 328 1513 1266 973 116 112 4057 773 186 1102 808 2069 
5 16 7 3 129 45 19 3 0 17 5 4 2 1 0 
7 55 17 4 455 223 624 17 4 81 16 77 2 9 0 
13 211 53 25 1947 1086 924 106 152 480 109 1374 47 331 24 
31 427 280 185 2036 6063 2401 1230 429 2947 1811 990 808 1471 646 
21 297 84 126 2399 1485 1220 147 174 1553 475 1103 205 1277 503 
8 62 22 6 460 297 294 27 12 89 22 59 7 12 0 
7 39 16 5 334 159 203 16 4 61 13 47 6 3 0 
8 64 28 0 654 442 336 56 3 0 0 189 0 0 0 
7 86 8 13 852 170 644 1 1 286 12 289 13 29 9 
14 76 76 15 650 683 255 229 12 227 97 59 31 27 7 
5 51 8 2 270 143 377 4 6 47 6 20 0 1 0 
5 24 10 0 146 94 46 10 1 0 0 5 0 0 0 
26 259 51 274 1855 625 1102 23 127 3514 294 307 567 1041 1716 
8 111 25 3 737 661 1128 40 13 82 15 377 0 4 1 
3 17 2 1 152 11 29 0 5 11 1 15 0 1 0 
27 325 145 206 2004 2138 1423 298 370 2624 945 762 841 1474 841 
3 6 3 0 65 12 5 1 0 0 0 5 0 0 0 
4 7 6 0 66 21 2 4 0 0 0 1 0 0 0 
10 44 45 0 289 392 105 120 2 0 0 6 0 0 0 
5 16 10 0 91 64 64 10 0 0 0 15 0 0 0 
3 8 3 0 109 16 10 1 0 0 0 3 0 0 0 
29 291 146 260 1872 1930 1280 298 295 3130 1132 397 784 1249 1440 
1 1 0 0 9 0 0 0 0 0 0 0 0 0 0 
4 49 2 4 463 10 584 0 3 113 1 73 2 9 1 
7 26 21 0 162 156 62 35 0 0 0 1 0 0 0 
7 53 20 1 289 281 494 30 0 37 5 14 0 0 0 
5 25 6 4 165 42 39 1 7 30 6 28 3 7 0 
10 41 27 18 332 173 67 27 13 122 61 24 13 24 19 
9 69 33 3 565 448 360 65 6 70 18 76 0 11 1 
5 57 7 3 363 156 320 2 4 50 7 47 1 7 0 
8 190 8 20 1817 168 957 2 85 378 8 1310 26 307 20 
16 303 93 27 1922 3067 2898 274 94 1062 209 982 62 114 15 
4 29 6 0 206 83 224 4 2 0 0 14 0 0 0 
10 221 24 21 1989 592 1402 22 143 393 51 1439 24 359 23 
23 325 73 180 2180 1304 1492 74 284 2416 371 873 569 1431 757 
2 10 1 0 78 10 33 0 0 0 0 3 0 0 0 
2 4 1 0 14 4 3 0 0 0 0 0 0 0 0 
8 43 28 0 491 297 274 56 2 0 0 102 0 0 0 
2 8 1 0 149 8 18 0 0 0 0 3 0 0 0 
14 228 67 24 1743 1525 1342 159 100 409 150 1492 27 415 28 
2 26 1 0 427 24 139 0 1 0 0 81 0 0 0 
1 44 0 0 365 0 592 0 0 0 0 354 0 0 0 
23 172 239 14 1545 3378 886 1498 49 240 254 228 17 34 2 
5 10 10 0 150 40 16 10 0 0 0 2 0 0 0 
5 27 8 2 231 94 71 5 1 12 4 35 1 0 0 
2 47 1 0 374 47 595 0 0 0 0 354 0 0 0 
4 41 5 1 398 83 625 2 0 38 2 79 0 1 0 
1 7 0 0 43 0 21 0 0 0 0 0 0 0 0 
1 32 0 0 136 0 481 0 0 0 0 15 0 0 0 
3 16 3 0 261 28 32 1 2 0 0 5 0 0 0 
8 52 27 1 557 333 169 50 8 15 6 17 0 0 0 
6 24 14 1 153 105 75 16 1 13 4 8 0 0 0 
7 89 16 5 679 377 464 15 16 65 15 705 5 30 0 
2 17 1 0 232 13 58 0 2 0 0 26 0 0 0 
10 69 30 15 544 351 258 38 17 172 55 52 16 32 11 
16 178 91 29 1441 1827 1339 277 36 623 179 676 85 74 19 
27 213 298 53 1645 4454 1393 1831 67 788 893 667 171 81 30 
4 32 6 0 231 94 229 4 1 0 0 16 0 0 0 
2 6 1 0 10 6 6 0 0 0 0 0 0 0 0 
4 6 6 0 9 18 3 4 0 0 0 0 0 0 0 
1 7 0 0 43 0 21 0 0 0 0 0 0 0 0 
6 51 15 0 426 253 559 20 1 0 0 33 0 0 0 
20 185 169 21 1467 2834 1660 802 28 533 300 431 36 46 2 
35 315 567 28 2081 9095 2290 5728 99 943 732 1248 63 237 22 
2 14 1 0 93 14 40 0 0 0 0 2 0 0 0 
3 2 3 0 6 4 0 1 0 0 0 0 0 0 0 
2 13 1 0 56 13 63 0 0 0 0 3 0 0 0 
2 15 1 0 79 15 69 0 0 0 0 10 0 0 0 
4 23 6 0 145 69 78 4 0 0 0 16 0 0 0 
2 8 0 1 51 0 13 0 0 6 0 0 0 1 0 
8 91 22 6 567 440 662 27 22 137 22 39 7 8 0 
12 66 39 27 458 434 286 57 14 232 86 58 47 16 30 
9 151 33 3 1307 967 1564 66 30 97 15 653 3 42 0 
5 35 3 7 195 29 84 0 2 59 3 35 3 24 4 
2 34 1 0 142 34 482 0 0 0 0 15 0 0 0 
7 79 13 8 398 226 608 8 12 206 16 22 9 9 2 
14 76 81 10 466 782 497 256 22 146 97 18 10 8 1 
7 51 21 0 451 302 559 35 2 0 0 31 0 0 0 
5 21 10 0 177 80 51 10 2 0 0 4 0 0 0 
6 88 10 5 701 250 538 6 9 106 8 680 6 33 0 
5 75 8 2 361 204 872 5 3 76 4 29 1 7 0 
12 184 44 22 1419 1154 1641 71 18 692 95 584 37 71 17 
8 52 26 2 355 301 338 45 3 55 10 14 1 1 0 
1 13 0 0 98 0 61 0 0 0 0 17 0 0 0 
3 16 2 1 106 16 64 0 0 16 1 8 0 0 0 
4 22 6 0 222 62 84 4 2 0 0 32 0 0 0 
6 28 13 2 233 126 84 13 2 10 6 19 1 0 0 
4 43 6 0 278 129 493 4 0 0 0 20 0 0 0 
7 90 19 2 592 488 1141 26 5 42 8 97 1 0 0 
8 43 28 0 289 301 259 56 0 0 0 17 0 0 0 
7 46 19 2 384 243 150 25 5 21 10 11 0 1 0 
1 8 0 0 115 0 22 0 0 0 0 6 0 0 0 
40 393 699 81 2400 12037 2511 7205 213 1632 2365 1543 217 616 93 
5 10 8 2 130 29 16 5 1 9 4 0 1 0 0 
1 2 0 0 2 0 1 0 0 0 0 0 0 0 0 
5 56 9 1 332 171 615 7 2 39 3 24 0 5 0 
3 46 3 0 263 92 337 1 0 0 0 419 0 0 0 
2 3 1 0 10 3 1 0 0 0 0 0 0 0 0 
10 151 42 3 1331 1145 1465 98 42 108 20 412 2 11 0 
4 14 6 0 78 42 18 4 0 0 0 2 0 0 0 
4 6 6 0 44 18 4 4 0 0 0 0 0 0 0 
7 47 19 2 388 271 570 26 3 5 8 28 1 0 0 
3 15 3 0 103 28 39 1 1 0 0 3 0 0 0 
3 51 2 1 292 51 594 0 1 39 1 25 0 5 0 
6 20 15 0 185 86 26 20 7 0 0 16 0 0 0 
1 19 0 0 185 0 150 0 0 0 0 21 0 0 0 
24 220 245 31 1866 4072 1442 1418 59 692 537 615 62 89 7 
3 16 2 1 138 16 59 0 1 12 1 9 0 1 0 
5 118 7 3 876 252 987 3 5 64 6 877 0 73 1 
10 48 44 1 587 416 194 112 3 10 8 58 0 0 0 
5 23 10 0 154 92 85 10 0 0 0 9 0 0 0 
2 22 1 0 225 22 151 0 0 0 0 23 0 0 0 
5 43 10 0 206 168 507 10 2 0 0 18 0 0 0 
14 100 82 9 449 1097 805 264 22 151 94 26 4 4 2 
3 8 3 0 69 16 12 1 0 0 0 3 0 0 0 
6 63 10 5 661 136 609 7 4 145 7 79 5 13 1 
1 1 0 0 1 0 0 0 0 0 0 0 0 0 0 
2 7 1 0 59 7 11 0 0 0 0 4 0 0 0 
4 41 5 1 334 114 539 2 1 7 2 31 0 0 0 
1 1 0 0 3 0 0 0 0 0 0 0 0 0 0 
6 51 13 2 394 171 319 13 11 44 6 66 1 9 0 
2 13 1 0 204 11 34 0 1 0 0 2 0 0 0 
2 9 1 0 43 9 36 0 0 0 0 0 0 0 0 
4 12 4 2 90 22 17 1 0 12 2 4 1 1 0 
4 109 2 4 1072 39 571 0 35 76 0 873 4 71 0 
2 40 1 0 441 40 469 0 0 0 0 272 0 0 0 
2 37 1 0 156 35 490 0 1 0 0 16 0 0 0 
1 32 0 0 136 0 481 0 0 0 0 15 0 0 0 
6 21 11 4 301 68 33 6 1 33 13 8 0 1 1 
5 14 9 1 94 50 13 7 0 6 3 3 0 0 0 
1 7 0 0 52 0 19 0 0 0 0 2 0 0 0 
1 34 0 0 315 0 533 0 0 0 0 28 0 0 0 
4 54 4 2 465 94 627 1 0 62 2 40 1 3 0 
2 5 1 0 95 5 3 0 0 0 0 3 0 0 0 
1 5 0 0 90 0 6 0 0 0 0 4 0 0 0 
1 6 0 0 26 0 15 0 0 0 0 0 0 0 0 
6 49 12 3 473 177 263 10 3 52 8 41 2 5 0 
14 98 74 17 645 890 423 201 23 268 127 99 31 35 5 
4 18 6 0 217 54 49 4 0 0 0 3 0 0 0 
2 5 1 0 81 3 6 0 1 0 0 0 0 0 0 
4 13 6 0 107 39 19 4 0 0 0 2 0 0 0 
1 13 0 0 228 0 54 0 0 0 0 24 0 0 0 
6 161 7 8 1059 195 1196 2 46 138 9 1322 4 190 5 
1 6 0 0 47 0 13 0 0 0 0 2 0 0 0 
1 5 0 0 33 0 0 0 0 0 0 10 0 0 0 
7 44 17 4 376 176 189 19 7 62 12 25 4 6 0 
5 47 6 4 323 94 257 2 10 60 4 53 4 7 0 
2 11 1 0 68 11 21 0 0 0 0 6 0 0 0 
8 131 27 1 1005 847 1578 50 17 36 6 189 0 0 0 
6 97 11 4 964 260 372 8 19 85 9 751 2 51 1 
4 29 4 2 165 46 119 1 3 31 2 12 1 2 0 
5 26 9 1 210 83 142 7 1 19 3 20 0 0 0 
4 6 6 0 16 18 4 4 0 0 0 0 0 0 0 
3 47 2 1 438 84 673 0 1 6 1 81 0 1 0 
5 47 6 4 443 50 568 2 7 112 5 73 2 6 1 
4 42 4 2 412 48 589 1 0 78 2 79 1 0 0 
1 7 0 0 43 0 21 0 0 0 0 0 0 0 0 
12 64 63 3 616 635 667 191 6 53 28 88 1 2 0 
1 9 0 0 48 0 35 0 0 0 0 1 0 0 0 
2 6 1 0 33 6 6 0 0 0 0 0 0 0 0 
7 79 19 2 964 359 535 26 13 83 8 288 1 3 0 
2 9 1 0 49 9 15 0 0 0 0 1 0 0 0 
2 7 1 0 77 7 7 0 0 0 0 4 0 0 0 
3 33 3 0 169 62 325 1 2 0 0 15 0 0 0 
7 63 16 5 534 203 603 17 8 145 12 90 5 7 1 
2 9 1 0 72 9 25 0 0 0 0 3 0 0 0 
10 217 15 30 1645 414 1232 6 3 493 45 1479 12 520 57 
1 4 0 0 16 0 6 0 0 0 0 0 0 0 0 
1 4 0 0 50 0 5 0 0 0 0 1 0 0 0 
14 94 59 32 584 793 479 100 14 329 174 46 60 36 30 
1 5 0 0 51 0 10 0 0 0 0 0 0 0 0 
4 6 6 0 120 18 3 4 0 0 0 1 0 0 0 
2 3 1 0 13 3 1 0 0 0 0 0 0 0 0 
2 9 1 0 52 9 16 0 0 0 0 2 0 0 0 
1 4 0 0 26 0 5 0 0 0 0 1 0 0 0 
2 12 1 0 124 12 29 0 0 0 0 2 0 0 0 
2 18 1 0 104 18 77 0 0 0 0 4 0 0 0 
1 6 0 0 26 0 15 0 0 0 0 0 0 0 0 
4 44 5 1 400 92 628 2 0 38 2 79 0 1 0 
1 2 0 0 13 0 1 0 0 0 0 0 0 0 0 
3 46 2 1 295 47 332 0 4 23 1 70 0 7 0 
4 31 5 1 266 67 127 2 0 18 2 34 0 4 0 
6 119 10 5 788 307 698 6 4 100 10 996 2 90 2 
3 106 0 3 671 0 882 0 0 62 0 950 0 75 1 
6 45 14 1 528 196 239 16 1 27 4 127 0 0 0 
6 82 13 2 666 331 453 12 3 25 8 635 0 24 0 
2 5 1 0 10 5 6 0 0 0 0 0 0 0 0 
2 26 1 0 184 26 222 0 0 0 0 15 0 0 0 
4 7 6 0 29 21 3 4 0 0 0 1 0 0 0 
4 36 5 1 483 79 220 2 0 29 2 101 0 0 0 
1 4 0 0 16 0 6 0 0 0 0 0 0 0 0 
2 6 1 0 75 6 5 0 0 0 0 2 0 0 0 
1 22 0 0 172 0 217 0 0 0 0 14 0 0 0 
7 77 20 1 532 424 754 30 2 24 5 52 0 5 0 
3 13 3 0 101 26 23 1 0 0 0 1 0 0 0 
1 12 0 0 53 0 63 0 0 0 0 3 0 0 0 
1 4 0 0 77 0 4 0 0 0 0 2 0 0 0 
5 77 8 2 610 231 1063 4 0 65 6 368 0 6 0 
2 3 1 0 5 3 3 0 0 0 0 0 0 0 0 
3 7 3 0 24 14 9 1 0 0 0 1 0 0 0 
2 3 1 0 32 3 1 0 0 0 0 0 0 0 0 
1 3 0 0 41 0 2 0 0 0 0 1 0 0 0 
3 20 3 0 159 38 57 1 1 0 0 6 0 0 0 
3 3 2 1 76 3 2 0 0 3 1 1 0 0 0 
2 11 1 0 122 11 22 0 0 0 0 3 0 0 0 
3 40 3 0 353 78 538 1 1 0 0 29 0 0 0 
2 9 1 0 100 9 25 0 0 0 0 3 0 0 0 
2 4 1 0 22 4 6 0 0 0 0 0 0 0 0 
2 14 1 0 123 12 43 0 1 0 0 3 0 0 0 
2 4 1 0 32 4 2 0 0 0 0 0 0 0 0 
2 40 1 0 399 40 660 0 0 0 0 81 0 0 0 
1 3 0 0 19 0 3 0 0 0 0 0 0 0 0 
4 76 5 1 539 149 685 2 2 17 2 690 0 29 0 
4 40 5 1 215 110 492 2 2 6 2 15 0 0 0 
5 16 10 0 147 62 21 10 1 0 0 0 0 0 0 
2 2 1 0 9 2 1 0 0 0 0 0 0 0 0 
2 39 0 1 399 0 361 0 0 33 0 30 0 3 0 
27 129 340 11 1163 3055 544 2665 46 189 245 58 15 9 0 
8 97 25 3 716 579 686 40 9 78 14 206 2 2 0 
8 75 25 3 735 426 433 39 9 81 16 134 1 0 0 
3 41 3 0 370 80 542 1 1 0 0 28 0 0 0 
4 25 5 1 183 58 80 2 0 17 2 9 0 0 0 
2 40 1 0 401 40 660 0 0 0 0 81 0 0 0 
40 439 508 272 1765 9614 2387 3134 372 3801 4413 481 1076 1481 1257 
2 4 1 0 56 4 3 0 0 0 0 0 0 0 0 
2 6 1 0 43 6 11 0 0 0 0 4 0 0 0 
6 53 15 0 429 259 565 20 3 0 0 31 0 0 0 
6 83 13 2 666 317 814 13 2 80 6 203 1 7 0 
1 3 0 0 7 0 3 0 0 0 0 0 0 0 0 
2 5 1 0 64 5 6 0 0 0 0 0 0 0 0 
1 4 0 0 56 0 5 0 0 0 0 1 0 0 0 
6 54 13 2 379 222 489 13 2 44 6 27 1 0 0 
1 34 0 0 315 0 533 0 0 0 0 28 0 0 0 
1 1 0 0 6 0 0 0 0 0 0 0 0 0 0 
6 58 10 5 655 178 337 6 5 78 10 68 2 12 2 
1 5 0 0 51 0 10 0 0 0 0 0 0 0 0 
3 50 2 1 573 53 466 0 0 43 1 276 0 2 0 
1 25 0 0 401 0 189 0 0 0 0 111 0 0 0 
3 13 3 0 101 26 33 1 0 0 0 3 0 0 0 
4 7 6 0 54 21 4 4 0 0 0 1 0 0 0 
3 6 3 0 6 12 4 1 0 0 0 0 0 0 0 
1 7 0 0 97 0 18 0 0 0 0 3 0 0 0 
5 83 4 6 774 171 836 0 7 113 6 90 0 17 4 
13 96 50 28 926 723 409 72 16 321 146 128 42 38 26 
1 12 0 0 53 0 63 0 0 0 0 3 0 0 0 
3 25 2 1 193 29 142 0 0 21 1 20 0 0 0 
5 91 9 1 668 302 1046 7 8 42 3 50 0 2 0 
1 8 0 0 151 0 25 0 0 0 0 3 0 0 0 
1 15 0 0 303 0 78 0 0 0 0 27 0 0 0 
1 9 0 0 48 0 35 0 0 0 0 1 0 0 0 
5 159 0 10 1095 0 1195 0 0 180 0 1273 0 228 10 
3 29 2 1 232 30 251 0 1 26 1 52 0 0 0 
13 243 61 17 1968 1965 1989 149 32 497 103 1093 18 195 16 
1 5 0 0 9 0 10 0 0 0 0 0 0 0 0 
2 4 1 0 27 4 3 0 0 0 0 0 0 0 0 
2 12 1 0 66 12 52 0 0 0 0 3 0 0 0 
3 32 3 0 233 64 103 1 0 0 0 362 0 0 0 
4 11 6 0 84 33 15 4 0 0 0 1 0 0 0 
11 174 45 10 1357 1199 1550 87 57 233 68 1075 8 97 2 
1 5 0 0 9 0 10 0 0 0 0 0 0 0 0 
1 5 0 0 83 0 8 0 0 0 0 2 0 0 0 
2 12 1 0 54 12 31 0 0 0 0 0 0 0 0 
20 324 139 51 2378 3446 1955 492 224 1104 450 1520 126 579 72 
3 49 1 2 205 40 526 0 1 54 0 15 1 1 0 
3 47 2 1 360 54 324 0 3 24 1 51 0 5 0 
5 29 10 0 440 110 105 10 3 0 0 28 0 0 0 
1 3 0 0 41 0 2 0 0 0 0 1 0 0 0 
2 4 1 0 74 4 2 0 0 0 0 1 0 0 0 
3 13 3 0 101 24 22 1 1 0 0 2 0 0 0 
1 34 0 0 315 0 533 0 0 0 0 28 0 0 0 
3 53 3 0 547 94 221 1 6 0 0 358 0 0 0 
2 8 1 0 60 8 8 0 0 0 0 5 0 0 0 
1 12 0 0 53 0 63 0 0 0 0 3 0 0 0 
3 10 3 0 41 20 18 1 0 0 0 0 0 0 0 
13 44 50 28 368 308 68 80 8 178 132 24 46 13 28 
9 107 26 10 1226 574 619 33 14 214 37 184 9 20 5 
6 131 6 9 1225 151 592 0 40 168 8 1065 8 128 4 
3 49 3 0 490 94 678 1 2 0 0 83 0 0 0 
4 35 6 0 183 105 331 4 0 0 0 12 0 0 0 
3 55 2 1 509 58 156 0 0 14 1 522 0 19 0 
6 13 15 0 149 63 14 20 1 0 0 2 0 0 0 
3 36 3 0 296 70 256 1 1 0 0 17 0 0 0 
4 34 2 4 323 11 220 0 2 73 1 48 2 7 1 
1 5 0 0 51 0 8 0 0 0 0 2 0 0 0 
2 11 1 0 112 11 37 0 0 0 0 8 0 0 0 
7 58 17 4 564 298 601 19 6 36 13 37 2 1 1 
6 63 10 5 593 218 685 5 5 87 11 89 3 0 1 
1 2 0 0 3 0 0 0 0 0 0 1 0 0 0 
1 4 0 0 10 0 4 0 0 0 0 2 0 0 0 
7 38 18 3 361 192 228 22 1 30 11 30 2 2 0 
2 18 1 0 93 18 53 0 0 0 0 28 0 0 0 
5 10 8 2 175 23 9 5 2 9 4 3 1 2 0 
1 39 0 0 393 0 660 0 0 0 0 81 0 0 0 
1 11 0 0 64 0 52 0 0 0 0 3 0 0 0 
2 10 1 0 53 10 24 0 0 0 0 0 0 0 0 
4 12 6 0 67 36 24 4 0 0 0 1 0 0 0 
22 351 151 80 2393 3397 1967 510 300 1302 646 1541 198 1036 186 
2 12 1 0 168 10 31 0 1 0 0 3 0 0 0 
1 4 0 0 10 0 6 0 0 0 0 0 0 0 0 
2 23 1 0 175 23 217 0 0 0 0 14 0 0 0 
1 3 0 0 12 0 3 0 0 0 0 0 0 0 0 
1 5 0 0 161 0 2 0 0 0 0 8 0 0 0 
2 2 1 0 4 2 1 0 0 0 0 0 0 0 0 
3 5 3 0 54 10 3 1 0 0 0 0 0 0 0 
6 80 14 1 813 326 817 16 1 36 4 502 0 18 0 
2 2 1 0 14 2 0 0 0 0 0 0 0 0 0 
2 6 1 0 49 6 5 0 0 0 0 1 0 0 0 
2 7 1 0 88 7 10 0 0 0 0 1 0 0 0 
6 90 11 4 895 243 510 8 5 123 9 628 2 37 1 
9 60 13 23 392 211 262 5 7 221 23 31 30 17 26 
4 19 6 0 323 57 43 4 0 0 0 38 0 0 0 
9 115 30 6 1293 645 1012 51 11 217 25 241 7 18 1 
3 29 2 1 242 30 251 0 1 26 1 52 0 0 0 
2 27 1 0 384 27 225 0 0 0 0 100 0 0 0 
3 10 3 0 62 20 16 1 0 0 0 0 0 0 0 
5 8 10 0 58 32 8 10 0 0 0 3 0 0 0 
9 215 9 27 1810 210 1135 3 79 436 12 1490 30 458 39 
1 3 0 0 22 0 3 0 0 0 0 0 0 0 0 
2 13 1 0 212 11 41 0 1 0 0 25 0 0 0 
1 3 0 0 59 0 3 0 0 0 0 0 0 0 0 
2 18 1 0 218 18 54 0 0 0 0 18 0 0 0 
4 47 6 0 241 135 545 4 3 0 0 18 0 0 0 
1 26 0 0 383 0 225 0 0 0 0 100 0 0 0 
4 59 6 0 454 171 633 4 3 0 0 382 0 0 0 
6 40 12 3 404 140 217 10 0 52 8 33 2 4 0 
1 4 0 0 43 0 6 0 0 0 0 0 0 0 0 
6 51 15 0 374 251 602 20 2 0 0 31 0 0 0 
6 9 15 0 91 45 16 20 0 0 0 2 0 0 0 
2 6 1 0 18 6 6 0 0 0 0 0 0 0 0 
4 15 6 0 62 43 41 4 1 0 0 1 0 0 0 
3 23 2 1 224 26 138 0 0 18 1 19 0 1 0 
2 35 1 0 317 35 533 0 0 0 0 28 0 0 0 
2 37 1 0 145 35 491 0 1 0 0 15 0 0 0 
1 1 0 0 6 0 0 0 0 0 0 0 0 0 0 
2 7 0 1 50 0 9 0 0 5 0 0 0 1 0 
1 4 0 0 6 0 6 0 0 0 0 0 0 0 0 
1 3 0 0 6 0 3 0 0 0 0 0 0 0 0 
2 38 1 0 182 36 495 0 1 0 0 16 0 0 0 
7 50 20 1 438 291 573 30 3 3 5 28 0 0 0 
3 9 2 1 85 11 12 0 0 7 1 0 0 0 0 
3 6 3 0 14 12 3 1 0 0 0 1 0 0 0 
5 63 7 3 715 120 645 4 1 114 3 87 3 8 0 
2 10 1 0 86 10 35 0 0 0 0 1 0 0 0 
1 4 0 0 7 0 6 0 0 0 0 0 0 0 0 
2 6 1 0 62 6 10 0 0 0 0 5 0 0 0 
1 4 0 0 10 0 4 0 0 0 0 2 0 0 0 
2 3 1 0 31 3 1 0 0 0 0 0 0 0 0 
3 10 3 0 36 20 15 1 0 0 0 1 0 0 0 
1 2 0 0 16 0 0 0 0 0 0 1 0 0 0 
1 6 0 0 55 0 11 0 0 0 0 4 0 0 0 
5 50 9 1 433 159 361 7 1 15 3 57 0 12 0 
1 5 0 0 51 0 10 0 0 0 0 0 0 0 0 
3 38 2 1 447 41 288 0 0 21 1 60 0 7 0 
1 7 0 0 80 0 19 0 0 0 0 2 0 0 0 
8 80 26 2 754 482 959 44 0 60 12 282 0 9 0 
3 19 3 0 106 38 69 1 0 0 0 6 0 0 0 
3 42 3 0 187 84 502 1 0 0 0 15 0 0 0 
1 3 0 0 6 0 3 0 0 0 0 0 0 0 0 
1 1 0 0 26 0 0 0 0 0 0 0 0 0 0 
1 4 0 0 7 0 6 0 0 0 0 0 0 0 0 
3 2 3 0 4 4 1 1 0 0 0 0 0 0 0 
2 27 1 0 130 27 314 0 0 0 0 11 0 0 0 
1 13 0 0 100 0 69 0 0 0 0 9 0 0 0 
1 2 0 0 8 0 0 0 0 0 0 1 0 0 0 
3 8 2 1 91 8 10 0 0 6 1 3 0 1 0 
1 1 0 0 4 0 0 0 0 0 0 0 0 0 0 
6 33 5 10 222 33 77 0 0 78 10 24 0 27 10 
2 20 1 0 106 20 88 0 0 0 0 3 0 0 0 
4 75 5 1 575 176 1109 2 4 37 2 94 0 2 0 
4 43 6 0 176 129 518 4 0 0 0 15 0 0 0 
1 13 0 0 76 0 68 0 0 0 0 10 0 0 0 
2 17 1 0 215 17 56 0 0 0 0 10 0 0 0 
1 5 0 0 9 0 10 0 0 0 0 0 0 0 0 
1 3 0 0 18 0 3 0 0 0 0 0 0 0 0 
2 14 1 0 73 14 55 0 0 0 0 3 0 0 0 
2 1 1 0 1 1 0 0 0 0 0 0 0 0 0 
2 19 1 0 323 19 120 0 0 0 0 51 0 0 0 
1 39 0 0 393 0 660 0 0 0 0 81 0 0 0 
1 4 0 0 8 0 6 0 0 0 0 0 0 0 0 
4 17 6 0 64 49 66 4 1 0 0 3 0 0 0 
2 3 1 0 7 3 3 0 0 0 0 0 0 0 0 
2 58 0 1 639 0 404 0 0 28 0 433 0 15 0 
1 4 0 0 10 0 6 0 0 0 0 0 0 0 0 
5 6 10 0 53 24 4 10 0 0 0 0 0 0 0 
3 38 1 2 354 21 248 0 5 39 0 40 1 3 0 
1 9 0 0 44 0 36 0 0 0 0 0 0 0 0 
1 7 0 0 80 0 19 0 0 0 0 2 0 0 0 
2 33 1 0 143 33 481 0 0 0 0 15 0 0 0 
2 65 1 0 353 65 641 0 0 0 0 425 0 0 0 
2 18 0 1 94 0 71 0 0 18 0 2 0 0 0 
1 2 0 0 32 0 1 0 0 0 0 0 0 0 0 
2 5 1 0 86 5 4 0 0 0 0 2 0 0 0 
4 36 5 1 356 71 245 2 5 25 2 16 0 1 0 
2 34 1 0 473 32 222 0 1 0 0 114 0 0 0 
2 29 1 0 172 27 317 0 1 0 0 11 0 0 0 
1 7 0 0 64 0 21 0 0 0 0 0 0 0 0 
1 7 0 0 43 0 21 0 0 0 0 0 0 0 0 
5 85 8 2 1020 198 450 5 17 44 4 585 1 32 0 
2 11 1 0 69 11 25 0 0 0 0 0 0 0 0 
5 62 8 2 521 196 455 5 10 30 4 71 1 1 0 
2 9 1 0 163 9 13 0 0 0 0 3 0 0 0 
1 26 0 0 129 0 314 0 0 0 0 11 0 0 0 
1 39 0 0 393 0 660 0 0 0 0 81 0 0 0 
1 5 0 0 9 0 10 0 0 0 0 0 0 0 0 
2 28 1 0 539 24 135 0 2 0 0 72 0 0 0 
2 6 1 0 27 6 7 0 0 0 0 0 0 0 0 
1 1 0 0 3 0 0 0 0 0 0 0 0 0 0 
2 3 1 0 54 3 3 0 0 0 0 0 0 0 0 
4 67 6 0 442 195 856 4 3 0 0 39 0 0 0 
4 55 6 0 539 157 279 4 4 0 0 399 0 0 0 
1 6 0 0 58 0 11 0 0 0 0 4 0 0 0 
4 8 6 0 69 22 6 4 1 0 0 0 0 0 0 
4 113 0 6 971 0 546 0 0 93 0 996 0 123 4 
1 4 0 0 6 0 6 0 0 0 0 0 0 0 0 
1 26 0 0 129 0 314 0 0 0 0 11 0 0 0 
3 42 2 1 419 47 282 0 3 29 1 40 0 1 0 
1 1 0 0 19 0 0 0 0 0 0 0 0 0 0 
2 6 1 0 52 6 7 0 0 0 0 0 0 0 0 
3 46 3 0 726 70 319 1 11 0 0 191 0 0 0 
2 14 1 0 76 14 63 0 0 0 0 15 0 0 0 
1 19 0 0 324 0 120 0 0 0 0 51 0 0 0 
1 3 0 0 19 0 3 0 0 0 0 0 0 0 0 
2 26 1 0 128 26 314 0 0 0 0 11 0 0 0 
1 3 0 0 43 0 3 0 0 0 0 0 0 0 0 
1 4 0 0 29 0 6 0 0 0 0 0 0 0 0 
2 39 0 1 376 0 335 0 0 15 0 56 0 12 0 
2 7 1 0 20 7 9 0 0 0 0 0 0 0 0 
2 6 1 0 21 4 6 0 1 0 0 0 0 0 0 
1 3 0 0 6 0 3 0 0 0 0 0 0 0 0 
1 1 0 0 2 0 0 0 0 0 0 0 0 0 0 
1 5 0 0 13 0 10 0 0 0 0 0 0 0 0 
1 2 0 0 8 0 1 0 0 0 0 0 0 0 0 
1 5 0 0 20 0 10 0 0 0 0 0 0 0 0 
1 7 0 0 80 0 19 0 0 0 0 2 0 0 0 
1 3 0 0 36 0 2 0 0 0 0 1 0 0 0 
1 3 0 0 76 0 2 0 0 0 0 1 0 0 0 
2 24 1 0 421 20 132 0 2 0 0 81 0 0 0 
1 3 0 0 12 0 1 0 0 0 0 2 0 0 0 
1 2 0 0 46 0 1 0 0 0 0 0 0 0 0 
1 5 0 0 40 0 7 0 0 0 0 3 0 0 0 
1 26 0 0 129 0 314 0 0 0 0 11 0 0 0 
1 34 0 0 315 0 533 0 0 0 0 28 0 0 0 
1 2 0 0 2 0 1 0 0 0 0 0 0 0 0 
1 34 0 0 315 0 533 0 0 0 0 28 0 0 0 
2 2 1 0 13 2 0 0 0 0 0 0 0 0 0 
