0	0.0903924
1	0.0590847
2	0.0973858
3	0.0918749
4	0.0671147
5	0.0635175
6	0.0472961
7	0.0910735
8	0.0458634
9	0.0994082
10	0.06362
11	0.0770975
12	0.0638874
13	0.208084
14	0.0794063
15	0.680935
16	0.790088
17	0.0539335
18	0.0630184
19	0.130621
20	0.0681219
21	0.695604
22	0.300473
23	0.17392
24	0.244892
25	0.217895
26	0.0518351
27	0.0680397
28	0.0778118
29	0.0469574
30	0.474858
31	0.385571
32	0.314899
33	0.506982
34	0.311544
35	0.420176
36	0.0948782
37	0.116322
38	0.0913231
39	0.0620367
40	0.576291
41	0.251674
42	0.276273
43	0.111897
44	0.123811
45	0.159423
46	0.498778
47	0.642129
48	0.193499
49	0.225998
50	0.606092
51	0.655907
52	0.138047
53	0.391646
54	0.560598
55	0.0572161
56	0.15544
57	0.786542
58	0.669391
59	0.60234
60	0.565576
61	0.0886958
62	0.946403
63	0.420172
64	0.641067
65	0.55632
66	0.204219
67	0.0724436
68	0.388001
69	0.365304
70	0.388059
71	0.110385
72	0.730279
73	0.29211
74	0.0469603
75	0.562256
76	0.709007
77	0.481752
78	0.674367
79	0.223586
80	0.590383
81	0.287906
82	0.321057
83	0.500825
84	0.559074
85	0.64538
86	0.325724
87	0.791808
88	0.208208
89	0.642946
90	0.538877
91	0.615114
92	0.249185
93	0.72939
94	0.130236
95	0.148135
96	0.10657
97	0.649226
98	0.78419
99	0.70091
100	0.624161
101	0.634822
102	0.266963
103	0.183764
104	0.608578
105	0.734792
106	0.594964
107	0.520628
108	0.69256
109	0.728647
110	0.388585
111	0.140082
112	0.123428
113	0.1101
114	0.697929
115	0.254366
116	0.406121
117	0.59376
118	0.688691
119	0.178128
120	0.534062
121	0.199529
122	0.412979
123	0.372164
124	0.376753
125	0.599508
126	0.61884
127	0.644046
128	0.478642
129	0.650035
130	0.507212
131	0.660012
132	0.0558625
133	0.609204
134	0.871864
135	0.453198
136	0.0505608
137	0.785749
138	0.196089
139	0.734964
140	0.533644
141	0.203112
142	0.325184
143	0.506237
144	0.69042
145	0.732704
146	0.0421355
147	0.72825
148	0.157391
149	0.108544
150	0.570359
151	0.536645
152	0.546377
153	0.335967
154	0.586348
155	0.296522
156	0.663513
157	0.442116
158	0.48173
159	0.70895
160	0.414998
161	0.251228
162	0.276872
163	0.306246
164	0.298186
165	0.264938
166	0.569901
167	0.0538002
168	0.256786
169	0.412563
170	0.353802
171	0.360563
172	0.419987
173	0.269865
174	0.392986
175	0.737413
176	0.180165
177	0.0716769
178	0.748115
179	0.662266
180	0.166887
181	0.752852
182	0.237887
183	0.755108
184	0.524298
185	0.406379
186	0.188643
187	0.575763
188	0.440479
189	0.438056
190	0.565004
191	0.316538
192	0.661064
193	0.514344
194	0.222651
195	0.182328
196	0.132623
197	0.531258
198	0.381438
199	0.505001
200	0.358857
201	0.539868
202	0.639826
203	0.0835603
204	0.269511
205	0.728245
206	0.247044
207	0.297258
208	0.531066
209	0.100392
210	0.616826
211	0.809491
212	0.485236
213	0.525198
214	0.582049
215	0.470994
216	0.74451
217	0.782488
218	0.146195
219	0.657847
220	0.339198
221	0.362026
222	0.260549
223	0.587738
224	0.280282
225	0.434211
226	0.766537
227	0.704464
228	0.40773
229	0.125999
230	0.12015
231	0.272171
232	0.394708
233	0.17872
234	0.557882
235	0.667296
236	0.216828
237	0.337705
238	0.582041
239	0.670401
240	0.232735
241	0.659221
242	0.53282
243	0.309958
244	0.187673
245	0.470326
246	0.154058
247	0.350647
248	0.680691
249	0.708645
250	0.554548
251	0.385879
252	0.379145
253	0.579467
254	0.67948
255	0.588978
256	0.331621
257	0.367076
258	0.376606
259	0.484318
260	0.679378
261	0.435073
262	0.430235
263	0.164098
264	0.78973
265	0.700403
266	0.631821
267	0.463348
268	0.487539
269	0.874739
270	0.0978483
271	0.259383
272	0.363528
273	0.898306
274	0.406329
275	0.609471
276	0.354185
277	0.595284
278	0.641857
279	0.148138
280	0.16734
281	0.0755011
282	0.472681
283	0.142405
284	0.0934994
285	0.387133
286	0.488482
287	0.121892
288	0.278086
289	0.190792
290	0.0122995
291	0.606951
292	0.186079
293	0.313981
294	0.236346
295	0.0932704
296	0.512944
297	0.464451
298	0.120868
299	0.477956
300	0.806304
301	0.491177
302	0.0419918
303	0.545667
304	0.330318
305	0.139926
306	0.405196
307	0.686428
308	0.767098
309	0.262729
310	0.602119
311	0.0969701
312	0.0934994
313	0.292197
314	0.12412
315	0.236014
316	0.312159
317	0.461051
318	0.474434
319	0.40073
320	0.697699
321	0.715989
322	0.497944
323	0.870546
324	0.373086
325	0.313759
326	0.171864
327	0.398557
328	0.438159
329	0.419013
330	0.697605
331	0.52514
332	0.0115733
333	0.157726
334	0.225975
335	0.614621
336	0.116333
337	0.217903
338	0.619551
339	0.737949
340	0.820773
341	0.307191
342	0.451956
343	0.586263
344	0.221368
345	0.43812
346	0.134371
347	0.0878453
348	0.360693
349	0.0862442
350	0.630688
351	0.0903689
352	0.529475
353	0.155035
354	0.303084
355	0.228723
356	0.170273
357	0.141351
358	0.509282
359	0.246349
360	0.0417436
361	0.547513
362	0.516636
363	0.372576
364	0.431528
365	0.610251
366	0.50224
367	0.228399
368	0.521309
369	0.383339
370	0.343764
371	0.512073
372	0.707856
373	0.351189
374	0.786585
375	0.493713
376	0.128261
377	0.671259
378	0.252387
379	0.40919
380	0.162776
381	0.254218
382	0.247081
383	0.174823
384	0.0849279
385	0.591679
386	0.450146
387	0.786226
388	0.371629
389	0.808682
390	0.353558
391	0.22332
392	0.408773
393	0.73274
394	0.311905
395	0.537917
396	0.505981
397	0.390214
398	0.383277
399	0.408359
400	0.327901
401	0.190338
402	0.266653
403	0.320162
404	0.26937
405	0.0940444
406	0.0803936
407	0.272282
408	0.476119
409	0.497513
410	0.562694
411	0.0556158
412	0.448854
413	0.834868
414	0.0751613
415	0.467179
416	0.560954
417	0.0115733
418	0.607854
419	0.0868488
420	0.531384
421	0.337812
422	0.0982418
423	0.386745
424	0.0627382
425	0.597635
426	0.208531
427	0.167343
428	0.189399
429	0.292448
430	0.131779
431	0.261893
432	0.222692
433	0.583986
434	0.494276
435	0.270283
436	0.134905
437	0.28974
438	0.595141
439	0.237232
440	0.241848
441	0.302231
442	0.151014
443	0.174133
444	0.384457
445	0.289879
446	0.0335844
447	0.196483
448	0.455264
449	0.320681
450	0.212438
451	0.414291
452	0.0678019
453	0.291365
454	0.316245
455	0.38298
456	0.237804
457	0.264887
458	0.353115
459	0.165119
460	0.698833
461	0.753076
462	0.142763
463	0.152499
464	0.03317
465	0.389232
466	0.285433
467	0.208613
468	0.190683
469	0.0380956
470	0.145933
471	0.148564
472	0.283548
473	0.187685
474	0.157637
475	0.16853
476	0.320719
477	0.0555093
478	0.112144
479	0.102229
480	0.0449383
481	0.0482604
482	0.0829477
483	0.0482604
484	0.259435
