-8 -127 -174 -126 -1427 -3237 -609 -979 -293 -1892 -2103 -71 -1449 -610 -965 
2 -179 49 16 -1798 -880 -1627 288 -255 -1385 573 -750 -28 -1102 191 
-10 -75 -175 -170 -934 -2461 -525 -688 -55 -2688 -2010 23 -1586 -98 -1536 
-2 -171 -73 12 -2019 -1944 -1214 -340 -463 -403 -512 -724 -376 -1265 328 
2 -192 65 6 -2291 -1903 -2851 367 -286 -1385 715 -652 262 -1055 -119 
0 -164 69 -69 -1924 -2412 -2194 583 -173 -2836 624 -278 -237 -565 -970 
-2 -106 -6 -67 -1891 -861 -510 8 -187 -1573 -167 -120 -424 -814 -713 
-7 -117 -109 -122 -1178 -2236 -895 -391 -65 -2710 -1223 -145 -1001 -429 -1095 
-4 -87 3 -137 -1027 -575 -775 144 -22 -2764 -11 45 -1000 -355 -1313 
-10 -60 -182 -153 -1320 -2202 -424 -846 -172 -1764 -1816 -54 -1644 -370 -1179 
-7 -78 -164 -109 -1881 -2255 -272 -1200 -92 -1673 -2061 -90 -934 -513 -1006 
2 -158 63 14 -1953 -419 -916 400 -329 -1655 746 -372 308 -1331 -10 
-8 -19 -106 -202 -991 -1258 -179 -591 99 -2538 -1213 -4 -2011 428 -1981 
-26 -49 -275 -466 -374 -3461 -53 -1033 -132 -4808 -3226 1207 -3243 -456 -3418 
-13 -12 -326 -181 -1664 -3112 225 -2407 19 -1516 -4067 47 -1641 23 -1609 
-3 -28 -4 -5 -202 -31 -303 -1 0 -84 -5 -23 -2 -6 -2 
-25 -194 -392 -33 -2377 -5290 -1515 -3190 -63 -349 -809 -561 -38 -18 -13 
-4 -108 -21 -113 -1256 -1093 -883 -28 -129 -2553 -212 -120 -854 -452 -1086 
-8 -12 -34 -202 -1407 -357 169 -95 122 -3187 -632 510 -571 -36 -2086 
-16 -246 -292 -244 -2163 -9870 -4575 -2034 -341 -4188 -3966 433 -1070 -881 -1810 
-3 -145 -51 -66 -1565 -2240 -908 -341 -238 -1991 -681 -184 -564 -875 -638 
-10 -162 -55 -20 -1615 -1440 -974 -120 -53 -426 -119 -1311 -37 -146 -9 
-3 -41 -9 -9 -734 -245 -188 -9 -11 -234 -18 -313 -12 -25 -7 
-4 -46 -32 -14 -519 -689 -157 -102 -26 -105 -82 -8 -50 -26 -10 
-4 -13 -13 -17 -114 -219 286 -15 -16 -120 -27 -36 -41 -23 -17 
-10 -37 -123 -32 -927 -1696 106 -655 -48 -70 -357 -255 -128 1 -25 
-5 -111 -48 -137 -1188 -1947 -845 -115 -52 -2870 -859 -110 -1146 -329 -1215 
-9 9 -70 -245 -759 -590 -133 -163 176 -3348 -1275 374 -1538 488 -2409 
1 -124 -34 56 -1588 -1366 -1094 -114 -358 304 -73 -1429 -125 -261 543 
-5 -81 -30 -140 -1066 -872 -591 -34 -29 -2921 -342 -10 -934 -115 -1500 
-16 -306 -274 -54 -3377 -6775 -4551 -2130 -213 -1869 -1009 -379 -190 -173 -39 
-5 -192 -34 -26 -2468 -1605 -3312 -81 -82 -1071 -175 -376 -59 -114 -20 
-10 -232 -57 -68 -2218 -1172 -1345 -89 -566 -1050 -265 -1271 -235 -1050 -171 
-5 -203 -5 -30 -1867 -246 -1607 5 -54 -675 -38 -1658 -29 -579 -48 
-18 -383 -646 -101 -3719 -16821 -4079 -10964 -478 -3273 -3658 -865 -680 -274 -67 
-7 -192 -50 -13 -2313 -1674 -2936 -137 -116 -583 -95 -350 -26 -149 -8 
-5 -377 -345 110 -4496 -15976 -4455 -6217 -539 -400 -956 -1637 823 -1422 940 
-15 -212 -353 -157 -2521 -8913 -1835 -3403 -305 -2738 -3482 -90 -712 -1088 -958 
-3 -150 -72 -30 -1593 -1706 -1065 -299 -198 -1433 -820 -317 -367 -1183 -198 
-5 -60 -47 -113 -1559 -378 -271 -81 -152 -1593 -503 -32 -837 -500 -1064 
-7 -133 -45 -11 -1344 -1264 -2204 -108 -37 -181 -78 -235 -19 -28 -5 
-2 -5 1 -16 -30 81 423 8 -21 -135 -8 62 -35 -27 -14 
-28 -173 -345 -397 -1564 -5033 -785 -1610 -215 -4801 -3954 900 -2201 -1282 -2609 
-19 -187 -463 -297 -2687 -13145 -3175 -4107 -158 -4049 -6846 425 -1531 117 -2621 
-9 -175 -131 -94 -1562 -3266 -1380 -542 -390 -1880 -1108 -400 -582 -911 -498 
-2 -24 -11 -6 -420 -275 -164 -21 -10 -33 -31 -47 -7 -6 -5 
4 22 14 4 190 138 171 16 4 58 12 35 6 -2 0 
-33 -486 -698 -94 -4650 -17042 -5144 -7543 -530 -2984 -2510 -1164 -497 -233 -54 
-2 -43 -2 -13 -615 -28 -329 -3 -13 -300 -1 173 -19 -81 -26 
-9 -85 -120 -42 -1494 -1693 -450 -709 -47 -665 -441 -87 -195 -51 -62 
-18 -395 -170 -73 -3648 -5846 -6110 -679 -228 -2804 -670 -1007 -337 -251 -75 
-7 -203 -27 -29 -2657 -996 -3336 -34 -73 -1007 -87 -340 -64 -126 -25 
-2 -196 -90 37 -1898 -2273 -1850 -267 -366 -547 -672 -1047 -297 -1129 560 
-9 -171 -74 -34 -3228 -2268 -1656 -258 -204 -825 -223 -624 -115 -117 -28 
-5 -33 -15 -10 -286 -128 -99 -11 -29 -82 -25 -23 -17 -24 -2 
1 -134 48 -22 -1806 -95 -1598 164 16 -1634 304 -594 197 -664 -340 
1 -5 2 0 -35 1 -27 1 0 0 0 0 0 0 0 
-14 -130 -132 -15 -1428 -1946 -1324 -612 -32 -272 -169 -154 -22 -13 -9 
-34 -372 -824 -77 -3933 -14657 -3976 -10224 -338 -1785 -2601 -421 -264 -187 -35 
-4 -94 -13 -13 -1126 -319 -887 -15 -5 -317 -40 -128 -6 -85 -13 
-2 -70 2 -9 -616 9 -708 1 0 -203 0 -139 -3 -51 -7 
-11 -47 -181 -193 -1178 -2356 -179 -890 -19 -2470 -2239 230 -1336 -85 -1761 
-13 -198 -74 -17 -2533 -1658 -2242 -210 -89 -651 -114 -298 -30 -50 -10 
-5 -48 -21 -9 -524 -452 -199 -23 -25 -71 -35 -12 -18 -28 -4 
-6 -214 -35 -22 -2669 -1409 -2965 -74 -131 -803 -122 -297 -45 -125 -10 
-13 -188 -146 -23 -2340 -3129 -2311 -744 -90 -772 -303 -255 -50 -90 -8 
-1 -1 0 -5 -109 -5 16 1 5 -27 -3 -2 -3 -4 -5 
-1 -4 -4 -6 -328 -45 -27 10 -1 -30 -40 -17 -13 -2 -2 
-8 -221 -81 -19 -2899 -3166 -3053 -331 -86 -548 -228 -466 -30 -101 -7 
-3 -81 -11 -7 -1470 -338 -1326 -10 -26 -298 -24 -188 -9 -25 -3 
-27 -216 -188 -379 -1370 -3826 -1372 -414 -209 -5644 -1813 870 -1552 -1293 -2710 
-4 -183 -47 -23 -2570 -2869 -4258 -232 -49 -1424 -215 -331 -92 -149 -41 
-22 -403 -262 -57 -3928 -7626 -6361 -1504 -138 -2419 -865 -1195 -178 -196 -49 
-22 -175 -172 -279 -1539 -2438 -618 -504 -214 -4009 -1581 570 -1014 -1706 -1741 
3 -69 14 49 -1773 49 -523 9 -81 381 110 -1131 224 -302 288 
-3 -28 -2 -7 -592 -19 -174 0 -1 -117 -2 -70 -5 -2 -3 
-3 -35 -6 -3 -575 -90 -240 -3 -5 -44 -6 -67 0 -4 -1 
-3 -170 -18 -9 -1748 -1368 -3241 -36 -37 -353 -65 -420 -8 -17 0 
-3 -56 -6 -3 -532 -134 -462 -4 -8 -82 -3 -56 -3 -8 0 
-18 -185 -115 -290 -1732 -1798 -780 -234 -193 -4319 -1536 778 -882 -1668 -1944 
-7 -87 -33 -2 -1421 -767 -1377 -70 -9 -83 -14 -323 0 -5 0 
-2 -14 -3 0 -521 -110 -366 -1 -3 0 0 108 0 0 0 
-32 -512 -1080 -152 -3561 -26471 -5497 -17203 -511 -4883 -6176 -839 -927 -388 -158 
-2 -22 -8 -3 -363 -115 -102 -11 -3 -25 -13 -19 -1 -3 0 
-9 -109 -66 -15 -1454 -1100 -780 -197 -50 -334 -124 -153 -25 -63 -8 
-10 -100 -59 -6 -1248 -1407 -894 -162 -14 -87 -56 -355 -2 -24 0 
-4 -25 -19 -3 -436 -276 21 -32 -4 -55 -18 21 -2 0 0 
-7 -153 -26 -2 -1850 -966 -1832 -45 -35 -80 -10 -430 -1 -2 0 
0 31 0 0 128 0 481 0 0 0 0 15 0 0 0 
-3 -127 -7 -5 -1452 -332 -2315 -5 -30 -243 -10 -209 -2 -24 -2 
-11 -294 -103 -40 -2674 -3506 -5512 -396 -120 -1812 -366 -404 -128 -153 -23 
-9 -370 -62 -28 -3233 -3276 -6865 -174 -157 -1570 -163 -1093 -84 -118 -14 
-5 -39 -34 -11 -694 -529 -144 -87 -1 -235 -69 -380 -21 -54 -8 
-7 -104 -21 -14 -1022 -502 -608 -21 -10 -259 -35 -1049 -21 -85 -7 
-1 -75 -4 -6 -1307 -388 -1106 5 -19 -333 -35 -207 -11 -30 -4 
-11 -66 -171 -60 -1306 -2853 -831 -1125 -35 -735 -747 193 -407 -8 -86 
-9 -116 -214 -65 -1954 -4760 -1528 -2218 -42 -1047 -1406 -35 -492 -43 -99 
-10 -152 -79 -6 -1904 -1878 -2310 -292 -49 -258 -65 -323 -2 -31 -1 
-6 -44 -19 -8 -1009 -208 -289 -20 -4 -102 -24 -79 -12 -13 0 
-4 -98 -18 -4 -1030 -570 -2161 -32 -5 -104 -16 -190 -4 -13 0 
-3 -15 -3 -3 -275 -28 -24 0 -2 -30 -2 -10 -2 -2 0 
-14 -307 -124 -51 -2834 -3648 -5050 -468 -141 -2079 -445 -303 -148 -269 -59 
-22 -332 -562 -109 -2251 -12927 -4469 -6494 -405 -3377 -2978 -387 -760 -284 -108 
-32 -348 -1493 -123 -3056 -28281 -3470 -33517 -353 -3555 -6921 -474 -796 -253 -126 
-6 -54 -26 -1 -738 -427 -313 -50 -12 -9 -6 -57 0 -1 0 
-4 -29 -13 -5 -429 -121 -170 -13 -2 -53 -17 -30 -4 -2 0 
-2 -44 -3 -2 -656 -68 -420 -1 -9 -56 -2 -75 -1 -8 0 
-4 -13 -13 -1 -434 -78 4 -16 -15 -15 -4 -14 0 -1 0 
-10 -144 -69 -16 -1783 -1683 -1641 -193 -52 -281 -152 -273 -5 -17 -10 
-5 -61 -6 -14 -635 -131 -768 -1 -2 -261 -6 -70 -15 -5 -13 
-10 -248 -61 -64 -2774 -2145 -4485 -119 -121 -2279 -296 -299 -247 -230 -98 
-2 -77 -21 -4 -1286 -795 -1333 -63 -7 -268 -61 -243 -19 -28 -1 
2 12 14 1 -816 294 -126 40 14 10 7 113 2 21 0 
0 1 1 -1 -167 3 8 0 2 -3 2 -7 -1 0 -1 
-6 -63 -18 -9 -811 -471 -1331 -15 -15 -136 -32 -172 -5 -4 -4 
2 -60 8 3 -1319 36 -1599 7 1 -20 11 -261 7 -50 0 
-21 -395 -387 -117 -3051 -9713 -5326 -3208 -318 -4043 -2025 -312 -798 -317 -150 
-10 -183 -87 -28 -2277 -2051 -2164 -337 -128 -865 -210 -394 -84 -133 -14 
-10 -230 -76 -19 -2733 -2260 -3373 -253 -75 -836 -144 -393 -41 -92 -7 
1 -1 3 2 -200 52 78 3 7 14 2 -77 6 2 -1 
-18 -238 -213 -30 -2559 -4881 -3182 -1205 -150 -1083 -463 -340 -76 -161 -17 
-10 -161 -135 -30 -2202 -3950 -2849 -698 -99 -885 -461 -26 -124 -94 -37 
-5 -140 -43 -7 -2345 -1387 -1773 -160 -51 -317 -56 -413 -11 -67 -3 
-2 -67 -3 0 -744 -146 -1991 -1 -7 0 0 -143 0 0 0 
-1 -44 -2 -1 -400 -65 -794 -1 0 -77 -1 -75 -1 -3 0 
-6 -112 -34 -5 -1243 -907 -2319 -80 -30 -141 -32 -265 -4 -16 0 
-19 -293 -235 -50 -2984 -5587 -3607 -1324 -149 -1305 -760 -385 -160 -187 -36 
-7 -127 -37 -12 -1710 -991 -2229 -86 -56 -404 -46 -240 -25 -32 -4 
-10 -244 -95 -20 -3810 -3625 -2933 -385 -152 -735 -207 -761 -46 -70 -7 
-19 -284 -267 -56 -2917 -5882 -3376 -1751 -110 -1845 -867 -412 -220 -127 -31 
-8 -193 -64 -20 -2818 -1946 -2479 -211 -116 -742 -154 -316 -43 -75 -12 
-3 -43 -4 -2 -624 -99 -555 -1 -1 -46 -2 -51 -1 -3 0 
3 -141 86 28 -2815 -4112 -2802 1114 -70 125 829 -830 107 115 60 
-6 -103 -30 -15 -1173 -710 -1325 -56 -8 -340 -64 -139 -22 -12 -13 
-6 -91 -17 -4 -1292 -380 -644 -17 -33 -72 -16 -174 -2 -20 0 
-4 -145 -15 -11 -1934 -597 -2271 -20 -71 -453 -32 -323 -17 -96 -5 
0 2 0 0 -255 8 52 0 -2 0 0 17 0 0 0 
-6 -31 -18 -9 -278 -82 -240 -22 0 -145 -17 -21 -14 -4 -3 
-4 -93 -39 -7 -1938 -1331 -736 -159 -91 -206 -74 -67 -11 -47 0 
-8 -187 -49 -11 -2054 -1437 -3118 -127 -33 -458 -75 -317 -7 -104 -7 
-2 -9 -5 -4 -159 -33 -20 -2 -2 -14 -12 -4 -2 -3 0 
0 -26 -1 1 -692 -145 226 -4 -3 -3 3 -350 1 -1 0 
0 6 1 -1 36 21 31 1 -2 -5 -1 -5 0 0 0 
-3 -107 -6 -6 -1557 -231 -1714 -3 -37 -203 -8 -266 -5 -90 -3 
-19 -349 -205 -80 -3307 -5201 -5190 -1060 -203 -2667 -701 -342 -418 -241 -101 
-5 -74 -11 -4 -1126 -215 -610 -8 -41 -80 -8 -175 -4 -44 0 
0 -25 -8 8 -980 -840 76 -147 -17 293 121 -90 23 3 3 
-16 -263 -118 -50 -2898 -2686 -3874 -403 -153 -1676 -313 -317 -203 -161 -49 
0 38 -2 2 34 12 560 -4 0 46 3 76 0 47 1 
1 -12 9 0 -308 -47 -82 35 -5 9 1 -14 0 0 0 
-6 -106 -41 -4 -1408 -1008 -966 -121 -43 -48 -33 -233 0 -28 -1 
-3 -40 -8 -1 -565 -169 -604 -7 -1 -39 -3 -117 0 -8 0 
-3 -136 -11 -7 -1875 -551 -2356 -14 -46 -350 -23 -280 -8 -44 -1 
-12 -216 -210 -24 -3571 -4942 -1935 -1665 -237 -934 -471 -396 -87 -125 -13 
-3 -50 -5 -7 -601 -217 -831 -2 0 -55 -10 -84 -3 -1 -4 
-5 -57 -28 -12 -804 -661 -301 -50 -41 -76 -65 -38 -22 -33 -8 
-2 -44 -2 -1 -573 -44 -560 0 -2 -36 -1 -59 0 -3 0 
-3 -8 -3 -6 -168 -35 -25 0 0 -16 -6 -3 0 -1 -4 
-4 -68 -11 -11 -739 -478 -1772 -11 -6 -148 -22 -152 -9 -1 -10 
-6 -13 -18 -3 -172 -71 -16 -21 0 -13 -13 -2 -1 0 0 
-8 -103 -46 -30 -1489 -879 -636 -98 -49 -560 -150 -83 -62 -105 -34 
-1 -28 -2 0 -394 -63 -188 -1 -3 0 0 -45 0 0 0 
1 -34 1 0 -373 9 -790 0 0 0 0 -77 0 0 0 
-1 -18 -4 0 -358 -57 -70 -4 -3 -13 -2 -21 0 -4 0 
-2 -23 -8 -1 -447 -259 -137 -6 7 -16 -10 -364 2 -36 -2 
-3 -40 -9 0 -902 -244 -297 -10 -18 0 0 -40 0 0 0 
-3 -110 -3 -6 -1455 -133 -1983 0 -26 -274 -4 -199 -4 -46 -2 
0 -18 0 0 -383 0 -628 0 0 0 0 -101 0 0 0 
-1 -28 -5 -1 -440 -147 -99 -8 -3 -28 -5 -17 -2 -4 0 
-2 -30 0 -11 -403 -51 -304 3 0 -155 -9 -29 -9 -1 -10 
-2 0 -3 0 -116 -6 14 -1 -4 0 0 2 0 0 0 
-3 -47 -6 0 -529 -229 -1519 -4 -7 0 0 -132 0 0 0 
0 -12 -2 2 -348 -94 -195 -3 -5 62 2 -72 1 3 0 
-1 -12 -2 0 -194 -27 -33 -1 -1 0 0 -11 0 0 0 
-2 -41 -3 0 -473 -90 -687 -1 -1 0 0 -127 0 0 0 
-4 -23 -8 -2 -559 -74 -59 -5 -3 -32 -4 -34 -1 -2 0 
0 -26 -2 2 -459 -133 -149 -6 -13 29 4 -54 2 0 0 
1 -49 13 0 -947 -381 -470 62 -14 -55 12 -114 7 -13 -3 
-15 -293 -114 -51 -3351 -3248 -4173 -353 -225 -1468 -401 -406 -167 -189 -44 
-3 -123 -2 -7 -1385 -87 -784 0 -2 -160 -3 -1198 -3 -128 -4 
0 -38 0 0 -465 -112 -815 0 -1 0 0 -79 0 0 0 
-7 -92 -25 -3 -753 -583 -625 -41 -37 -64 -12 -897 -3 -7 0 
-4 -141 2 -32 -1652 86 -1044 1 -39 -583 7 -913 -29 -669 -79 
-4 -44 -7 -3 -590 -104 -520 -3 -4 -80 -5 -55 -2 -4 0 
-2 -43 -2 -1 -431 -52 -787 0 0 -42 -1 -71 0 -1 0 
-6 -194 -39 -18 -2022 -1290 -4128 -98 -20 -1002 -105 -353 -27 -130 -21 
-2 0 -5 -6 -175 -55 20 -4 2 -43 -9 7 -7 0 -5 
-3 -31 -8 -1 -384 -119 -246 -7 -2 -28 -3 -35 0 -3 0 
-10 -161 -112 -13 -2401 -3085 -2098 -580 -72 -726 -145 -400 -32 -46 -3 
-13 -386 -120 -36 -3714 -5236 -4866 -447 -346 -835 -388 -1916 -66 -723 -48 
-8 -138 -49 -11 -1937 -1173 -1410 -119 -67 -283 -70 -267 -25 -80 -2 
-2 -42 -9 -2 -937 -241 -187 -13 -8 -29 -12 -101 0 -9 0 
-3 -31 -9 -6 -646 -102 -221 -7 -3 -86 -20 -72 -2 -5 -2 
-5 -37 -11 -14 -447 -215 -200 -7 -7 -255 -20 -17 -15 -5 -13 
-1 -1 0 -5 33 7 395 2 -14 11 -2 34 -8 -21 -2 
-1 -1 -4 0 -155 -47 62 -4 0 5 -2 27 0 -2 0 
0 -17 0 0 -278 0 -203 0 0 0 0 -52 0 0 0 
6 56 49 2 538 599 663 175 6 49 24 88 1 2 0 
-2 0 -2 -1 -32 -11 25 0 0 -7 -1 1 0 0 0 
-2 -23 0 -5 -430 2 -181 0 -1 -75 0 -51 -2 -3 -2 
-6 -142 -48 -9 -1957 -1561 -3000 -160 -41 -419 -73 -87 -16 -58 -2 
-2 -21 -4 -1 -505 -61 -78 -2 -2 -14 -2 -22 0 -1 0 
-3 -72 -8 -1 -973 -236 -960 -7 -8 -47 -3 -95 0 -5 0 
0 -23 0 0 -680 -38 -410 0 -4 0 0 -102 0 0 0 
-6 -18 -46 -11 -204 -467 304 -139 -24 -19 -84 38 -17 -30 -11 
-7 -113 -33 -2 -1202 -847 -989 -71 -37 -26 -12 -555 -1 -10 0 
-7 -169 -47 -44 -1876 -1471 -1446 -83 -130 -772 -254 -800 -53 -860 -170 
-1 -17 -1 0 -276 -21 -81 0 0 0 0 -19 0 0 0 
-2 -21 -1 -2 -474 -11 -85 0 0 -29 0 -25 -1 -5 0 
0 -76 3 -3 -984 -500 -1365 18 -28 -326 -3 -250 -12 -53 -3 
-2 -90 -2 -1 -1028 -107 -1512 0 -5 -55 -1 -161 0 -9 0 
-20 -303 -220 -50 -3073 -5120 -3968 -1164 -92 -1457 -663 -405 -142 -164 -51 
-2 -4 1 -6 -145 3 -4 0 0 -19 0 -2 0 -1 -4 
-3 -47 0 -9 -529 -34 -718 0 -1 -155 0 -73 -3 -12 -7 
-2 -51 -2 -1 -505 -59 -536 0 -1 -45 -1 -61 0 -2 0 
-1 -32 1 -3 -534 12 -308 0 0 -70 0 -63 0 -9 -1 
-5 -103 -12 -8 -1364 -359 -1312 -8 -15 -261 -17 -158 -7 -29 -3 
-4 -92 -7 -3 -1041 -244 -718 -4 -8 -128 -3 -483 -3 -2 0 
1 1 3 0 -163 47 70 2 0 -1 1 26 0 0 0 
-3 -35 -3 -3 -323 -43 -336 0 0 -56 -3 -28 0 -6 -1 
-4 -49 -10 -8 -497 -289 -528 0 -9 -73 -29 -104 0 -49 -5 
-2 -61 -4 -5 -616 -156 -722 -2 -6 -105 -10 -121 0 -47 -4 
-4 -82 -25 -5 -1435 -713 -551 -55 -75 -83 -34 -635 -7 -134 -4 
-8 -209 -12 -40 -2069 -279 -1432 -2 -131 -697 -35 -1379 -32 -850 -95 
-1 -43 -4 -2 -896 -210 -520 -5 -18 -51 -9 -209 -1 -3 0 
-8 -166 -55 -21 -2139 -1621 -967 -155 -81 -481 -131 -1125 -37 -275 -21 
-4 -50 -10 -4 -637 -181 -272 -8 -1 -75 -9 -72 -2 -6 -1 
-6 -88 -16 -11 -1167 -554 -1415 -14 -13 -188 -28 -197 -4 -2 -10 
2 1 6 -1 -11 21 -2 4 0 -6 0 -4 0 0 0 
0 -68 0 0 -892 -164 -1586 0 -12 -16 0 -324 0 0 0 
0 -4 0 0 -94 0 -9 0 0 0 0 -13 0 0 0 
-1 -3 0 -2 22 1 -4 0 0 -11 0 -1 -1 -1 0 
-2 -43 -2 -1 -601 -70 -1026 0 0 -60 -1 -152 0 0 0 
-5 -89 -45 0 -1689 -1275 -1142 -180 -45 1 -5 -212 0 0 0 
-5 -29 -23 -2 -394 -241 -118 -43 -5 -15 -12 -17 0 -1 0 
-4 -34 -9 -1 -580 -134 -316 -7 -5 -30 -3 -54 0 -5 0 
-1 0 -1 0 3 -2 1 0 -1 0 0 2 0 0 0 
1 3 2 2 -582 35 -35 0 -13 65 6 77 0 6 0 
-3 -12 -7 -2 -122 -46 -20 -5 0 -11 -4 -5 -1 0 0 
-3 -84 -9 -3 -1144 -306 -1053 -8 -9 -89 -10 -132 -1 -14 0 
0 -12 0 0 -251 -8 -40 0 -2 0 0 -14 0 0 0 
-5 -40 -5 -10 -438 -47 -313 0 0 -162 -10 -27 0 -3 -10 
-2 -87 -4 -3 -1277 -188 -1538 -2 -4 -144 -6 -234 0 -24 -1 
1 -1 1 1 64 1 -1 0 -1 3 1 1 0 0 0 
1 -1 1 0 -99 11 -33 0 0 0 0 -8 0 0 0 
-2 -38 -5 -2 -354 -205 -1469 -4 -5 -13 -4 -128 -1 -2 0 
1 1 1 0 -13 9 -1 0 0 0 0 1 0 0 0 
-1 -42 -2 0 -635 -86 -612 -1 -1 0 0 -57 0 0 0 
-6 -67 -25 -2 -1078 -415 -426 -45 -32 -56 -10 -80 -1 -9 0 
-4 -20 -11 -3 -160 -88 -35 -9 -2 -16 -10 -5 -1 -4 0 
-5 -31 -18 -2 -409 -322 -244 -26 -2 -56 -8 -2 -1 -2 0 
-2 -17 -3 0 -152 -40 -55 -1 0 0 0 -13 0 0 0 
-2 16 -10 1 -166 -149 275 -18 1 17 2 203 0 29 0 
3 36 5 1 137 110 488 2 2 6 2 13 0 0 0 
-6 -185 -36 -9 -2531 -1467 -2191 -84 -98 -211 -62 -598 -8 -36 -1 
-2 -17 -4 -1 -377 -37 -55 -2 0 -16 -2 -16 0 -1 0 
-1 -46 -2 0 -905 -120 -813 0 -4 15 -1 -128 0 -9 0 
-39 -456 -1653 -141 -3860 -28854 -4299 -34615 -431 -4365 -7153 -846 -901 -295 -166 
-6 -174 -45 -18 -2431 -1579 -2350 -140 -128 -811 -111 -575 -48 -99 -9 
-13 -354 -125 -57 -3323 -4469 -5221 -533 -118 -2906 -438 -850 -225 -222 -78 
-12 -152 -90 -12 -1446 -1778 -3199 -334 -68 -616 -85 -247 -34 -45 -1 
-2 -111 -10 1 -1417 -554 -2334 -18 -34 17 2 -237 0 0 0 
-3 24 -8 -1 316 -19 623 -7 0 -5 -3 76 0 0 0 
18 -33 324 225 -2987 3018 -2464 2358 73 2487 3772 -2096 1006 779 1204 
-5 -99 -14 -6 -1028 -278 -1909 -13 -13 -280 -14 -164 -8 -15 0 
-3 -72 -6 -3 -730 -93 -1826 -4 -7 -189 -3 -144 -3 -5 0 
-14 -308 -139 -36 -2864 -4667 -5011 -612 -96 -1475 -390 -431 -96 -130 -22 
-13 -197 -130 -26 -2273 -3457 -2517 -571 -94 -838 -306 -558 -54 -71 -18 
-4 -27 -10 0 -463 -118 -114 -10 -1 0 0 -12 0 0 0 
-16 -334 -115 -37 -3514 -3474 -4345 -398 -145 -1682 -276 -876 -110 -156 -32 
0 -4 0 0 -145 0 -11 0 0 0 0 -11 0 0 0 
-4 -41 -30 0 -721 -541 49 -92 -16 8 -8 -92 0 -10 0 
-3 -62 -6 0 -605 -276 -1551 -4 -6 0 0 -150 0 0 0 
-8 -157 -28 -8 -1825 -771 -2632 -39 -30 -397 -34 -313 -11 -18 0 
-8 -142 -53 -23 -1464 -1602 -1045 -124 -36 -426 -150 -879 -44 -105 -26 
-2 -84 -2 -1 -966 -91 -2051 0 -2 -69 -1 -187 0 -7 0 
1 33 1 1 437 36 345 0 0 43 1 261 0 2 0 
-3 -71 -5 -1 -671 -188 -1922 -2 -11 -66 -2 -89 0 -6 0 
-3 -95 -9 -3 -1546 -329 -1028 -9 -18 -97 -8 -181 -2 -26 0 
0 -11 0 0 -82 -29 -28 0 -2 0 0 -3 0 0 0 
-1 -5 -3 0 -97 -21 -10 -3 0 0 0 0 0 0 0 
0 -6 0 0 -174 0 -39 0 0 0 0 -18 0 0 0 
-11 -200 -87 -23 -2299 -2716 -3289 -255 -50 -877 -216 -588 -65 -110 -14 
-4 -76 -47 -11 -1326 -1128 -590 -174 -29 -302 -172 -252 -39 -56 -9 
0 -16 0 0 -306 0 -258 0 0 0 0 -54 0 0 0 
-2 -43 -6 -1 -535 -166 -393 -4 -11 -32 -5 -57 0 -1 0 
-8 -176 -56 -12 -2115 -1847 -3933 -168 -62 -693 -81 -330 -22 -88 -5 
0 -41 0 0 -591 0 -907 0 0 0 0 -241 0 0 0 
-1 -27 0 -1 -597 0 -270 0 0 -18 0 -54 0 -12 0 
-1 1 0 -1 -13 0 14 0 0 -8 0 1 0 0 0 
0 -18 0 0 -648 0 -210 0 0 -24 0 -387 0 -24 0 
-7 -95 -19 -23 -1070 -309 -631 -12 -27 -501 -52 -67 -26 -97 -29 
-8 -232 -107 -25 -2713 -4616 -2793 -566 -167 -754 -380 -1430 -63 -440 -35 
-1 -39 -1 0 -640 -44 -458 0 0 0 0 -355 0 0 0 
-2 0 -5 0 -23 -8 3 -4 0 0 0 0 0 0 0 
0 4 0 0 56 4 40 0 0 0 0 2 0 0 0 
-4 -22 -15 -3 -231 -230 -73 -22 -3 -22 -9 -146 -3 -1 0 
-3 -15 -11 -4 -196 -84 -35 -15 -1 -37 -12 -7 -4 0 0 
1 13 7 3 -576 60 -15 19 46 63 18 187 8 38 0 
-2 -6 -2 -1 -64 -12 -9 0 0 -6 -1 -1 0 -2 0 
-5 -75 -6 -9 -1109 -163 -538 -1 -3 -203 -7 -70 -7 -14 -5 
-3 -55 0 -9 -939 -13 -426 0 0 -203 0 -71 -3 -20 -7 
1 -77 23 -4 -1376 -398 -984 147 49 -92 23 -840 43 -335 -42 
2 46 1 2 109 40 524 0 1 54 0 14 1 1 0 
0 -3 -1 1 -123 -36 -87 -1 -2 24 1 -32 0 5 0 
-1 -66 -5 0 -906 -331 -651 -10 -14 0 0 -131 0 0 0 
-3 -9 -6 0 -92 -34 -18 -4 -1 0 0 -3 0 0 0 
-4 -83 -13 -1 -928 -350 -1934 -16 -3 -65 -4 -153 0 -5 0 
-11 -169 -51 -37 -2745 -1119 -1377 -91 -55 -775 -142 -207 -88 -168 -42 
-1 -38 0 -1 -440 0 -1417 0 0 -66 0 -123 0 -3 0 
-5 -148 -13 -12 -1603 -504 -787 -7 -54 -179 -32 -1324 -8 -255 -8 
0 3 0 0 5 3 4 0 0 0 0 5 0 0 0 
0 -16 0 0 -306 0 -258 0 0 0 0 -54 0 0 0 
-3 -30 -12 0 -590 -180 -170 -19 0 0 0 -28 0 0 0 
3 -8 27 6 -409 95 -30 62 -1 -15 81 -30 18 -9 5 
-6 -86 -50 -19 -1004 -1200 -479 -156 -32 -420 -137 -451 -64 -81 -14 
-5 -157 -10 -30 -1786 -244 -1207 -5 -120 -575 -36 -1070 -33 -583 -71 
-4 -58 -16 -2 -648 -462 -206 -24 -3 -72 -10 -450 0 -2 0 
-1 -103 -2 -2 -1250 -237 -2829 -1 -7 -142 -4 -299 -1 -27 0 
-3 -85 -9 -3 -1381 -420 -896 -6 -27 -96 -12 -81 0 -10 -1 
-12 -143 -117 -21 -2003 -1938 -1214 -511 -58 -453 -246 -128 -27 -40 -12 
-10 -318 -52 -23 -3251 -2579 -5205 -97 -132 -1093 -128 -515 -55 -120 -5 
-5 -98 -11 -19 -978 -417 -702 -8 -9 -367 -18 -506 -27 -76 -27 
-8 -94 -18 -18 -1120 -221 -601 -17 -26 -375 -23 -143 -29 -72 -15 
0 -18 1 -1 -89 11 -139 0 0 -19 0 -32 0 -5 0 
-5 -105 -45 0 -948 -1302 -3301 -163 -8 -83 -24 -230 2 -22 0 
-4 -19 -30 0 -514 -409 154 -79 -3 -8 -22 -283 1 0 0 
-1 -62 -1 0 -741 -52 -1178 0 -6 0 0 -137 0 0 0 
-2 -40 0 -3 -584 0 -138 0 0 -68 0 -313 0 -10 -1 
-6 -167 -49 -8 -1643 -1791 -2944 -157 -23 -327 -83 -417 -10 -34 -1 
-4 -96 -10 -4 -1202 -285 -1790 -8 -4 -223 -9 -272 -2 -18 -1 
2 -6 8 -1 -68 23 -28 5 2 -13 4 -11 1 -3 -1 
0 3 0 0 -141 0 83 0 0 0 0 28 0 0 0 
-1 0 -1 0 -98 -11 1 0 0 0 0 -1 0 0 0 
1 4 1 0 1 10 15 0 0 0 0 -6 0 0 0 
-3 -40 -9 -6 -609 -170 -244 -8 -10 -78 -17 -47 -5 -4 -1 
-11 -196 -160 -137 -2333 -5092 -1483 -903 -267 -2015 -1722 -15 -468 -1246 -823 
-1 -16 -2 0 -468 -44 -145 -1 0 0 0 -46 0 0 0 
-3 -34 -3 -3 -487 -68 -242 0 -2 -42 -2 -55 -2 0 0 
-9 -124 -44 -10 -1555 -1061 -1513 -91 -34 -262 -59 -235 -14 -28 -1 
-5 -26 -11 -4 -307 -86 -111 -8 -1 -51 -9 -23 -2 -3 -1 
-1 -38 -1 0 -488 -41 -562 0 -1 0 0 -249 0 0 0 
-1 -54 -1 -1 -800 -60 -896 0 0 -50 -1 -247 0 0 0 
-1 -97 -1 -2 -1281 -184 -1950 1 -5 -96 -4 -357 0 -3 0 
-2 -62 -12 -1 -1041 -462 -883 -29 -29 -48 -6 -398 -1 -13 0 
-2 -26 -5 0 -457 -78 -101 -4 -2 0 0 -35 0 0 0 
-1 0 -2 0 -8 -6 2 -1 0 0 0 0 0 0 0 
0 0 0 0 32 2 1 0 -1 0 0 1 0 0 0 
-7 -173 -50 -13 -2212 -1730 -1656 -136 -102 -428 -99 -976 -21 -172 -10 
0 -35 0 0 -738 -136 -946 -1 -3 -128 3 -165 -3 -5 1 
-8 -52 -48 -12 -437 -454 -193 -125 -44 -122 -68 -15 -17 -30 -6 
-1 0 -6 -3 -469 -126 127 -10 -4 9 -21 69 -6 5 1 
-3 -80 -8 -4 -1005 -242 -793 -6 -12 -105 -9 -133 -2 -58 -2 
-1 -20 -2 0 -298 -67 -348 -1 0 0 0 -157 0 0 0 
-2 -22 -7 0 -475 -104 -148 -9 -2 0 0 -38 0 0 0 
-1 -39 -5 0 -586 -195 -211 -10 -4 0 0 -40 0 0 0 
-1 -92 4 -13 -1061 101 -1203 3 -9 -344 8 -861 -2 -391 -45 
0 -6 0 0 -112 0 -28 0 0 0 0 -5 0 0 0 
-2 -61 -1 -4 -979 -23 -336 0 -2 -118 -1 -543 -2 -32 -1 
-1 -4 -1 0 -85 -7 -10 0 0 0 0 -2 0 0 0 
0 -3 0 0 -216 -3 -76 0 0 0 0 -42 0 0 0 
-4 -47 -17 -5 -1156 -231 -67 -29 -58 -118 -17 -65 -5 -26 -1 
-2 -125 -1 -2 -1385 -94 -3061 0 -5 -140 0 -491 -1 -29 0 
-3 -66 -13 -2 -981 -550 -1501 -22 -6 -11 -8 -17 -1 0 0 
-10 -52 -79 -26 -615 -792 -175 -257 -50 -230 -191 -13 -73 -29 -19 
-2 -46 -2 -1 -1038 -58 -295 0 -5 -24 -1 -93 0 -4 0 
-2 -132 -8 -5 -1693 -503 -3261 -12 -48 -353 -19 -279 -4 -37 -1 
2 -25 9 0 -445 -55 -125 16 -1 0 0 -31 0 0 0 
-1 -106 0 -2 -1306 -44 -2292 0 -5 -132 0 -259 -1 -16 0 
-3 -9 -14 -1 -134 -75 -4 -26 -8 -6 -5 0 0 -1 0 
0 -49 1 -1 -486 22 -1745 0 -2 -108 1 -127 -1 -4 0 
-2 -40 -3 -2 -453 -50 -1353 -1 -2 -126 -2 -118 -1 -5 0 
-5 -167 -11 -9 -1758 -555 -2862 -7 -42 -448 -15 -332 -9 -50 -4 
-1 -17 -1 0 -297 -18 -122 0 0 0 0 -14 0 0 0 
-5 -98 -14 -6 -1289 -337 -809 -11 -25 -172 -15 -194 -7 -32 -2 
-3 -64 -6 0 -753 -198 -1161 -4 -3 0 0 -122 0 0 0 
0 -3 0 0 -31 0 -6 0 0 0 0 -6 0 0 0 
-4 -107 -9 -5 -1598 -322 -1543 -7 -38 -173 -7 -269 -5 -58 -1 
1 12 5 1 -298 149 469 10 -21 3 5 -15 0 0 0 
2 7 2 1 64 11 11 0 0 7 1 0 0 0 0 
0 -15 0 0 -137 -30 -122 0 0 0 0 -16 0 0 0 
-2 -99 -10 -1 -1447 -627 -1285 -15 -27 -35 -10 -169 1 -2 -1 
-1 1 -1 -1 26 -1 13 0 0 -7 -1 1 0 0 0 
0 -25 0 0 -194 0 -367 0 0 0 0 -33 0 0 0 
0 -7 0 0 -35 -7 -40 0 0 0 0 -11 0 0 0 
-2 -25 -2 -1 -263 -25 -135 0 -4 -15 -1 -21 0 -5 0 
-4 -72 -14 0 -730 -370 -2002 -20 -1 0 0 -152 0 0 0 
-8 -188 -41 -11 -2217 -1274 -3298 -84 -75 -442 -66 -305 -9 -47 -5 
-2 -6 -3 0 -178 -16 -5 -1 0 0 0 -3 0 0 0 
-5 -51 -8 -7 -457 -111 -238 -4 -6 -104 -7 -40 -6 -29 -3 
-2 -79 -4 -7 -798 -295 -1246 -3 1 -197 -11 -172 -7 -42 -4 
-1 -5 -1 0 -8 -10 -11 0 0 0 0 -3 0 0 0 
-2 -53 -4 -3 -783 -145 -547 -2 -1 -97 -4 -97 -2 -22 -1 
-4 -102 -3 -7 -1171 -167 -2119 0 -8 -229 -2 -207 -5 -12 -3 
2 -29 18 -5 -496 202 -1179 41 -8 -165 3 73 -5 -3 -3 
-2 -99 -6 -1 -1500 -350 -1601 -6 -31 -10 -3 -493 0 -6 0 
-2 -84 -4 -3 -1204 -176 -1594 -2 -3 -150 -6 -263 0 -44 -1 
-2 -1 -1 -2 -9 -1 2 0 0 -7 0 -2 -1 0 0 
-1 -33 -1 0 -443 -30 -257 0 -2 0 0 -51 0 0 0 
-3 -10 -6 0 -166 -42 -38 -4 0 0 0 -4 0 0 0 
-1 -47 -3 0 -431 -143 -830 -3 0 0 0 -78 0 0 0 
1 15 1 0 -131 27 265 0 0 0 0 -6 0 0 0 
-1 -35 -1 0 -519 -44 -401 0 -2 0 0 -74 0 0 0 
-1 -16 -1 0 -253 -18 -99 0 0 0 0 -8 0 0 0 
-1 -8 -1 -2 -166 -10 -27 0 0 -14 -2 -11 0 -4 -1 
0 -1 0 0 -42 0 -1 0 0 0 0 0 0 0 0 
1 -1 1 4 -221 -7 -1 0 0 28 4 -20 0 4 6 
-1 -45 -2 0 -596 -102 -869 -1 -4 0 0 -89 0 0 0 
-12 -172 -109 -5 -2150 -3137 -1550 -476 -49 -159 -78 -970 -2 -43 0 
-2 -89 -3 -6 -1164 -157 -1503 -1 -17 -298 -6 -197 -9 -21 0 
-2 -98 -1 -2 -1353 -51 -1668 0 -14 -77 0 -271 -1 -33 0 
0 -12 0 0 -99 -12 -187 0 0 0 0 -15 0 0 0 
-3 -24 -6 0 -501 -85 -52 -4 -1 0 0 -81 0 0 0 
-4 -147 -5 -5 -1556 -206 -3248 -1 -4 -308 -4 -311 -4 -39 -1 
0 -9 0 0 -107 -9 -71 0 0 0 0 -22 0 0 0 
-2 -19 -5 0 -175 -55 -121 -4 -2 0 0 -16 0 0 0 
-3 -22 -6 -3 -421 -91 -34 -4 -3 -40 -3 -12 -3 -4 0 
0 3 0 0 -141 0 83 0 0 0 0 28 0 0 0 
-2 -36 -2 -1 -604 -42 -257 0 -1 -26 -1 -49 0 -5 0 
0 6 0 0 35 24 49 0 -3 0 0 1 0 0 0 
-2 -11 -4 -1 -182 -25 -16 -2 -3 -6 -2 0 0 -1 0 
0 25 -1 1 217 -33 238 0 0 28 0 133 0 15 0 
0 -2 0 0 -22 0 -6 0 0 0 0 -3 0 0 0 
0 -18 1 -1 -463 -56 -56 3 -3 -10 -3 -15 0 0 0 
0 -14 0 0 -108 -10 -149 0 0 0 0 -20 0 -9 0 
-3 -40 -4 -2 -499 -76 -259 0 -11 -47 -4 -47 0 -1 0 
-1 2 -1 0 -28 -5 16 0 0 0 0 -5 0 0 0 
1 10 1 0 -102 33 251 0 0 0 0 -8 0 0 0 
-1 -39 -2 0 -689 -137 -1619 -1 -3 0 0 -126 0 0 0 
0 11 -1 1 -16 -7 61 0 0 18 0 1 0 0 0 
0 -4 0 0 -22 0 -11 0 0 0 0 -3 0 0 0 
1 -17 1 0 -227 5 -195 0 0 0 0 -30 0 0 0 
0 -84 0 0 -908 -171 -2936 0 5 -55 0 -261 0 -18 0 
-7 -138 -34 -1 -1787 -1128 -1783 -77 -96 -10 -7 -448 0 -6 0 
-4 -63 -13 -1 -775 -287 -1616 -16 -39 -66 -4 -149 0 0 0 
-1 -19 -1 0 -262 -26 -248 0 0 0 0 -56 0 0 0 
0 -19 0 0 -284 0 -248 0 0 0 0 -56 0 0 0 
2 6 6 1 308 123 -40 5 13 31 3 -300 1 1 0 
-2 -61 -2 -3 -1041 -49 -621 -1 -11 -80 0 -180 -3 -27 0 
-1 -31 -4 -1 -876 -201 -947 -5 2 -4 -5 -124 1 -8 -1 
1 -18 1 0 -292 9 -101 0 0 0 0 -234 0 0 0 
-1 -56 0 -1 -750 0 -1672 0 0 -64 0 -172 0 -9 0 
-1 2 -1 0 -143 -37 83 0 0 0 0 28 0 0 0 
0 -38 0 0 -407 0 -816 0 0 0 0 -77 0 0 0 
0 -19 1 -1 -229 24 -101 0 2 -29 0 -263 0 -9 0 
1 -20 1 0 -300 6 -262 0 0 0 0 -56 0 0 0 
0 0 0 0 -17 0 0 0 0 0 0 0 0 0 0 
0 -17 0 0 -420 -17 -145 0 0 0 0 -42 0 0 0 
1 -68 4 -1 -749 54 -2995 4 3 -85 -1 -221 0 -22 0 
0 -59 1 -1 -852 -93 -802 2 0 -28 -2 -524 0 -28 0 
-1 -10 -1 0 -132 -16 -46 0 0 0 0 -4 0 0 0 
-1 -18 -2 -2 -199 -61 -73 -1 -2 -15 -4 -17 -1 0 0 
-1 -55 0 -4 -654 0 -496 0 0 -45 0 -721 0 -144 -6 
-1 -9 0 -1 -206 0 -32 0 0 -13 0 -10 0 0 0 
-1 -103 0 -1 -1034 0 -3525 0 0 -85 0 -246 0 -22 0 
-1 11 -4 1 -125 -44 170 -4 2 29 1 14 0 1 0 
-1 -3 -1 0 -47 -4 -3 0 0 0 0 0 0 0 0 
1 -8 1 0 -199 6 -65 0 0 0 0 -19 0 0 0 
-3 -38 -11 -1 -476 -264 -416 -15 -8 -48 -4 -384 0 0 0 
0 -57 0 0 -821 -53 -1043 0 -2 0 0 -286 0 0 0 
-4 -96 -8 -2 -915 -298 -706 -5 -19 -64 -4 -885 -1 -30 0 
-3 -42 -4 -2 -257 -63 -237 -1 -6 -34 -2 -52 -1 -13 0 
0 -56 0 0 -857 -46 -1778 0 -5 0 0 -162 0 0 0 
0 -12 0 0 -204 0 -96 0 0 0 0 -6 0 0 0 
0 -1 0 0 -66 0 -4 0 0 0 0 0 0 0 0 
-2 -34 -1 -4 -364 -6 -351 0 -6 -92 0 -88 -2 -35 -2 
1 -16 1 0 -289 7 -194 0 0 0 0 -50 0 0 0 
-1 -2 -2 0 -10 -8 -1 -1 -1 0 0 -2 0 0 0 
0 -32 0 0 -323 0 -474 0 0 0 0 -118 0 0 0 
0 0 0 0 -15 0 0 0 0 0 0 0 0 0 0 
0 -12 0 0 -143 0 -105 0 0 0 0 -21 0 0 0 
0 -3 0 0 -101 0 -4 0 0 0 0 -5 0 0 0 
-1 -13 -1 0 -259 -18 -83 0 0 0 0 -28 0 0 0 
0 6 0 0 75 0 19 0 0 0 0 2 0 0 0 
-1 -1 -1 0 -90 -4 0 0 0 0 0 0 0 0 0 
0 2 0 0 75 0 2 0 0 0 0 1 0 0 0 
1 19 1 0 361 20 122 0 2 0 0 81 0 0 0 
0 -1 0 0 -18 0 -3 0 0 0 0 0 0 0 0 
0 -3 0 0 -38 0 -8 0 0 0 0 -1 0 0 0 
0 -10 0 0 -52 0 -69 0 0 0 0 -26 0 0 0 
0 12 0 0 -122 0 242 0 0 0 0 -8 0 0 0 
0 -32 0 0 -348 0 -1461 0 0 0 0 -123 0 0 0 
0 -1 0 0 -47 0 -2 0 0 0 0 0 0 0 0 
0 -32 0 0 -348 0 -1461 0 0 0 0 -123 0 0 0 
1 -3 1 0 5 2 -9 0 0 0 0 -1 0 0 0 
