0 1 0.136318435995191
1 2 0.197651054568856
3 2 0.242370132589458
4 5 0.273046494929039
0 4 0.247862296018434
0 6 0.145784410146242
7 3 0.16495989814763
8 3 0.273734000303435
0 9 0.357782116073428
7 0 0.229375138986583
3 10 0.231731785016469
11 10 0.152268944548184
12 0 0.297626401080252
1 13 0.409066185485873
10 1 0.165795094859756
12 3 0.178535913183104
3 13 0.202904164167145
12 14 0.484618733853266
15 16 0.430759859397567
3 14 0.123050142481206
6 1 0.18399377216846
7 4 0.180610566048849
7 12 0.411302821694785
11 13 0.416688745915785
3 6 0.138378445530777
17 4 0.245475039939634
6 4 0.238988180306416
9 4 0.132983094703833
18 19 0.235553372169522
12 13 0.559912883914339
6 20 0.158684533751155
11 2 0.315553022733133
12 1 0.221651684292022
0 5 0.168859614074846
11 1 0.318737627951914
7 14 0.268352615924925
7 1 0.274058216775026
0 20 0.197156886001423
12 6 0.465520549211091
10 2 0.204038936763213
14 5 0.530630924338793
5 2 0.487049178714205
20 13 0.243556501089786
8 4 0.244903092764231
10 5 0.242666215150891
8 2 0.54671129639442
0 10 0.210883166259505
12 9 0.38157758942177
17 0 0.229709397664225
14 6 0.400943929753005
9 2 0.37244494455155
11 9 0.167128124095472
21 22 0.203284837446781
14 13 0.366819014619485
17 20 0.369143063828543
6 5 0.295783319563937
23 24 0.294577430739489
8 11 0.157694884149157
11 17 0.246163746163746
13 2 0.414495582146716
14 20 0.16885747803466
17 13 0.296790969794477
14 10 0.277797772684024
17 5 0.363041018520333
10 4 0.248765696533279
12 20 0.239041232972947
17 10 0.229166797226094
4 13 0.113931153598203
7 6 0.122390043499275
12 4 0.302776485954144
20 1 0.138471994786211
3 20 0.233964971928849
3 0 0.311617145473104
12 10 0.327005280275402
11 0 0.141684756479294
3 9 0.196191159313189
11 12 0.281282654088809
8 17 0.384307910905685
9 10 0.158017060553314
4 2 0.258895041042096
7 5 0.342176936239197
9 13 0.132651676635476
10 20 0.281366724296273
11 14 0.251288971661568
23 25 0.482325755466368
7 20 0.27198666392168
14 1 0.311819705626701
10 13 0.214810473221216
12 5 0.467448432673938
0 14 0.135514819486128
5 1 0.351712584876888
11 5 0.337329967071473
4 20 0.275709948278373
0 2 0.324717706659624
14 4 0.33460130337853
17 9 0.351647625916368
5 13 0.401856349448778
5 20 0.332249765981552
9 5 0.304423649760576
17 2 0.519706120596421
11 20 0.225299933297224
12 17 0.490276503583633
9 26 0.290391731529922
3 1 0.102243800231399
8 12 0.479672014504815
12 2 0.362929929511992
20 2 0.351043610217775
17 27 0.569060146411559
17 6 0.569320596790979
17 14 0.400692301520634
14 2 0.310292149097509
1 26 0.255130088633712
28 11 0.123738815624613
29 1 0.292291341473048
30 31 0.136315119987267
11 32 0.127432407552622
10 26 0.397645908492394
5 26 0.263867554564896
13 26 0.347117661067231
17 26 0.354336755131137
6 10 0.105743657519422
7 11 0.281713301878744
7 26 0.542645428064798
9 6 0.139243646293502
28 14 0.17328802111051
32 33 0.165374416827484
4 26 0.113955306908372
6 26 0.25234961865729
27 20 0.332139645927296
7 13 0.379266450248687
7 10 0.443190514192684
6 13 0.312181426969405
34 35 0.153866616443161
7 17 0.355082509764519
7 9 0.318507113525471
0 27 0.121926040362959
36 1 0.113844120253922
37 17 0.11755283737569
8 1 0.116073206133822
38 20 0.268307678202661
29 39 0.472307121370748
40 41 0.169290817055005
24 25 0.447031069232894
20 26 0.237243537426083
8 13 0.311156733071674
8 9 0.33436355514459
12 27 0.58778862622088
28 42 0.114991843901058
4 43 0.219771991163777
36 38 0.133657510842423
27 5 0.381267954329681
28 38 0.190640778837532
0 26 0.122194535296636
8 5 0.365049565578321
36 17 0.117715518444355
12 37 0.189008232694322
42 2 0.229559055358925
7 44 0.238614239834924
14 42 0.203848354803434
36 29 0.224558655797003
27 4 0.423450272897834
27 2 0.449679190617335
45 46 0.14980396287092
12 44 0.258478791340666
38 14 0.123281811417535
12 26 0.508717473314371
28 39 0.114019463886831
14 9 0.429704548045491
7 29 0.452799599623751
8 0 0.345560804452937
8 20 0.294003166441234
11 26 0.115934140819912
3 27 0.256678610947422
8 6 0.396604639922668
47 34 0.145576759069822
9 27 0.399894574853891
39 20 0.473085123569226
8 39 0.444224260879516
8 37 0.357083173613847
48 49 0.248659143983498
7 2 0.384276899928222
28 32 0.135665238772239
37 0 0.23943688743255
9 43 0.391931987389018
28 1 0.121223115882821
50 51 0.558771210617594
6 2 0.355855035789932
43 2 0.389413393257483
32 10 0.173567726085196
6 42 0.234300372699218
8 27 0.312812911856019
38 52 0.121116191143757
53 51 0.283782712480916
11 27 0.224613663080207
7 39 0.333181166468469
3 36 0.164642022015091
17 43 0.48288380235578
6 39 0.435884030800518
12 36 0.302416684522693
52 5 0.147739608551726
40 54 0.151020604972795
38 2 0.120821606516054
42 20 0.131293756668945
36 52 0.136567870168541
7 42 0.161150939339579
38 42 0.143414053765169
27 43 0.442855890654967
8 14 0.29409387404722
55 1 0.166075004757181
32 42 0.235101381356367
3 38 0.340702952846515
28 6 0.170177375947708
10 43 0.288439973170675
38 0 0.120757996312088
37 2 0.386998968323642
14 26 0.338982612001231
29 38 0.270848893130726
37 5 0.176335040905153
55 39 0.180369590409932
485 56 0.120353550759179
42 5 0.115843379451438
7 38 0.244021931936793
7 8 0.315079748670855
3 42 0.442538176597787
36 9 0.133113097816924
52 6 0.272464631491902
37 36 0.159790443482113
29 5 0.468165035785021
27 13 0.45469569187798
38 13 0.228191881612028
57 58 0.127116917561409
59 60 0.150158896441857
39 5 0.447314745949815
38 6 0.260449736361637
5 43 0.499080860944046
52 39 0.245853603479396
61 1 0.279287356942143
11 42 0.137428317559427
27 10 0.316997418224664
47 62 0.172168230800698
8 38 0.220831394987141
52 20 0.178858368695116
38 39 0.391168798118604
40 25 0.18693389228726
63 25 0.279646800641388
42 10 0.218764565062009
29 14 0.462930873669274
12 38 0.225716600983434
11 37 0.267367366672797
12 52 0.164496404438259
11 36 0.108647317168846
486 34 0.105005540104282
0 39 0.320720798845015
32 4 0.123317291767185
28 55 0.35058135369887
8 42 0.132240315343164
11 38 0.155357108644585
12 43 0.54162512494282
38 17 0.234461480777493
40 63 0.167389866456096
23 63 0.329175383681397
64 58 0.108939447014511
28 0 0.131250518353111
52 1 0.194334436221173
36 4 0.223097588693925
29 4 0.248702965775016
0 42 0.101993364056295
29 6 0.430348778744234
43 13 0.340731969997025
41 25 0.249505600404545
28 13 0.114846690952515
38 55 0.334603758706795
42 13 0.233695883967824
52 0 0.227647938555292
487 65 0.219578531071164
28 52 0.110978808338911
61 29 0.545776269106291
29 55 0.216287618751073
0 43 0.233597398434351
488 16 0.244654558097732
17 44 0.209078914694628
3 52 0.200094379495996
61 38 0.378397003888187
38 10 0.198807100072471
66 67 0.571475585588003
36 2 0.213348143861758
61 5 0.259166685935164
8 36 0.257406506725474
28 10 0.105035393667225
14 39 0.320355784477267
20 43 0.325900071820122
11 43 0.266245297302978
489 490 0.396968537237768
55 27 0.182645940793008
3 32 0.112554689004693
68 69 0.159457021338528
29 2 0.432765249452656
61 55 0.170467995900975
29 52 0.244583626822013
39 4 0.21866941304855
12 39 0.361768776918383
7 70 0.25057812522134
12 55 0.116318350989264
3 39 0.394973900324308
71 72 0.426406103531231
28 36 0.132235512736481
38 73 0.118573766408195
52 42 0.137169845193647
9 44 0.1242232509487
11 29 0.338233119144646
38 27 0.19986632036627
73 2 0.366336897256338
6 70 0.336393161180539
42 39 0.211250516581084
8 52 0.229128633238155
6 32 0.100783184624908
52 13 0.184210590099699
7 27 0.471942667870503
9 74 0.248158588254845
7 55 0.236526570055131
39 10 0.260412319612778
8 29 0.504026248844892
36 5 0.139774240112504
54 41 0.112749508928826
32 1 0.131095697485081
61 4 0.13973442453568
70 20 0.188908277590332
47 58 0.139005400821117
11 39 0.405583696802732
55 5 0.104830680084378
61 9 0.343629765428819
8 10 0.21549780448703
36 20 0.178098882691725
491 492 0.225510849060414
75 76 0.306026278542913
77 78 0.211047346604576
3 29 0.278314609460956
17 39 0.472476522192942
37 43 0.290305383413186
28 17 0.221092148505742
38 9 0.228524813567798
6 79 0.19076000164401
80 81 0.12098123497085
9 39 0.32605760790364
44 26 0.268959289925245
14 55 0.282025207904678
39 43 0.354677540077072
8 32 0.31316720844064
61 12 0.542843039426394
17 42 0.130629176020647
6 27 0.465631943631653
7 37 0.312360998397648
39 2 0.50936414423933
69 82 0.310354087473983
29 10 0.357388331820702
27 39 0.430071963756991
37 27 0.165070945850308
39 26 0.225782430720291
55 2 0.125362106852587
38 26 0.107747190989074
29 26 0.513795779235738
83 84 0.346854423873365
14 43 0.517124578150291
9 42 0.1102343706139
44 13 0.270203360701601
61 39 0.444426091538188
85 86 0.146502530464028
70 5 0.301324822937279
55 4 0.11958510533755
36 27 0.338301073886079
7 36 0.402410763278214
87 77 0.156312767469499
39 13 0.452548036758563
37 9 0.388022200933703
26 2 0.29131421599849
61 17 0.538921929521025
29 42 0.454984150528588
17 32 0.14255417655763
12 42 0.245769857825132
0 44 0.113662772829337
88 493 0.238064944322133
73 13 0.24882371808967
55 26 0.120053709712632
89 90 0.102626818460436
27 26 0.446823862152538
29 0 0.374468557164547
37 1 0.272325836454743
52 74 0.194275772929912
36 26 0.211730035074472
64 91 0.461947272937755
28 27 0.118710086799535
92 93 0.169462950324215
37 26 0.236908278150513
12 29 0.583620589936379
44 20 0.109818459582472
61 20 0.437093556344063
36 13 0.116334302317055
94 82 0.228024285215188
12 70 0.407207572346115
62 58 0.323736448696378
36 55 0.134577474043895
42 27 0.34960576004068
32 39 0.11796157059315
95 48 0.281805753011813
96 48 0.363429190489219
28 61 0.130118662063692
61 6 0.540747689747909
37 32 0.28330625150556
97 487 0.249055705055717
70 39 0.513550327513019
98 99 0.254538970762784
29 27 0.429606820873146
70 10 0.151245522175312
91 34 0.129170824554607
68 90 0.13753705344563
11 61 0.183904959435914
14 44 0.142954104243205
77 100 0.129487402159077
61 13 0.406934679761071
70 13 0.307372353142558
61 3 0.103822314049587
101 102 0.103821314145022
61 2 0.448166283250792
3 19 0.271946526400819
102 103 0.120808175522302
70 2 0.344318863930222
29 44 0.162890049923093
77 104 0.37146799842292
38 70 0.239620676322675
55 13 0.255596686058011
95 96 0.714954856293789
61 27 0.370968538749575
29 13 0.544962921828819
105 106 0.204198569039239
61 0 0.374941754151575
61 52 0.300902647450929
11 70 0.226554330044172
107 108 0.175597456349576
14 73 0.230776215301369
73 5 0.194287894939257
57 109 0.441461222176332
3 70 0.285184207772365
104 100 0.292964430326594
6 43 0.341423411429901
37 29 0.335821426881596
47 110 0.304741952948532
12 73 0.214204865393519
19 4 0.270195441949372
7 43 0.442637762018902
55 43 0.304858786559039
55 10 0.152836073245508
19 43 0.42801418062369
7 61 0.440692503910978
11 55 0.264289589375554
111 82 0.441128855830234
68 112 0.161745240379362
40 24 0.168179730496827
64 47 0.262851328934975
95 49 0.522582512588041
113 67 0.479610689279924
29 20 0.315733628551767
4 73 0.319617030328951
55 9 0.307257576883921
29 43 0.513713549969411
79 1 0.22143537804494
73 20 0.222518962118741
52 14 0.239019898437032
17 73 0.228792649094372
19 10 0.333584906141936
96 49 0.659347614410906
37 38 0.173292493113732
494 495 0.119184932591886
43 26 0.402116588753253
65 496 0.149761705348816
61 37 0.358236260816487
497 114 0.110978808338911
21 93 0.202761555355738
42 43 0.25026936412172
37 55 0.234100284979874
43 1 0.232419381439737
70 42 0.185110849399346
29 17 0.40267328821833
79 5 0.118237328891101
47 50 0.159014757850658
70 43 0.317815858100162
115 116 0.162140292061035
52 43 0.277681811970655
498 117 0.135437183331157
118 82 0.197180449876667
18 42 0.16480336074857
119 92 0.246395976474935
105 120 0.295709833610321
121 49 0.465043816942551
29 9 0.333151447310359
102 50 0.240559702610822
29 70 0.395743476905702
37 52 0.111014190511915
122 123 0.301088802957993
17 70 0.270802519057701
124 58 0.268891873267553
8 43 0.371667179848411
8 73 0.225111185453218
125 126 0.310157036644154
127 30 0.431413520061918
128 30 0.124720869489527
129 130 0.194008371677279
131 132 0.108456142110424
57 133 0.451722676656748
120 134 0.283698792697428
24 41 0.182053503841232
102 135 0.116424078379265
39 79 0.111978107510589
499 136 0.160758089008844
15 137 0.145458627578435
102 53 0.185804497697198
38 79 0.253430557474063
138 500 0.130181302591368
106 120 0.119865769866821
91 62 0.152765540850978
102 116 0.199807288855469
27 73 0.357179828756023
74 26 0.221316883966337
102 498 0.296607814494667
61 10 0.225597326097357
47 35 0.108366138165806
139 103 0.310344412103288
129 58 0.159014757850658
70 32 0.156090259515676
29 79 0.241541463185873
501 498 0.133120566772671
99 140 0.260369339043258
113 66 0.603775591032955
38 33 0.196216731599232
27 74 0.213800329915334
0 79 0.157016346660561
139 102 0.328169877511938
102 51 0.263072462555346
139 141 0.123167235050577
142 76 0.138707600096363
143 116 0.497568045512689
120 30 0.304573878751437
488 137 0.199912815415449
144 145 0.207334788690382
135 116 0.126735513655346
64 102 0.11841211242459
14 33 0.122353303330076
50 110 0.345770421974431
45 146 0.151741395154026
143 147 0.302353744126818
110 51 0.517331074965624
73 43 0.323748033294666
148 149 0.174169518814382
57 150 0.215673669991245
144 102 0.23364115805166
9 73 0.297779547765261
502 503 0.558907062031305
8 70 0.444351620694368
102 151 0.112079099087152
152 153 0.136596153916611
143 144 0.522397256489127
143 102 0.410297189154016
3 73 0.192042663518564
14 21 0.146050709368331
144 115 0.11391366994656
32 26 0.148393399917882
154 114 0.127464190772952
155 132 0.112935245000481
156 504 0.217587258379698
154 157 0.269287683039508
158 108 0.149363358455648
159 505 0.23781161340615
8 26 0.319339048990217
160 161 0.17622172890001
117 151 0.235089784984718
506 507 0.231549692269379
119 0 0.33684524010771
33 10 0.192493708544925
162 58 0.159014757850658
40 163 0.126005916842364
164 165 0.16155963442389
166 34 0.15784362265469
72 76 0.120985665078994
167 34 0.145576759069822
70 1 0.101334275872397
92 21 0.135897078695232
158 168 0.224384414969605
508 509 0.116332753262026
102 510 0.108813061657061
169 108 0.168225809060308
170 171 0.442070204686989
57 132 0.220292024946642
172 141 0.139739085652969
3 74 0.182665053242516
101 103 0.171926000250444
133 58 0.476588967603695
42 73 0.174292247114968
6 73 0.28448913969506
109 150 0.117138759911585
42 33 0.145041462395753
0 70 0.29781856229975
173 174 0.213509653198021
152 175 0.415009836759568
176 177 0.299680345359268
178 35 0.106383332051945
8 74 0.239041102122232
145 117 0.161406807735713
73 179 0.123322773468758
180 58 0.278039538429203
14 27 0.357794651509484
93 181 0.212464270917042
28 73 0.1057421820942
14 182 0.274245407490014
183 132 0.136892359322813
184 58 0.130730897009967
99 72 0.203633513646695
182 10 0.126899278716179
19 1 0.220577236595603
92 22 0.185164009310003
122 171 0.244613076404023
102 185 0.419969207260624
14 22 0.133909758287411
169 168 0.169651443848565
116 145 0.138381698034403
45 186 0.426137531825046
47 115 0.108657242876825
146 187 0.164294634354901
188 189 0.116418432887562
66 45 0.352044701981598
153 190 0.166395388267209
11 182 0.147104896427325
147 145 0.111122101244747
146 177 0.155011307042753
191 50 0.121223115882821
144 150 0.204198569039239
182 4 0.14215151401275
153 150 0.169996276573443
12 79 0.301913243973163
192 72 0.165588826788694
193 57 0.421906910695744
63 194 0.10359074058997
116 150 0.240855408530419
195 86 0.172599906994595
196 126 0.144294496553578
182 26 0.317444060594617
14 79 0.277412011336878
103 50 0.162902848492338
29 73 0.20264631948557
197 198 0.129107614789535
24 155 0.200988448242769
193 109 0.836457546201552
86 132 0.247682074614987
102 174 0.128875747573801
133 132 0.108501720330692
45 67 0.170979263526869
188 90 0.100786599844698
110 185 0.215351341099538
199 75 0.104780142422636
0 93 0.204262896266291
200 201 0.165619745393947
50 185 0.115100025539007
44 182 0.187682219471033
0 73 0.208723618731265
202 203 0.104423339551833
12 182 0.160048509632745
204 63 0.253829889067029
157 114 0.21865530787565
21 205 0.253164908745147
96 60 0.225484272375486
206 20 0.206858987217791
112 36 0.304337152325815
155 25 0.221517317349514
207 97 0.182239890270295
109 58 0.481551274556804
208 69 0.177750339629354
64 152 0.100362841847838
133 109 0.764654352694481
103 185 0.215280769887479
493 149 0.122103650870748
155 41 0.110897336246469
61 14 0.441787956485386
110 178 0.220743747409915
45 25 0.234522457790336
96 209 0.721228572966258
210 153 0.268374981160769
7 182 0.284418502535129
186 46 0.161246450695157
182 20 0.300251472365418
95 60 0.346673266097878
204 25 0.258084312036929
211 96 0.345328418587284
511 512 0.12219236718998
23 187 0.216366717639501
497 212 0.189399836764249
193 213 0.322451422950198
120 214 0.214641410370123
68 208 0.112417319606553
213 109 0.137587359748482
199 76 0.301761273751306
54 194 0.242924566192266
16 214 0.619133860630565
37 44 0.124803367715546
215 216 0.414806800352583
132 504 0.27886093759987
133 504 0.39838922381171
183 504 0.123721871854525
155 194 0.196449654291088
206 44 0.152653337606677
11 189 0.151235224109341
186 67 0.412105280370411
95 211 0.30685463062729
217 16 0.244578149712262
44 21 0.141574069991913
175 513 0.290601237077559
23 45 0.181643454922094
218 86 0.128209596081276
8 44 0.175625707526396
191 51 0.210314245621315
36 10 0.27365660995081
155 54 0.240447981963583
193 133 0.73130974186984
219 16 0.207493498489487
195 132 0.117743110440844
11 206 0.141282802901178
49 209 0.67568844280833
120 16 0.219074317370764
204 24 0.189999212502182
9 79 0.203948863399388
514 16 0.117892813381057
192 142 0.20200097238635
9 182 0.205229443218762
33 2 0.102218277669941
158 16 0.47518615584765
102 117 0.169318638203239
220 45 0.364819398048273
221 96 0.521827587019738
23 155 0.174099034026438
47 166 0.194460029058484
189 5 0.159718020089579
127 222 0.184806615223321
57 124 0.118820798793043
137 515 0.230770824258729
192 75 0.145546869892717
194 25 0.390910058472845
98 140 0.136871979534744
3 223 0.252050259528753
204 41 0.120953645127297
6 21 0.29476909797843
220 186 0.365151779906099
21 20 0.232760412639743
116 117 0.229025270538095
200 224 0.173511399510076
63 132 0.166436396871778
157 212 0.101805961790694
4 189 0.120510924465368
193 58 0.469274248053411
221 49 0.387019638138267
200 516 0.102276797934178
23 132 0.214206927569906
21 225 0.150979234978412
66 186 0.426787389643995
504 141 0.103577483892845
63 54 0.193348099518847
204 194 0.180646239673568
7 22 0.123160556858217
93 20 0.389318545935338
18 4 0.29483538205873
154 212 0.326903376597314
70 26 0.386197758344614
175 190 0.273107025351138
211 49 0.13489337182242
170 123 0.4105476029242
72 75 0.268790864331602
193 150 0.148662214065836
226 126 0.16648877761855
64 175 0.158477373619571
44 189 0.104669615898907
87 37 0.145371631100523
23 204 0.384233838919285
227 108 0.135821122110141
142 228 0.249567564520539
64 150 0.115712355241989
229 82 0.421857330524874
0 189 0.186914989356103
92 20 0.181934189823079
206 14 0.318232749696294
12 206 0.352074556025138
147 117 0.106227461106828
22 173 0.158331879638521
220 96 0.387202587689165
60 49 0.274089938231936
144 147 0.236814082376893
157 497 0.145576759069822
192 228 0.190255031692592
0 92 0.13896729152948
122 517 0.100874195611828
169 16 0.266342847149364
144 116 0.407512834950385
57 504 0.37345511239189
114 212 0.13620878796972
59 230 0.265960428721254
220 95 0.472917062110767
4 223 0.188072225677659
154 497 0.169064900580021
231 105 0.163804333063809
80 232 0.267663594327725
233 234 0.194734415380835
24 194 0.37670961490747
518 235 0.138707600096363
50 53 0.144278994002235
22 225 0.379749803918952
236 237 0.164680211429044
12 189 0.166704230378498
213 133 0.282711243196998
95 209 0.58555557424657
189 13 0.16216203008296
159 238 0.14419630129118
221 95 0.476864792850367
84 226 0.147685478621459
72 31 0.309561535497774
220 49 0.371706680487324
239 240 0.313773225596443
102 147 0.238139000262427
64 190 0.115728792623443
72 199 0.194395471196393
206 10 0.161902044723247
14 225 0.270044298399862
7 206 0.188452598626387
183 141 0.138582894699894
9 70 0.323053304624193
241 16 0.414573283036567
242 30 0.157764462603162
220 66 0.369380773526026
70 16 0.393655841997342
192 199 0.227788330563331
61 79 0.268411654670579
80 82 0.153578167635969
206 13 0.109838594684509
206 6 0.20034217964163
169 227 0.202079210853801
158 241 0.199207290064152
44 225 0.277488029553391
3 189 0.15460083157152
17 206 0.128695991182745
158 227 0.285481493464618
108 16 0.304129969557779
206 5 0.160500315306517
105 134 0.183747226335086
236 243 0.262278068594699
170 517 0.324749781680817
519 520 0.147888063773997
206 26 0.304184380518343
521 522 0.110512476914338
10 223 0.194184866673928
44 22 0.273831218454179
206 9 0.139972673756335
523 524 0.168084303528187
1 225 0.185209929960676
185 525 0.12963273988583
213 504 0.200425201498223
200 244 0.102276797934178
98 245 0.13910444261897
526 527 0.149091614102424
80 246 0.16013389908984
140 245 0.25931060977668
528 150 0.115245556563566
247 132 0.176108476363947
223 13 0.128506912517369
248 35 0.112290105053033
247 150 0.243773106798678
526 506 0.204587699218341
232 82 0.152731266841106
231 249 0.107717023745437
241 169 0.296744055663839
70 217 0.214841891387291
250 132 0.191027371118486
103 51 0.418169875162473
6 223 0.104705625536739
241 227 0.465135206806317
20 223 0.112191347107866
241 108 0.261262074328273
26 225 0.381782113009231
105 249 0.320959852101554
98 529 0.123106568291262
227 16 0.479164815491396
511 526 0.310376116872004
7 225 0.338154642744494
189 1 0.105894408206733
192 31 0.129890631375049
99 529 0.131707987955098
109 504 0.226864342312639
220 67 0.277302144361475
251 252 0.178672254696648
9 223 0.214461418600446
251 235 0.178672254696648
87 80 0.24297306049031
245 529 0.260654191363752
9 189 0.124796137917615
213 58 0.256096523751191
83 226 0.208433091327459
0 223 0.249102191634773
14 223 0.119367751486369
193 504 0.284132111642749
530 506 0.204449651096541
531 252 0.11517550052811
245 253 0.128775568866163
221 60 0.369532317461205
75 31 0.114396019686205
249 134 0.416132247599716
485 133 0.116373660947187
120 217 0.214841891387291
6 225 0.185123353158094
218 132 0.184602921972131
12 223 0.125783486760375
158 169 0.646558739248991
514 217 0.140916656297486
185 51 0.318913810513308
61 43 0.558245318698117
44 27 0.161207765363394
74 39 0.240253790098116
99 532 0.122298697254086
19 0 0.21347372975362
8 61 0.508120455614818
254 255 0.279468416504675
38 43 0.23410270049169
61 44 0.307452776958984
256 71 0.255043091783168
121 160 0.23916824738918
74 13 0.123627861024987
27 79 0.323762919677236
12 74 0.253400340509424
106 30 0.149305605248217
47 257 0.171770109999301
11 33 0.160426784376522
47 43 0.155434890775843
258 47 0.198015835004756
486 102 0.147383241144186
70 27 0.271660872014262
18 6 0.320301507519425
111 259 0.354419376951
257 260 0.191587435342545
261 153 0.10030748261267
79 93 0.115359394366382
17 79 0.128934357609291
79 4 0.104906286576321
176 146 0.408621514770522
197 262 0.143185953544953
78 16 0.223371713749877
3 79 0.107881390187384
5 263 0.184609748197036
37 70 0.206676459420772
79 13 0.234523562049662
39 73 0.323706289981793
264 103 0.345898776224371
103 265 0.340385768964074
266 267 0.187046238009907
87 57 0.207127529878384
74 4 0.279883455654792
19 26 0.431785771944654
91 257 0.169996276573443
257 50 0.15697201637441
79 20 0.194338793674652
533 126 0.424929712439433
52 73 0.219262057935373
11 18 0.114984844035542
164 268 0.267512675692235
61 42 0.245523374176442
211 126 0.283546018023573
269 89 0.204434659893138
135 270 0.145443026662698
79 2 0.105344262316524
19 5 0.220989429871558
44 2 0.10757218476913
47 116 0.182459462239902
271 272 0.116450853698195
534 16 0.462949104943695
273 190 0.497650067095094
274 96 0.47708675867182
103 275 0.303229709134057
276 57 0.215673669991245
277 178 0.115316733370082
272 278 0.233365311251104
195 535 0.124548622194223
18 26 0.193264465756305
52 70 0.164425839637234
279 280 0.364852492637452
18 5 0.173075683365897
61 26 0.485420366434673
102 128 0.125520370200657
281 258 0.175700220597475
282 283 0.707513411195456
121 96 0.370155793573515
178 34 0.120512113981414
257 30 0.307765007911809
128 130 0.105898697975041
82 30 0.348926191313109
284 30 0.101864950793028
250 285 0.378225356670366
19 6 0.144872152002544
134 30 0.232955024652708
286 118 0.294079672545988
259 82 0.335570067495784
34 153 0.213899039572055
87 16 0.140949251933232
36 287 0.124454322923212
536 36 0.129649099750296
72 288 0.401944225409202
18 0 0.275324385558566
289 149 0.10787153314312
242 259 0.283003474570907
290 0 0.476444207478786
0 74 0.430171877263475
58 130 0.235962440033112
533 291 0.17068487402434
18 2 0.293819170254791
292 82 0.337049592250501
293 294 0.168225809060308
18 12 0.361349452982726
295 294 0.16058993379281
296 297 0.25711709952178
200 77 0.156247247636646
103 260 0.18926109375427
18 13 0.202153263215958
74 10 0.126674637844998
144 178 0.276632341569474
121 291 0.315258896125565
259 30 0.158957970918025
18 9 0.266508822929889
121 48 0.254957840076332
33 20 0.200725428569523
82 130 0.195529698622762
171 103 0.397051621249882
242 82 0.277627334897048
19 42 0.157617624838652
298 1 0.23927489619634
537 299 0.267654389745275
300 301 0.107117734746096
302 132 0.217708813790828
12 19 0.450711260376773
290 10 0.289965386820749
303 277 0.129047422246764
146 304 0.127200270529383
72 305 0.164500228442324
103 123 0.152785208214952
290 4 0.203579844406866
306 237 0.230496860063133
85 519 0.637007603089077
286 307 0.392035789569683
505 238 0.272364892217048
101 34 0.105861320469563
290 5 0.321041779525832
108 190 0.211566943656171
102 308 0.226671432057347
309 103 0.215420853215548
55 310 0.199380975976587
202 128 0.20406439502244
144 308 0.249430071490388
538 103 0.179022433333192
308 117 0.17068487402434
308 147 0.311608562490073
116 308 0.115536130319908
523 198 0.144194750638376
311 539 0.126258354002774
312 30 0.422855606746693
106 145 0.210060044009832
30 216 0.224658781737705
519 86 0.245962760144137
134 178 0.177937925668829
134 145 0.114934117873898
306 243 0.115424054716673
540 30 0.101536120586372
134 110 0.140066626287099
313 232 0.282227270422887
526 507 0.103360175785884
118 259 0.174752550343126
314 209 0.425495243218099
18 14 0.294048938800703
116 110 0.285788411764173
315 283 0.692625653333875
266 58 0.275666961697759
233 89 0.10105627250542
116 58 0.257679983267606
0 263 0.132145569404628
92 79 0.194470149015604
316 39 0.348303348747022
32 44 0.238309053815934
79 73 0.104707266305305
541 250 0.228113316336227
317 10 0.209061227977957
77 58 0.202939518713512
257 318 0.133751495354661
200 82 0.412602836171005
274 95 0.407730980521416
211 319 0.202413131500846
34 82 0.206363803729813
11 79 0.200089935958621
138 16 0.270538105559459
234 150 0.164277456735561
269 90 0.141924611034383
19 14 0.262468459025693
29 74 0.164992283774463
74 73 0.258055937888127
313 542 0.187807419724231
144 110 0.330836799587772
64 62 0.223118682788087
69 118 0.146611106174008
79 43 0.162948761475344
137 219 0.21046211682594
258 34 0.126578905950499
262 543 0.337209823117634
263 2 0.102312060312855
18 39 0.220228521826671
129 320 0.185142270495346
178 117 0.153682330276005
125 544 0.327101086292191
262 198 0.131160358610547
545 151 0.131066258163397
121 95 0.412024564565624
129 128 0.11719267849675
89 153 0.191587435342545
37 112 0.175839601073677
544 546 0.267342712625034
274 292 0.47390159865112
129 34 0.255039283678092
321 126 0.121367560495209
34 114 0.110978808338911
322 323 0.198325868166091
103 273 0.206932790434374
34 267 0.215999975283196
147 178 0.22104006630665
202 248 0.18981206890233
101 275 0.224625162995924
42 79 0.244703288686023
110 117 0.100317014066172
147 110 0.150765217080779
18 43 0.402875093815145
19 2 0.426349984327414
324 25 0.194074484317734
264 260 0.269250381035717
128 321 0.138943257322858
258 130 0.12721776843212
8 19 0.395624189000079
313 248 0.245819526210878
188 89 0.298991632140682
547 132 0.137875997263871
325 326 0.631487697666641
548 211 0.172061280530922
522 546 0.167023341103919
327 130 0.192677755112072
70 79 0.101318673312154
93 328 0.129170824554607
102 267 0.129001196149126
148 549 0.186030821257762
329 550 0.165348243926291
120 551 0.143098658968471
552 330 0.324457058146347
83 97 0.124375469944559
258 43 0.116384107861181
18 17 0.304047434998116
283 96 0.793824689263596
18 10 0.190428161192446
32 74 0.157731020665508
315 322 0.314799486078639
331 92 0.282956154261185
257 31 0.149741517390015
332 132 0.11845677885845
291 211 0.179755910148272
314 67 0.393349564426846
65 153 0.160283073387595
92 328 0.128187990442479
511 553 0.210556817992704
200 153 0.195412307451506
554 333 0.201053146392086
82 153 0.191958109224815
101 97 0.136936605260508
334 335 0.279049416379537
69 90 0.103124160773431
222 336 0.155776965812189
112 337 0.272195623985417
47 266 0.124548622194223
129 321 0.217570693479564
211 338 0.224451974531464
339 340 0.172704430959981
341 81 0.112875318984091
342 343 0.201792445991478
19 70 0.211985986685758
188 336 0.323748632378147
120 257 0.235229051793453
344 345 0.24089381373173
317 16 0.456313514777799
130 35 0.218665722689894
44 43 0.104479347789747
103 257 0.125399310017189
97 338 0.355847132518562
555 346 0.116865010000864
521 225 0.200587386207394
347 345 0.146955044278733
218 346 0.322761702478555
17 263 0.127732715089231
83 338 0.187459405679001
47 273 0.139413605008025
94 209 0.296452090827314
137 78 0.216121698923313
556 500 0.113990428186334
103 72 0.259569493799163
43 348 0.293397560284424
78 267 0.120442747242795
85 297 0.204052516764329
71 103 0.456843389098873
85 296 0.348227428943061
557 558 0.355493738530084
129 266 0.124548622194223
70 74 0.234579562824398
18 38 0.314602589837754
349 209 0.419920513045888
8 18 0.231113738870774
256 72 0.123523969221662
320 335 0.478456140350877
28 222 0.100406106341204
19 55 0.258276147158691
59 121 0.142504662115738
34 90 0.160758089008844
350 25 0.16934627625355
351 329 0.161801034045747
121 352 0.354899018088604
37 353 0.134305371271745
121 211 0.201074674009261
61 73 0.164653908792134
559 560 0.490165624325916
354 355 0.228005462451685
20 263 0.145027719863657
103 116 0.197847482891214
320 267 0.208135178380019
12 356 0.553147116204294
68 286 0.243193175925197
538 115 0.106669327264775
267 58 0.212435712334577
327 34 0.116682113067655
102 58 0.197064371766042
14 356 0.334033410259957
222 2 0.177115606525414
116 257 0.228138428437258
320 58 0.412414479169518
311 294 0.116134123865674
125 357 0.312328276566533
358 179 0.172326750836873
101 178 0.416206342598803
300 266 0.141231130153391
95 322 0.174859439012128
359 360 0.172252155670335
322 96 0.213724863990212
34 65 0.175046687095841
87 267 0.141942192990547
111 177 0.526550537399145
102 257 0.169080632369178
18 52 0.16404694805844
269 257 0.486308656655234
561 361 0.445065100943213
562 255 0.14778253338449
127 563 0.452668817936538
101 116 0.286363315093159
237 263 0.100001010955328
144 257 0.655695396633588
257 147 0.358932790629091
274 315 0.517567596968335
11 136 0.201840520915022
235 260 0.334672304439746
11 19 0.138685835955008
257 564 0.169996276573443
38 336 0.175090427143494
87 47 0.138707600096363
87 565 0.139323486110222
160 126 0.116053219527041
96 126 0.421384296724611
168 325 0.137068868889778
68 96 0.153865441594492
206 348 0.216057263493024
186 146 0.346059403129816
47 108 0.108852521191685
77 257 0.136518696844677
566 257 0.146054530976514
567 257 0.134655731723599
257 362 0.265502523744419
300 267 0.165412164634117
359 363 0.31500593351246
250 16 0.409460674352552
96 146 0.546469758264034
263 13 0.258102273815219
44 73 0.213312494686031
568 16 0.642959830254404
3 316 0.269013634414039
98 569 0.162939300548017
36 362 0.169329023497367
111 349 0.672864682544244
103 245 0.146257681165266
342 36 0.101309938863684
364 25 0.375552739625808
59 211 0.112788600455014
61 70 0.322350149688506
103 110 0.43485634330015
286 160 0.26605565400222
102 138 0.160113287926292
364 63 0.268887452584679
68 365 0.149761705348816
42 356 0.17095933332771
82 31 0.288085036085194
224 263 0.196775269996942
366 257 0.141309404901674
282 321 0.191341830589288
7 19 0.502830601888033
7 356 0.391932409195274
3 336 0.19760807849204
102 82 0.163211600744481
292 0 0.281310053675074
314 94 0.288823226101792
367 297 0.242124592637538
82 90 0.168225809060308
47 278 0.11517550052811
570 234 0.154556059163985
291 160 0.239742057042468
34 368 0.117004170651688
310 25 0.413062300525216
18 29 0.280734523946872
91 239 0.326854041278779
350 41 0.123431910731621
227 138 0.262126231840696
187 355 0.137992723877291
344 43 0.422427280563137
274 322 0.167210776792255
202 138 0.119865311139943
111 283 0.684467567149873
227 82 0.245358282680965
96 160 0.278066283705252
322 49 0.332001640848823
285 267 0.287349753148816
19 20 0.168933432226452
40 350 0.216631167503487
364 41 0.262249195621845
103 34 0.417508643974078
369 571 0.236371399056717
103 82 0.389104169288636
292 14 0.35101950427018
103 370 0.446897851650983
98 572 0.155146145639951
68 95 0.216572066073364
103 263 0.127410894649887
34 266 0.239760976639362
11 316 0.157883903471638
18 55 0.265722668935184
573 325 0.240741068461618
274 49 0.515333890765735
97 82 0.230537526475883
103 371 0.176106732647618
95 126 0.393393754786307
266 82 0.22311132155369
47 239 0.104667775982105
283 209 0.780305020283812
129 372 0.101685891329121
320 266 0.361204962529067
269 321 0.17052895629292
188 373 0.222253444398023
71 288 0.222640329818194
292 225 0.390768680147817
39 356 0.484150611331149
250 574 0.36286613561585
121 84 0.343904306246326
18 148 0.261568045117935
374 226 0.414520235090952
375 34 0.290755518419478
192 376 0.3
282 96 0.5776585553524
47 135 0.131707987955098
239 16 0.481108690690596
137 568 0.365682754930336
137 16 0.329426913254436
65 339 0.133020880586996
146 298 0.570373150856138
99 103 0.16937277687411
34 43 0.248750300778084
335 100 0.390226508043312
222 20 0.185492124385326
377 378 0.103985519460065
135 575 0.190154643403395
292 266 0.287939619779711
116 82 0.298215929129639
315 282 0.423980362726645
118 160 0.141127547627912
172 371 0.101685891329121
379 380 0.145402065119256
381 292 0.454795672694817
302 2 0.192874572959768
28 358 0.115811789195813
52 336 0.272552434953707
576 16 0.29884777282298
6 336 0.463620024630207
101 258 0.19161774400194
45 225 0.236441907963382
102 35 0.29829063234175
19 326 0.464499696651708
224 577 0.124937327649744
153 126 0.138726982188525
314 283 0.483585312621957
317 239 0.2885469057048
120 116 0.200773961593447
95 283 0.759375676717888
44 74 0.132450088776276
320 372 0.238000139701898
50 34 0.112477086788056
258 128 0.17976462783938
149 382 0.104902279818731
510 117 0.121021507832752
364 54 0.176963298903646
19 132 0.124021563735926
292 5 0.380374790257297
377 102 0.128110475533217
383 16 0.53646176195427
139 267 0.448976281481113
350 54 0.198235049342336
15 568 0.432873395676187
200 292 0.285776250716739
9 356 0.403993983873487
178 138 0.284750419134603
315 96 0.605170629154925
144 103 0.227136464766293
384 204 0.343065570273234
385 183 0.158370382078234
336 1 0.275264662401442
315 336 0.398998670946722
578 579 0.160604396775791
282 82 0.447314141129761
386 280 0.238143295341667
80 165 0.191142556507857
354 347 0.19538250615579
258 153 0.21732841935347
129 102 0.113628489282954
23 350 0.159088528822603
47 387 0.159283684049103
160 49 0.212689463631854
23 364 0.343554767208884
254 30 0.510810195497663
165 307 0.124548622194223
103 147 0.101024757801165
315 160 0.290842033223702
111 209 0.465569865422763
68 47 0.375825467471067
580 581 0.13517121658799
361 30 0.138816250384505
388 582 0.194808652630392
64 53 0.210870978952656
580 168 0.307385412667993
583 545 0.131440558309592
7 18 0.316254331463099
389 41 0.205852308013281
318 147 0.142464037223343
71 263 0.153160881805908
210 34 0.349009631729274
82 584 0.254867520994665
18 20 0.289323629512851
37 336 0.197420196644566
95 160 0.26563514132143
389 25 0.263401321007253
390 585 0.30082611665681
97 90 0.129414002354108
4 336 0.307728676022713
19 539 0.249046101515497
234 391 0.245444365393309
0 336 0.211087622493579
285 191 0.209196959731248
97 261 0.228116715623845
254 260 0.198015835004756
121 392 0.433246686330302
321 30 0.137694649279354
129 65 0.101685891329121
380 529 0.171000463243797
393 394 0.159885796622851
561 129 0.305558325542014
77 335 0.168069528308815
224 201 0.374862859279989
34 395 0.145576759069822
121 72 0.388198821121016
3 356 0.259787295815277
364 204 0.31820781949732
82 263 0.109983580163142
37 96 0.307103240030729
27 310 0.453048444005589
586 65 0.245885252359433
351 132 0.111096496117983
396 201 0.131707987955098
283 177 0.389163675946761
587 174 0.104200013119733
94 160 0.22406015037594
588 589 0.223081524645433
140 397 0.322909743439794
95 282 0.373254026131087
233 161 0.267147548273898
323 160 0.178799355834132
381 25 0.48761552299759
282 126 0.267854375710644
18 336 0.255808410719353
314 111 0.533179280086303
158 590 0.284851588761291
129 16 0.246493423545845
23 389 0.190111830896535
282 261 0.130591077868888
101 110 0.311084544547351
101 257 0.144046339667168
58 216 0.288193324536371
102 120 0.147962400847875
563 591 0.776478537850811
191 214 0.246596650429887
233 146 0.471646340039536
233 398 0.208425930239789
399 400 0.1047921813466
59 96 0.213211108379213
111 224 0.203949539149191
401 35 0.103124160773431
211 402 0.26396343521644
265 370 0.23993218336045
44 79 0.157244439627314
386 151 0.232933966559204
127 31 0.176757444422805
229 224 0.196521753531967
257 592 0.248284692324336
381 58 0.363270242743789
82 126 0.29834935233267
403 404 0.562049838412485
247 405 0.100406106341204
406 209 0.28106988723438
369 363 0.341136078665269
188 407 0.317376386513128
43 205 0.336496528187435
408 409 0.111030410784298
254 127 0.493048448596412
37 362 0.285676079682611
79 26 0.153396825969415
361 260 0.159014757850658
274 323 0.256637074890222
580 50 0.125279707855431
593 507 0.140752944832019
308 594 0.317901980498551
233 34 0.17518764790037
47 410 0.178672254696648
329 146 0.547979112656778
21 181 0.13517121658799
50 278 0.175597456349576
291 96 0.301330476239397
53 278 0.280969483325667
97 271 0.174631728507462
250 411 0.11019367130875
49 126 0.239673378819273
206 412 0.333057882711993
86 325 0.258208060875686
354 595 0.420747735102718
103 413 0.1270297804747
36 257 0.102172061379354
414 297 0.232017447793151
183 195 0.149761705348816
57 415 0.289222322966316
254 120 0.398549228242809
330 314 0.21861417899771
48 126 0.244210027377845
68 34 0.102769429797697
548 83 0.114442135656465
302 416 0.126977292094899
36 96 0.107862798416971
417 132 0.10402998210844
248 30 0.127848342348306
314 113 0.409189536689229
596 597 0.4374928133277
508 598 0.131778214981774
599 415 0.341542205536224
573 151 0.188007553630576
54 163 0.214319991411178
61 348 0.285387987876949
418 65 0.148605561154988
11 222 0.143972388672539
127 395 0.139809309351516
419 420 0.196641861906222
103 321 0.133762638454512
37 19 0.208095598715332
367 412 0.119872494880747
5 356 0.404447731990742
600 205 0.19625883772279
421 337 0.110978808338911
291 49 0.199558511466424
422 83 0.272011636457091
396 423 0.322385234153728
424 25 0.373783828302257
229 37 0.147692426167117
92 176 0.340628092494167
139 423 0.113151905717003
69 153 0.205065667783404
541 601 0.204603065881884
29 296 0.470040305630516
425 65 0.206643792888334
64 50 0.119457738450395
102 34 0.107744081191876
543 602 0.149100627042557
394 426 0.229159309246534
603 271 0.150882206652156
226 345 0.123075793079336
354 266 0.271768571338985
418 266 0.203763779090841
169 590 0.266869708618549
567 604 0.100406106341204
427 146 0.194836493023998
333 325 0.158536586551754
59 95 0.116205359550391
34 321 0.115874417590966
346 280 0.101501867041885
428 429 0.328518695290678
349 67 0.576903468710616
116 413 0.109684135139127
372 65 0.122270742358079
38 222 0.240644798918187
95 315 0.618581572329598
116 34 0.10641581038372
128 216 0.151815357079901
296 430 0.247778382083271
188 16 0.468066402112053
57 308 0.129093930999505
387 257 0.317310695367142
120 361 0.13601968419096
291 95 0.300479979811707
11 428 0.203430642571438
320 425 0.194898575940499
121 36 0.101188540308317
176 355 0.180316182436431
122 336 0.234656034445854
580 49 0.483042372049401
308 605 0.201709577220754
122 252 0.130675563852148
147 273 0.260229645507919
369 606 0.225753928453863
431 120 0.19730491602824
561 257 0.539191841209807
82 432 0.152339258483914
394 282 0.320648557150349
369 419 0.114198889890341
248 260 0.101685891329121
329 188 0.291061396005219
103 90 0.222798653301202
84 271 0.137027254351957
122 47 0.14432390052115
116 35 0.19623128884877
125 533 0.143683641971357
433 260 0.11719267849675
607 571 0.245838113732509
53 153 0.152965859550038
130 30 0.390817125066951
306 588 0.401282742557466
608 257 0.395014126847959
47 321 0.178672254696648
289 382 0.147788370622153
609 419 0.11719267849675
23 424 0.348385471154016
266 301 0.100655184341142
90 130 0.183956877818482
434 592 0.145529624692483
610 298 0.11335794263016
611 435 0.110512476914338
612 509 0.101131452971908
129 215 0.138707600096363
129 436 0.252103672595703
115 34 0.275204177458302
372 34 0.173724218992782
9 437 0.295978279409458
129 216 0.198015835004756
413 438 0.1057421820942
67 209 0.388174901126991
99 555 0.116865010000864
548 338 0.164755320736705
19 17 0.219517063128338
344 354 0.184236069904137
439 304 0.204198569039239
525 35 0.112964131456048
14 132 0.284712140010481
129 82 0.152339258483914
19 29 0.395200705589126
179 13 0.483102142784601
317 266 0.332877450457384
610 146 0.13577256432437
233 305 0.121375766441515
62 141 0.132789358418913
95 37 0.365204769371951
116 185 0.128914588754137
399 150 0.110512476914338
366 413 0.252199940745385
386 613 0.104932497539856
440 52 0.207916081779676
598 614 0.142024965325936
302 351 0.138702124681486
273 266 0.278244488270458
320 272 0.250313106324826
211 398 0.123075793079336
36 71 0.168039403046295
84 211 0.137692700191008
355 412 0.321640448213744
21 439 0.164211907651816
439 225 0.207185655490532
73 421 0.1057421820942
101 441 0.388897891692729
22 439 0.183289986996099
269 102 0.114630694822251
65 278 0.198763511846106
407 58 0.288020264100578
495 273 0.27102200858141
285 62 0.241609171647721
282 103 0.48406922160874
40 329 0.109532666953281
96 323 0.278257591248171
95 323 0.191426847579229
72 82 0.447562551380876
129 409 0.269080963540281
433 31 0.140916656297486
267 301 0.383497664611408
130 31 0.170578526475714
121 71 0.47545313398471
395 31 0.101685891329121
361 31 0.191205016095699
581 62 0.139075614166263
254 31 0.142435600445893
37 77 0.142500048989824
116 53 0.272041250796611
19 39 0.14524597248454
330 102 0.209822706650368
65 58 0.192456953701087
227 351 0.199305829128918
291 48 0.188610132611461
74 310 0.141551830668584
279 234 0.172392304488202
95 146 0.571229973657696
127 257 0.379614071074159
257 307 0.191587435342545
413 34 0.110978808338911
102 108 0.230369995400084
257 615 0.276039768828644
603 616 0.152339258483914
79 328 0.144292009342288
258 116 0.260562448570384
180 175 0.331974027043421
57 104 0.297127366526372
314 66 0.492311162316933
105 617 0.270255940278685
442 132 0.365617851575674
204 585 0.245066675171899
231 617 0.391537174990111
387 240 0.572551349303437
618 534 0.300114593584163
36 298 0.184415565039935
296 299 0.102996418937872
64 34 0.188657887562412
47 203 0.131707987955098
587 339 0.228037402206707
102 62 0.144948891486263
221 97 0.365866464183412
28 316 0.262329648938348
443 58 0.126479387064222
120 433 0.118739407942463
36 237 0.122795036897349
120 619 0.13328357992654
59 242 0.165490459529321
164 55 0.121763960528672
42 336 0.165963297403282
369 620 0.435740915826819
129 301 0.204434659893138
107 265 0.102070358729852
215 267 0.362977571063461
176 225 0.227546154742645
68 390 0.239155374935213
316 27 0.107210900432507
257 132 0.122421847837734
18 61 0.456301652892562
52 344 0.21618065931546
254 34 0.154750906596695
621 397 0.286846591873096
128 132 0.119506015187931
325 520 0.147638344830605
155 205 0.176366469757759
381 348 0.501821356156927
353 386 0.185400208304346
184 124 0.191894738871342
96 82 0.513197844772437
387 91 0.143048856087604
200 138 0.111225589883431
622 257 0.118312882106224
302 42 0.16249581187314
200 263 0.118203862311423
336 13 0.276602358049944
623 624 0.13517121658799
262 326 0.461131394156573
343 409 0.127892955028419
625 340 0.132419159890825
283 67 0.464762914238984
68 50 0.136320971855493
626 181 0.103985519460065
36 329 0.2092917769003
233 189 0.108931353086882
57 172 0.176168808832846
444 73 0.138134700198933
138 263 0.375618434286875
329 389 0.230610042299676
129 445 0.215894129637613
446 447 0.185517916547403
517 104 0.279674196365961
366 248 0.118623399506762
58 35 0.235776167952712
211 305 0.138707600096363
254 387 0.325117781637859
144 47 0.130501324450363
408 205 0.324573587201254
627 628 0.20798262309045
70 44 0.153916622209962
72 138 0.273469275639547
298 326 0.591807586870866
84 126 0.264509277256725
17 336 0.377635877635878
121 103 0.368167616105828
629 181 0.434085384621051
630 257 0.191587435342545
266 153 0.206224815154117
44 25 0.137804637266888
319 126 0.225574593543117
111 94 0.401961524132491
257 448 0.212035945639533
144 377 0.204198569039239
98 71 0.101952467602405
381 126 0.394157006869485
71 132 0.119644409108072
110 259 0.136345044992746
351 449 0.333008997458733
92 404 0.114525010882032
450 340 0.163776201286732
377 34 0.219528300384873
68 209 0.274444154628046
129 339 0.198015835004756
144 190 0.44525060610033
257 631 0.106989969560902
632 257 0.191587435342545
283 321 0.161052661481293
116 30 0.30375270195294
101 144 0.275040890470743
308 51 0.300945796238886
315 146 0.559616431836899
50 153 0.21367407631745
257 441 0.455420912819685
351 416 0.161098251231768
200 112 0.172396201505187
257 633 0.27751202408294
581 634 0.115544314989593
95 82 0.521333672023444
291 84 0.217735534421187
352 126 0.137371149980935
127 248 0.209419146109628
352 96 0.330737453362155
103 544 0.287748341985099
119 63 0.102276797934178
95 352 0.394680674081451
539 325 0.349921300648786
178 82 0.265983875362114
127 433 0.133126554375018
61 164 0.473997308341
127 361 0.251743815012132
635 104 0.30237723098189
628 153 0.243673569274313
257 90 0.134515805452224
259 263 0.129985375229969
316 42 0.15575663086121
19 52 0.123637612502254
85 10 0.384937478742826
420 451 0.373038424128831
285 16 0.270882598456471
229 307 0.558985200845666
636 204 0.269676986019667
264 370 0.517545124053636
17 452 0.108567654305885
116 190 0.411848619101177
570 102 0.115498602185346
201 339 0.198015835004756
197 429 0.127689893179181
204 205 0.341196826118024
233 30 0.303939941200237
102 396 0.192843090961336
101 147 0.17662219526986
36 128 0.180127605381711
37 128 0.110085225884894
103 277 0.243312676763561
355 65 0.185203154788507
129 435 0.124548622194223
211 48 0.374493198480119
267 217 0.350391036914684
148 437 0.20262529339487
317 271 0.298179874946809
36 344 0.219383818604604
302 336 0.315830915560935
623 257 0.272520040687382
453 423 0.204434659893138
593 259 0.133882456324968
257 637 0.104592804385745
257 638 0.115778643826174
454 257 0.146054530976514
639 257 0.169996276573443
65 335 0.288424784684894
36 81 0.173993753534973
122 258 0.134664327141258
257 259 0.176448552238479
135 153 0.102019624255179
269 30 0.385807449451814
455 456 0.131778214981774
350 324 0.177123129672071
15 219 0.43685995252628
12 452 0.14033018469943
371 265 0.163546177522023
4 452 0.101534123365859
9 452 0.132918324924619
279 498 0.193180881787869
367 298 0.322425547681362
632 10 0.210562212044338
366 433 0.301485794267896
2 452 0.253110154325975
204 177 0.342482269335268
110 82 0.393774652207598
154 58 0.459164058537971
71 82 0.393246006101827
366 189 0.192783343009032
125 640 0.105221355369909
366 90 0.15930311039709
264 371 0.223892269195715
306 86 0.101644831443356
200 259 0.185635342994541
501 268 0.284960935621257
408 10 0.181352805550373
37 73 0.167142645341789
393 126 0.17532452821968
71 96 0.509197760418566
485 222 0.215825156154053
416 378 0.198441341209084
257 82 0.271114106908571
147 190 0.209688163442824
266 65 0.280535765912335
102 190 0.246481350058653
197 295 0.110337242981421
97 425 0.145110604401578
257 189 0.16546961659787
302 73 0.254701379447873
375 423 0.107358141042704
486 47 0.135405117697086
350 348 0.172625783787135
99 238 0.187368638544347
257 329 0.298975602006288
296 249 0.17695652173913
286 90 0.113083633295388
152 286 0.218633961312863
19 13 0.239379273844948
189 348 0.146265945745113
641 57 0.131370091896408
563 642 0.593618546478632
262 643 0.169356567145518
336 2 0.208814785832388
321 58 0.216667147030312
72 259 0.303051484016917
84 372 0.42208843501445
84 374 0.349774918373135
260 30 0.236589563132195
644 307 0.200694272794127
302 13 0.116703908560634
118 457 0.215463477075579
152 188 0.178022743154116
5 336 0.383527234372307
188 118 0.20763118809843
222 645 0.320180946922786
274 42 0.361738115758468
320 301 0.454162060819767
202 58 0.136774714039829
402 153 0.103717388393943
458 646 0.133063705354883
274 61 0.484465202971118
641 105 0.240851143400409
43 132 0.19546802891752
647 241 0.415523372397949
103 266 0.363284073438104
534 568 0.458086575169254
374 292 0.399760639891027
34 51 0.168751795155856
128 58 0.133646197436153
156 132 0.158592300308954
14 181 0.266105560131011
408 132 0.343638549539751
578 159 0.118444202160407
107 648 0.159014757850658
566 185 0.106477292814992
125 103 0.275092674354857
649 107 0.170128177825432
394 126 0.378617740183132
274 271 0.185424221919494
119 79 0.27410207426633
101 586 0.129952077025909
72 257 0.536547848512327
107 583 0.320923902470465
235 30 0.236589563132195
249 297 0.124813564451243
144 35 0.110521391500775
264 185 0.184060016849281
4 141 0.100285505685422
164 27 0.420043127908296
433 34 0.149365763189265
19 395 0.168063448832811
121 449 0.558268155588197
45 177 0.309455241740263
320 104 0.449475639545878
71 319 0.285016932919839
111 96 0.49384481952919
129 584 0.178672254696648
34 619 0.129170824554607
366 361 0.189448644311153
42 132 0.1443366635981
264 107 0.254691590055931
119 163 0.158149915834028
283 126 0.353249164610295
82 349 0.419729738707403
329 163 0.224294255302094
580 257 0.345127853647907
261 130 0.120862414494105
191 297 0.222076892078645
37 341 0.112447536839965
121 178 0.410641540848784
91 77 0.116218375082705
307 252 0.105708245243129
313 188 0.223447409576832
389 412 0.332838919105197
121 408 0.117958828533723
133 266 0.334554940333092
559 650 0.723436734007827
188 65 0.246202029949683
434 257 0.155449384296022
331 404 0.477871981217177
155 108 0.177914367231966
408 392 0.177274270515534
304 49 0.102100203825325
283 336 0.472577664151716
372 58 0.153419262914882
61 316 0.114803104216762
274 176 0.279456029970763
651 326 0.254658337016342
286 104 0.42404242658063
9 336 0.340614656521193
411 146 0.271858272267841
442 456 0.175046687095841
47 65 0.101685891329121
415 156 0.398575451631008
57 305 0.144591892682333
652 14 0.215847777594572
269 101 0.288471892701961
459 49 0.261928250071742
111 460 0.294093665574173
254 53 0.195085832132705
116 396 0.148168199335626
494 249 0.288353503164196
494 86 0.171356524344933
308 50 0.143434708601702
178 153 0.163895622415091
19 74 0.182188425705255
125 291 0.145236846388943
308 178 0.272429341101831
120 58 0.100323266212887
320 414 0.216221139122674
308 53 0.205128205128205
322 48 0.299045147236427
653 238 0.279171040174679
122 455 0.193878703468795
255 391 0.123493153485454
607 606 0.223505008395279
274 48 0.341150925437224
37 71 0.375477318079304
305 266 0.173511799294327
94 349 0.456730517779795
168 326 0.221409384244518
461 25 0.177080618889653
319 49 0.382756748410902
144 510 0.25413301997783
331 93 0.145576759069822
387 62 0.378834469469728
486 219 0.212604150469824
583 82 0.345127853647907
455 222 0.17068487402434
233 286 0.386665397433488
390 208 0.220863300691296
302 5 0.217412642014937
27 336 0.462530306205986
269 130 0.293289126050857
19 44 0.181961447867719
103 286 0.343715879645297
102 72 0.355523057847357
319 72 0.627555082420027
68 130 0.222502063408018
420 363 0.11774891433748
652 187 0.131778214981774
434 361 0.191205016095699
351 146 0.138107805943849
116 31 0.169560715737986
364 24 0.32944529700473
269 120 0.120525762432893
598 382 0.116971220736925
19 257 0.273899220608959
570 501 0.166363383710455
61 322 0.274047444053923
393 103 0.198239600413031
59 207 0.174917191107449
139 453 0.43096470167111
127 47 0.127058700338657
309 273 0.188251395651269
315 351 0.236584364243035
390 96 0.56938097352568
211 82 0.187053533294281
279 268 0.162000258633127
283 94 0.538275608925119
302 74 0.170511452130999
317 460 0.415459066579144
29 336 0.4586187450673
47 188 0.14372492932686
121 82 0.253057938846771
47 126 0.165619745393947
269 118 0.154686314495277
37 132 0.168225352284733
654 65 0.395283218255333
269 152 0.329001753374572
378 35 0.191949125019433
144 138 0.290492653929637
544 90 0.168225809060308
68 58 0.155056567128403
47 336 0.102606099676395
118 49 0.29961774216691
185 108 0.234772796013033
164 1 0.110119320285236
19 103 0.342167277549639
173 205 0.216443270407076
70 181 0.158536586551754
258 64 0.256615474713151
103 58 0.271040069435296
34 363 0.130581463601762
37 316 0.233025153480236
85 36 0.109888137764088
355 348 0.350938347489059
269 82 0.368270994671489
128 462 0.129414002354108
655 294 0.183178157575662
18 292 0.438136314569227
408 463 0.107221717475208
264 108 0.297328893683125
344 136 0.197103953806401
191 267 0.295760425227442
184 406 0.31300245781651
364 389 0.154603038311232
68 49 0.172655030602025
269 116 0.271720884502021
3 292 0.166461101772148
159 234 0.201336802240693
103 4 0.362240160755172
193 117 0.172167048459214
656 399 0.249610629386281
300 153 0.168618589862528
364 155 0.312543203365633
7 263 0.135390813783089
171 657 0.32874422219094
37 627 0.194139688338165
330 82 0.323763175044277
305 464 0.105708245243129
274 160 0.27422723475355
415 653 0.203152551987991
1 356 0.244558764155423
267 43 0.275514046291355
132 348 0.121178188899708
118 189 0.101402313420847
14 658 0.205337692348025
91 51 0.244789657855429
320 339 0.575782436577958
406 67 0.134575448379686
166 62 0.193228467243064
292 155 0.134673387808105
329 25 0.500597161492705
286 368 0.248284692324336
320 91 0.272557375792759
83 448 0.164466915290404
659 627 0.190505052336704
302 460 0.270597985062311
292 42 0.364229473829832
84 394 0.185064027382695
258 387 0.128858826009739
385 57 0.235219051901508
343 36 0.192481892982186
315 465 0.555913273719581
36 660 0.165602528679573
100 340 0.12547093020834
211 466 0.135457035530971
37 72 0.282666504408676
47 132 0.177037244463175
369 451 0.601897596273627
50 138 0.323782969500159
298 325 0.554107578227119
121 94 0.384059527241214
103 43 0.538095163526454
381 132 0.103846296967985
221 654 0.244936181255975
61 310 0.615281653166942
408 300 0.130480822165771
40 121 0.245328927484153
128 90 0.129414002354108
617 114 0.128910090158571
71 257 0.252722731570523
72 263 0.105020711882134
257 272 0.11563937399701
129 126 0.203401749811941
608 62 0.402604380006364
315 374 0.27744205945131
561 62 0.306548673829867
47 91 0.192045952844404
256 58 0.107329504447794
364 348 0.375121713729309
451 363 0.334402105119498
387 571 0.359932464430572
138 339 0.144061751106136
393 282 0.104847298175152
102 410 0.101489703116782
400 58 0.417059307643804
120 62 0.39410716320794
257 89 0.191587435342545
352 97 0.256934001670844
19 433 0.244609662371447
254 19 0.166185515855765
84 96 0.566430622052772
56 326 0.143549980073898
388 318 0.112728534639778
605 280 0.222239325313589
647 350 0.232838666292542
188 161 0.148490273266536
498 190 0.179753571196616
467 419 0.156099051501178
308 110 0.290158249716808
314 177 0.393349564426846
111 406 0.195519943327802
47 597 0.11719267849675
255 387 0.292186190797735
320 408 0.165820853157385
120 117 0.125798413442793
62 30 0.293173426800659
18 79 0.21030842589483
140 621 0.512643849828106
28 263 0.206516562324389
135 178 0.102870240180619
139 144 0.449240668202894
374 96 0.36914318100656
19 82 0.275754412834238
649 103 0.270378531494981
387 53 0.160462429256
439 82 0.178619107634129
661 103 0.167598982151651
372 82 0.256250821838148
147 35 0.107642957572335
608 58 0.508409844685139
137 239 0.121983513300793
662 645 0.274391905661344
315 177 0.192690801307969
377 147 0.152765540850978
8 292 0.412948131514322
129 90 0.114689117502231
607 620 0.410724792901516
103 583 0.177196633241223
91 58 0.332527197636915
139 116 0.256589343212059
394 103 0.201371999197766
18 73 0.170653010218523
275 141 0.194882059328695
38 310 0.158362571400768
55 263 0.159128362338148
139 147 0.29487253570538
46 529 0.101758209665902
258 30 0.110833294061956
581 34 0.129170824554607
77 16 0.246564895518972
570 190 0.226407413373458
144 120 0.415659326393954
84 451 0.48536995409166
15 663 0.22393739294155
364 146 0.535643009475529
42 408 0.10121349001511
322 160 0.220363195772588
282 336 0.349541051033975
286 408 0.133930941056723
103 366 0.175673239003688
42 348 0.163344397851592
390 49 0.471604101161926
343 34 0.224057531937349
434 433 0.140916656297486
120 147 0.148704965059985
139 664 0.308399159778648
434 395 0.101685891329121
69 94 0.195768635505578
91 43 0.261533528029529
434 248 0.122270742358079
250 78 0.119837799497611
263 337 0.161880420964173
12 302 0.301360093405406
69 65 0.112290105053033
406 349 0.164621255741788
537 643 0.161406807735713
375 592 0.106075824656517
116 410 0.167818377441815
50 43 0.284355425060456
267 153 0.192794167514412
165 263 0.184321192829305
188 634 0.293787120465428
298 26 0.485424292840264
52 179 0.122703942474375
257 188 0.191264591608931
53 43 0.309235950167794
408 34 0.23407867983661
665 627 0.226746708393535
502 666 0.553212237339353
84 209 0.440202196241281
657 378 0.132954333735464
257 286 0.30606985418786
93 404 0.110978808338911
80 33 0.352207787281885
344 423 0.154930420335173
591 667 0.380917298833241
152 257 0.269330762602266
58 16 0.42785979178794
112 627 0.121026427976404
210 120 0.158536586551754
467 512 0.100554460262333
144 82 0.357032549648284
178 51 0.443525140605395
385 133 0.129950737294864
146 424 0.421087771625514
50 178 0.216047833091685
418 187 0.256949220510694
668 399 0.125804761434384
157 326 0.169032291903646
27 437 0.440493601083202
335 340 0.271895544213289
10 336 0.266394314918941
552 82 0.465762865592234
18 302 0.136533649443424
101 65 0.345542773435322
450 325 0.509276673484565
444 302 0.209617506023085
387 58 0.477849726714869
12 336 0.402912575886632
211 263 0.219627982468806
233 177 0.132747497930526
468 96 0.230226015171863
18 27 0.257923835172647
144 71 0.302109162015158
71 259 0.159329650579856
669 348 0.173545879222764
58 409 0.467571059746119
302 25 0.320847725789746
489 432 0.193682922916604
80 344 0.369672295009724
488 568 0.279896137467747
5 348 0.227945195665857
110 53 0.232719413425546
276 469 0.358742189008008
5 252 0.298524227700999
283 349 0.690990755282139
144 259 0.231864478279722
116 259 0.237832750744184
21 146 0.310323578764104
38 316 0.105890757949371
292 34 0.101140909237173
458 268 0.232720499087341
19 458 0.21767204907036
670 73 0.355245135818514
269 377 0.181395668887448
82 117 0.106119640569666
292 348 0.288271402740502
172 47 0.138266384778013
186 177 0.225898811033048
274 351 0.219924751020403
122 53 0.294384859989301
135 53 0.127887264250901
296 671 0.116409460832337
18 70 0.243050540946642
37 224 0.124473416715929
71 147 0.13909552547388
71 116 0.306933205846617
19 259 0.226741450258671
314 349 0.563344700566572
121 138 0.222534934346937
204 108 0.193657447117011
320 470 0.464601798753589
103 462 0.106477484134542
116 50 0.380722650468415
458 336 0.258016028648159
282 559 0.539062631481735
178 53 0.12198880999836
59 49 0.171063056096191
283 559 0.792376891952536
292 177 0.165601370127073
668 579 0.107207418063948
672 364 0.639332563921494
316 223 0.13517121658799
364 461 0.254844815283117
19 293 0.102467162277187
116 438 0.21186427128699
315 79 0.191378645851367
403 408 0.141094413140967
103 259 0.231815663551878
471 352 0.148726974158304
24 350 0.109101691749158
673 103 0.157881360423459
302 43 0.180421058020418
135 34 0.170244249261102
38 319 0.42073906120489
122 50 0.137564407961833
168 298 0.363812164771846
257 118 0.11844925491795
367 128 0.146642927101685
654 339 0.460763030383575
318 82 0.126386031670129
101 112 0.266973013617199
458 326 0.422464140480099
317 131 0.348633969831497
122 149 0.169779358670401
96 465 0.613286758950557
131 351 0.253046887732992
19 27 0.378277483600761
257 261 0.163801781370858
494 645 0.233675821028941
21 629 0.120583221320454
102 152 0.197311050256124
299 297 0.162215765198301
96 177 0.27616390937931
388 124 0.304539499459021
23 146 0.464249354797837
257 325 0.283771726384932
302 27 0.247051493071312
510 575 0.138048310025788
269 43 0.3065904661261
350 205 0.110611393810518
353 472 0.110314339834555
473 426 0.330969427345045
91 103 0.254259261667324
269 31 0.245819526210878
47 117 0.109592736494061
364 205 0.442486769760485
133 505 0.321449762216568
72 96 0.569247478062874
36 72 0.278708563738803
211 392 0.156885369774925
42 358 0.166402372637559
113 209 0.38892010347149
565 474 0.364595581773115
92 226 0.201039538982703
269 339 0.478691371112373
85 266 0.108567434359978
265 273 0.132871836488007
587 557 0.30201299588736
349 177 0.298677471011227
103 5 0.286967083401931
72 569 0.575362125758911
58 114 0.197324294187036
68 206 0.123413437091188
664 594 0.349917109194985
655 606 0.112290105053033
257 185 0.112719716196693
374 126 0.206335393440034
118 153 0.207572998176432
103 325 0.355788727933841
103 633 0.305786206958428
131 416 0.132153529404641
242 505 0.154250896143568
200 257 0.106591862436983
258 166 0.109918929587349
302 149 0.290458821826614
47 31 0.101685891329121
649 260 0.118999664572464
122 34 0.126203177436822
454 103 0.154481131339995
408 149 0.101485028892811
197 407 0.213751766866587
561 235 0.155496165665703
475 674 0.189802420946083
257 178 0.230884771446367
455 298 0.135096710696643
330 117 0.332790953469507
523 257 0.146054530976514
392 261 0.300752416482767
580 492 0.152339258483914
278 260 0.121401203259359
269 495 0.268257793527068
111 67 0.468785499541011
95 465 0.616340833879941
50 259 0.220363195772588
290 26 0.424329112162617
271 104 0.150215468909669
43 356 0.522672630527118
125 118 0.105650712543341
267 225 0.160344999086168
118 94 0.146293127755176
254 51 0.477846378120232
103 30 0.221073675825001
282 116 0.313143017929411
82 339 0.69567169096964
234 190 0.185679758902824
342 159 0.106917471965422
23 310 0.50034483157379
321 132 0.133850896219728
360 259 0.328945329630938
188 130 0.29072374054598
211 259 0.106734084274065
14 336 0.470063301952451
369 149 0.214362959206135
139 378 0.252723113847892
57 380 0.161426727770416
149 607 0.155038179064073
339 335 0.546039223083307
400 420 0.345412615169187
158 103 0.194050523675073
36 70 0.174250716990998
33 336 0.243974386312017
390 58 0.337484169199419
18 146 0.468074199849963
188 132 0.20158728570888
211 103 0.165861970265372
368 82 0.197421641215512
125 95 0.510898508872961
302 146 0.270408753282557
364 329 0.556392820570734
259 53 0.164200105630135
320 300 0.122111237534741
330 650 0.462854597819466
675 180 0.134282545850685
676 263 0.118180477828212
154 329 0.545928647713068
251 350 0.158740254345058
203 185 0.127248029941136
572 72 0.346561216831225
37 165 0.234070883322315
320 97 0.165139314739572
292 447 0.125108679395269
467 451 0.396498134376031
283 363 0.560170726365605
85 191 0.279132488145587
350 461 0.145394291101462
315 271 0.17847004224297
396 34 0.248330668596229
472 117 0.223118682788087
6 132 0.101722720254896
271 181 0.23756215373437
85 168 0.426410263771051
189 128 0.142487106125008
79 336 0.169289575030159
393 84 0.303884653699015
271 49 0.246144694047522
677 159 0.103985519460065
678 582 0.197480735422517
449 43 0.392447065525699
384 373 0.317528341771518
211 146 0.195122450642358
438 117 0.189264482869331
101 594 0.292737151293268
267 216 0.217695584552808
628 130 0.317044750828191
144 438 0.229944782419357
95 390 0.51364036561874
336 26 0.330310516539367
283 323 0.354021399448967
211 321 0.210298643812896
98 72 0.110192222441309
323 465 0.212957402812905
61 679 0.220263714276871
374 323 0.328268199831755
286 82 0.312868414202581
159 615 0.168776226762635
519 461 0.254172184023501
282 323 0.377328415688562
24 44 0.124145808402076
252 476 0.21085034435277
316 2 0.140232566122944
129 211 0.345685347115154
680 515 0.219569702978581
85 326 0.518800801007559
477 163 0.186132944040498
180 318 0.116559937759343
553 510 0.196510625630098
474 432 0.124548622194223
143 34 0.166690840388573
143 378 0.100817012382409
132 13 0.141558650234593
189 82 0.121617851908998
122 91 0.281272794104063
71 26 0.233957139468996
626 681 0.156721751785692
580 153 0.251122884135885
91 36 0.114780352443886
36 53 0.149109658691679
195 682 0.124548622194223
478 458 0.155014262005289
101 308 0.268142887250589
460 20 0.27042713657614
36 50 0.233155122337039
47 36 0.112091106600906
425 654 0.552882316005264
90 30 0.120501084050714
364 479 0.373658523324535
148 26 0.251985767875473
365 189 0.19273137541661
129 587 0.319314123759546
206 669 0.307846931263662
365 90 0.246219449100662
118 480 0.120172378781084
96 25 0.459398938137539
6 449 0.405313899878962
140 681 0.316655677553696
583 260 0.191587435342545
661 260 0.191587435342545
85 500 0.441948834811746
681 397 0.179947542490704
97 34 0.169518286794166
616 674 0.332197491537356
103 481 0.207610986792568
482 400 0.34528371310075
292 132 0.145409536983495
32 358 0.162406015037594
19 72 0.415046001287635
34 126 0.282492417525499
494 85 0.356328224163868
260 648 0.112050739957717
578 238 0.306656594633312
103 432 0.253336617940802
277 260 0.200529694316661
103 448 0.33728864251181
103 483 0.140267583958444
103 683 0.169444849396132
428 103 0.37327791865515
282 345 0.118058577162965
80 336 0.242272949816594
273 108 0.144973650331937
36 459 0.275804355076746
36 363 0.178553751842435
101 47 0.186473385271638
628 16 0.279520944875884
10 460 0.200422875071466
125 684 0.217989148864022
40 257 0.15517075967205
103 386 0.107390691997738
381 408 0.152658442246653
82 209 0.563616039328809
110 153 0.164299936922103
36 82 0.130580624792862
197 484 0.201338780607437
34 409 0.124464897400335
654 216 0.223038678054201
42 179 0.118491587497511
40 76 0.106999088369196
36 259 0.135027645747096
40 433 0.127524997553581
685 386 0.164426246227494
94 90 0.129414002354108
320 340 0.335815581733228
686 592 0.148033816255081
102 43 0.22711732842342
71 146 0.379062502426128
128 153 0.112377630709877
166 58 0.130966995862374
138 30 0.188984653823582
677 234 0.164277456735561
233 439 0.182369278403293
257 110 0.258851714548135
502 185 0.166332134689239
313 502 0.294122061659515
8 310 0.498902038512722
408 268 0.265180404826733
409 114 0.145934382211752
292 43 0.498603888702724
139 313 0.244623465148402
375 325 0.243859826098655
96 392 0.675246075527718
329 416 0.246755680568854
129 267 0.191587435342545
577 181 0.282612072531204
113 111 0.552337126230773
