0 1 0.108883876684178
11 3 0.166853638452962
3 17 0.107958721298454
1 2 0.266275621365408
3 2 0.28374762918535
4 5 0.141046517625249
0 4 0.255141892847489
0 6 0.342904764266951
7 3 0.154441228209003
8 3 0.125881152749386
0 9 0.299675489472404
7 0 0.198338498150778
3 10 0.190433315652927
11 10 0.192270000845694
12 0 0.251297842456759
1 13 0.224504822826215
10 1 0.194757171083109
12 3 0.245520387801216
12 14 0.161417651674502
15 16 0.101432816571833
17 1 0.218519346744132
6 1 0.101123004999127
7 4 0.116506634949546
7 12 0.11662723820234
3 26 0.101517744281165
3 6 0.196379517152178
17 4 0.271343668849613
6 4 0.287156690670727
9 4 0.168641967880124
12 13 0.188040861066331
6 20 0.33894686908092
11 2 0.332546228417569
12 1 0.132723469481786
0 5 0.228599755022587
11 1 0.168467843369677
3 4 0.107402464066223
7 14 0.136135735989147
7 1 0.162945490536956
0 20 0.345228922390462
12 6 0.338914895320217
10 2 0.255778208225782
14 5 0.320890060097074
5 2 0.28510475898923
10 5 0.133387873767829
8 2 0.385909620277473
0 10 0.191077782588383
12 9 0.163284321059975
17 0 0.280726549132553
14 6 0.271865830241985
9 2 0.284066535076284
9 20 0.198490800005827
11 9 0.153082711397945
9 1 0.138482365638517
21 22 0.116348836123736
17 20 0.245528994959667
6 5 0.11322924489479
23 24 0.187553557467686
8 11 0.313485775282769
11 17 0.306405899460816
14 20 0.327419931720394
14 10 0.278352537298648
17 5 0.132510154085987
10 4 0.223186007878596
12 20 0.360807221005499
17 10 0.205316458281479
11 4 0.163515483201633
4 13 0.112453393117991
7 6 0.243032177684661
12 4 0.223445449349141
20 1 0.206709251742482
3 20 0.228317230529959
3 0 0.13917615207838
12 10 0.208944808234682
11 0 0.15057606706564
3 9 0.238142300062347
11 12 0.240765528329881
8 17 0.279468753149351
9 10 0.199018961298716
4 2 0.200508377833839
7 5 0.165328050870454
3 5 0.251961041319792
10 20 0.180563820798175
11 14 0.230614354573101
23 25 0.234172887247009
7 20 0.226796896589049
14 1 0.127944393898936
12 5 0.10067738580713
0 14 0.379355470924703
5 1 0.281836594434992
11 5 0.17889877289268
4 20 0.249984023349334
0 2 0.173078607606778
14 4 0.2391228784027
17 9 0.230465322013695
5 13 0.191607324657974
5 20 0.287036688584937
9 5 0.188111859928306
17 2 0.306661642398974
11 20 0.227475190588148
12 17 0.204262562080419
9 26 0.278256264803935
3 1 0.2148976748786
8 12 0.212180611136807
12 2 0.24328843825799
11 6 0.162436863543349
20 2 0.271695416717832
17 27 0.105822281075479
17 6 0.402143653908728
17 14 0.226863534382886
14 2 0.249677346726408
28 11 0.104835572615606
29 1 0.187670855198766
30 31 0.226189753569462
11 32 0.121063610521262
10 26 0.270312926187909
5 26 0.193952811995535
17 26 0.255562369208488
6 10 0.266429526758884
7 11 0.228814992536203
7 26 0.185640827903614
9 6 0.324474379681588
28 14 0.165154299868683
4 26 0.208276704327666
6 26 0.13540518403399
27 20 0.140475630001021
32 20 0.136469310231143
7 13 0.109354582596028
7 10 0.249662239323231
34 35 0.234657929640191
7 17 0.179051746813977
7 9 0.145676369524133
0 27 0.217541135937547
36 1 0.32581939410848
28 20 0.203956221358539
37 17 0.107920623737415
38 1 0.238729993131015
8 1 0.162373560217102
38 20 0.373927874504956
29 39 0.151443418593159
40 41 0.133301706835562
24 25 0.277616595201118
20 26 0.181804788701167
8 9 0.169690619785946
4 43 0.154938992582677
36 38 0.340261821972363
27 5 0.186412858376817
28 38 0.284781612469964
0 26 0.240631306003841
8 5 0.246214143739491
36 17 0.421651050442826
28 29 0.150370472891954
14 42 0.220054325837152
36 29 0.250889993754383
27 4 0.182155384563596
45 46 0.11477104966819
12 44 0.184024183413538
38 14 0.244094197823886
12 26 0.173459772001731
28 39 0.206841759282273
7 29 0.256909960144033
8 0 0.148733679456299
8 20 0.149720761063646
11 26 0.226474388505274
3 27 0.139379989576213
8 6 0.149031600337051
9 27 0.125476517182355
39 20 0.206802049209198
8 39 0.265321373469729
48 49 0.117431172438725
7 2 0.177908780092617
32 13 0.12464796698261
39 1 0.24607956151239
6 44 0.100551104739841
9 43 0.12661672585581
28 1 0.119310590737711
206 189 0.175069692522022
6 2 0.236185064089739
28 4 0.10582588397466
8 27 0.200351131386813
38 52 0.431005104455967
11 27 0.233286515529094
7 39 0.277528414618137
3 36 0.309056503287401
6 39 0.345487142760826
12 36 0.265344597118625
38 4 0.191497961252843
52 5 0.117901333193233
38 2 0.360321410050808
36 0 0.283632992963788
36 52 0.393848507355757
12 32 0.150997365790191
27 43 0.226271278304044
8 14 0.154937237129597
55 1 0.251183139694424
36 6 0.517835618110615
3 38 0.260174303755898
28 6 0.205065945652199
10 43 0.198931505285499
38 0 0.243673026446131
14 26 0.203854995589861
37 3 0.172652022377477
29 38 0.344062118774012
37 5 0.156936920228035
55 39 0.106011072919891
42 5 0.107829625268925
7 38 0.321091557849723
7 8 0.195949447653381
36 9 0.280839370146442
28 2 0.155688003038864
52 6 0.463987598425734
28 3 0.115882216999437
29 5 0.219478059898617
52 4 0.208703635517298
39 5 0.219988272923116
38 6 0.432220432174041
5 43 0.195304600514516
52 39 0.373699213920479
11 44 0.192635848306364
61 1 0.20395044644797
27 10 0.230638673090336
8 38 0.315078732650476
52 20 0.223579159046489
38 39 0.353193029866227
102 110 0.103838738987107
29 14 0.248730452757944
12 38 0.257314552784236
11 37 0.150625901976612
12 52 0.115347530227207
11 36 0.201366681356038
68 118 0.148466255674155
0 39 0.316975847748005
8 42 0.113246632929574
11 38 0.33053006852899
52 2 0.330048470388774
12 43 0.171922979895799
38 17 0.341855802570172
23 63 0.197533886414501
37 20 0.207926566130163
28 0 0.19218146857531
52 1 0.280403907774556
36 4 0.206101942014404
29 4 0.212291182985389
29 6 0.418440887843894
7 52 0.225534746811006
43 13 0.12514280204306
28 5 0.252015553610211
38 5 0.277442169535865
38 55 0.159954768675772
52 0 0.314187237842025
28 52 0.212693425727674
61 29 0.242636954468039
29 55 0.307616385726001
23 41 0.180438683378131
3 52 0.231233656644666
102 145 0.116349722129972
61 38 0.233175646432059
38 10 0.298742979249195
36 2 0.14213692737539
61 5 0.169772580148273
8 36 0.243509363252899
28 10 0.165750500290834
14 39 0.186687579434245
11 43 0.251371859471879
55 27 0.198032903522856
29 2 0.337678374973072
29 52 0.319153387024319
39 4 0.331046017355545
52 55 0.162908700867703
12 39 0.24591396360276
12 55 0.139135250240195
360 94 0.28827013253204
3 39 0.292523539862745
28 36 0.181838455308615
9 44 0.174842525240895
11 29 0.23990989593542
38 27 0.152787931392047
55 20 0.188732310282507
8 52 0.214975795494626
11 52 0.169181913359704
7 27 0.161854271588412
9 74 0.100766940352954
7 55 0.173854849032236
39 10 0.373449197172512
8 29 0.199385188342346
54 41 0.118658472714924
61 4 0.164106297597079
47 58 0.201021469215946
11 39 0.271893861327234
55 5 0.115697123257006
61 9 0.190422892766802
8 10 0.252783468257573
28 70 0.154372921393144
36 20 0.273109750528603
75 76 0.198783620136046
3 29 0.222287306975395
17 39 0.38612092182084
3 44 0.110334807331507
55 74 0.13761773814533
38 9 0.312017149174454
36 43 0.111082133957694
9 39 0.195167930881553
44 26 0.171371671325989
39 43 0.131210764312011
0 55 0.134602089017808
36 14 0.267178696539785
6 27 0.166078593999105
39 2 0.293712530539126
69 82 0.153577018715135
29 10 0.208971061219925
45 187 0.106405752187677
27 39 0.121338485680797
37 27 0.148526451742376
39 26 0.217763837095614
38 26 0.335236767003184
52 10 0.362269115029366
8 28 0.285741588118916
29 26 0.216551544427483
14 43 0.141452621574444
44 10 0.136440106655828
9 42 0.158548951898592
189 89 0.167063253848608
61 39 0.286782992600645
28 26 0.104731601530446
55 4 0.286775528887348
37 13 0.226144314159086
36 27 0.231896175775278
7 36 0.281632662003656
87 77 0.108003623587891
26 2 0.310008276386409
61 17 0.242659759336128
52 17 0.402212342686725
12 42 0.175499793021473
0 44 0.142118816521192
55 26 0.138971365103222
29 0 0.345198538751761
37 1 0.10015644808787
36 26 0.129576298069779
64 91 0.163576082722721
12 29 0.221540454307228
103 141 0.100589369026688
44 20 0.311786460258339
61 20 0.286606642914074
687 243 0.150301825151326
94 82 0.16050449250058
52 26 0.202103761415595
36 39 0.392621358331694
95 48 0.149145355178087
96 48 0.123620250646382
28 61 0.156392431435747
687 237 0.107620267880677
61 6 0.252541737140802
47 51 0.292288746437934
98 99 0.184857227500172
29 27 0.160977185445177
70 10 0.107295033056724
11 61 0.295983872529916
77 100 0.165511911332163
61 3 0.10029893124792
61 2 0.273028887168513
102 103 0.135057613397716
29 44 0.193211126628126
77 104 0.314863250809118
55 13 0.1926518268368
95 96 0.307730887729113
61 27 0.163470080410066
61 0 0.305627876605212
61 52 0.331113292763114
11 70 0.142155802477748
6 43 0.141048413813404
37 29 0.191302742965664
19 4 0.180784968827048
55 43 0.182208433018246
55 10 0.132159479203754
7 61 0.102068396318746
11 55 0.123325674207248
115 153 0.123741799103449
68 112 0.117881360398425
64 47 0.110774688877048
95 49 0.151415440827641
17 55 0.167746085750852
113 67 0.341581359759787
29 20 0.287189476280318
52 9 0.231651302896203
79 1 0.100754712670392
52 14 0.121761108121089
19 10 0.158881569987582
96 49 0.261877652308281
47 53 0.131540551528189
36 263 0.320518688833654
367 443 0.226358867228859
43 26 0.176731660571923
231 120 0.106567874976213
61 37 0.165646204535144
37 55 0.198082389972803
61 36 0.238243307781297
204 155 0.156019430548608
29 17 0.324471004199524
79 5 0.171095737156461
70 43 0.109521999943651
115 116 0.185907296750761
119 92 0.145748391121317
121 49 0.15739266927601
29 9 0.339346430477263
23 54 0.103792262567706
8 43 0.116475910903785
37 14 0.103314372575118
125 126 0.110123013702629
129 130 0.152429208318918
68 246 0.221156510150088
34 128 0.126907372168733
102 135 0.119555182564771
39 79 0.286941223204584
15 137 0.130630189540973
24 63 0.117307940280559
102 115 0.165490687428574
379 253 0.168196111194143
27 73 0.226549647335494
74 26 0.232706096121037
38 74 0.118678878352148
113 66 0.291776486184349
27 74 0.163530832731131
418 355 0.148054864341608
172 103 0.150160070694854
394 473 0.111364202608715
112 90 0.241080987536383
45 146 0.123468241223927
170 122 0.14925599691637
143 147 0.134519824053084
148 149 0.205724585540916
7 74 0.163251799625887
110 35 0.161984022597778
102 151 0.116031528175157
143 102 0.144386773906709
120 34 0.168672657817387
144 115 0.134388374269415
11 74 0.148751755064345
154 114 0.117940320341617
155 132 0.25042073006223
8 26 0.159283751223201
218 195 0.100984087445507
57 213 0.123783160829135
115 53 0.185655980510387
33 10 0.146841552693676
162 58 0.146324414015346
40 163 0.106441261182144
37 74 0.171585933162304
166 34 0.158507258872204
167 34 0.133339619513417
158 168 0.222926154531919
169 108 0.115892471464679
3 74 0.283187200890167
33 179 0.193608665027692
204 132 0.163146620036316
101 103 0.1833315791335
42 73 0.16571208811031
6 73 0.163943517127427
38 44 0.200314739411212
42 33 0.141515004630642
0 70 0.133001751907599
176 177 0.277429354274794
28 73 0.149064537390637
140 228 0.209173054987168
182 10 0.152632653860216
19 1 0.101854915953913
78 53 0.123827299569588
102 185 0.125042720437457
169 168 0.159343422521595
66 45 0.136871874917241
153 190 0.110155079114019
11 182 0.151019964857054
146 177 0.295241761147264
182 4 0.138387304527985
101 261 0.136375808469138
153 150 0.226979178834424
63 194 0.101530150373111
117 150 0.102495686674457
688 380 0.116605739153833
195 86 0.217166118909785
182 26 0.107615897228266
182 1 0.229162154180182
132 25 0.136971200945207
86 132 0.148499891001102
172 102 0.113288674507888
688 136 0.1051921255129
18 3 0.23196282819694
110 185 0.156407616827063
77 196 0.183219830295073
206 20 0.132361981991437
112 36 0.15928994203343
133 109 0.245933891718264
61 14 0.21265791443411
45 25 0.125746793834604
96 209 0.455039391669976
186 46 0.114276520273295
46 136 0.277449935418617
139 172 0.124735026270636
54 194 0.123461092569809
37 44 0.160527024157617
155 194 0.151869849370514
119 21 0.101590267036026
186 67 0.110005771153119
237 243 0.11807389788809
101 64 0.103687021995834
99 192 0.108516134096117
8 44 0.139580756700852
191 51 0.105993034908931
36 10 0.357792332561861
176 439 0.114184716977502
193 133 0.153039302219909
419 30 0.18083878004777
195 132 0.13861232436182
49 209 0.354907685579459
204 24 0.190879610755562
192 142 0.199381773618178
194 132 0.120794718216589
23 155 0.170239196212165
127 222 0.10812684676923
98 140 0.100810536843141
192 76 0.103223358666805
204 41 0.129875229070503
116 147 0.181072552690646
63 132 0.17320249314728
157 212 0.175447387258411
24 132 0.137148939278882
119 20 0.158765869089133
221 49 0.187306036440619
23 132 0.205188612284983
66 186 0.180966559038487
204 194 0.110775780778047
154 212 0.228970757486825
64 175 0.110778180965349
44 189 0.104923994462768
92 20 0.145008058264553
206 14 0.150539368804164
22 173 0.189431587887377
220 96 0.176044836921169
133 141 0.132620524546394
0 92 0.121363435702091
169 16 0.108799414301523
59 230 0.102763134431748
22 26 0.112424938729831
55 32 0.140361089139619
206 4 0.293943294585251
231 105 0.100769088191355
233 234 0.112926751233017
236 237 0.164403567884965
193 141 0.101209284201663
95 209 0.191623929963823
159 238 0.129510537308206
221 95 0.148383874261585
6 189 0.127990905012681
220 49 0.15034630449472
313 64 0.152472842151761
344 347 0.207417134278655
239 240 0.10784464894438
72 199 0.121618428904453
206 10 0.187828698382382
7 206 0.136595298090225
22 20 0.144147693275706
66 46 0.121497514129189
183 141 0.10343457000805
58 141 0.121847479373496
41 132 0.163465087719292
206 6 0.128561881254294
169 227 0.100987688450833
158 241 0.104668316909655
17 206 0.216458251115635
105 134 0.113339994829484
206 26 0.220893240566302
44 22 0.159692238560675
1 225 0.193394388709463
213 141 0.175433317591665
200 244 0.12192796320729
140 245 0.114194004189252
109 141 0.102047898695648
142 31 0.108799414301523
247 150 0.166522371812831
5 223 0.145161031431927
232 82 0.211061643713453
250 132 0.106889821586937
46 67 0.281132846695893
20 223 0.111472923532934
223 26 0.119966397287667
105 249 0.135169916564438
193 132 0.166451582985058
220 67 0.12182104988284
83 226 0.172942738332985
72 142 0.119630435355053
245 253 0.112052016034167
221 60 0.1692897515291
75 31 0.119014412321941
99 199 0.102873768727036
6 225 0.174876382588858
218 132 0.120762647285075
229 128 0.104575194396323
158 169 0.484112073365294
17 189 0.110303297711405
185 51 0.145612117956876
61 43 0.112442099864263
8 61 0.289265997537462
38 43 0.126441228151617
61 44 0.232088385268952
256 71 0.17148375152361
74 2 0.153708448331147
27 79 0.174329036914796
12 74 0.194266003376721
106 30 0.146439847814698
47 43 0.131989558087456
36 73 0.183696449097008
261 153 0.114016383846262
79 93 0.124853866083603
17 79 0.143828595310087
79 4 0.25728632094467
176 146 0.206305573263316
5 263 0.230160941798484
36 74 0.161073037655357
55 73 0.168301974821823
79 13 0.167081118018695
39 73 0.135256876408974
74 4 0.222103919054162
258 257 0.129800423470166
257 50 0.137928713224458
52 73 0.10731202628503
344 224 0.151854552260436
74 43 0.187623838461707
11 18 0.282373866600583
61 42 0.147505511461282
4 263 0.338951242803803
135 270 0.208903106144351
115 185 0.147832732824236
19 5 0.152711685967861
44 2 0.329386366559033
274 96 0.219850691719404
276 57 0.179727303996671
18 26 0.148253561450017
55 70 0.159299984475123
263 1 0.213007457716698
279 280 0.114446899280636
18 5 0.173738098208439
18 1 0.139407686187399
61 26 0.230366178491195
281 258 0.117765133723153
282 283 0.293615931480261
121 96 0.432853126479263
257 30 0.120718573399564
19 38 0.201640148420632
128 130 0.117711281034203
284 30 0.136817955630607
19 6 0.173070359315369
259 82 0.115920305272484
34 153 0.166119863063314
18 0 0.282239093386379
289 149 0.200790896432036
242 259 0.145360096199169
290 0 0.41431580548248
0 74 0.207110122508761
58 130 0.105345919099157
18 2 0.157168550499017
292 82 0.228974103456483
146 439 0.170894596372267
18 12 0.183858866814034
295 294 0.117985174503144
200 77 0.270293621154563
103 260 0.115073539363073
121 48 0.286880120264445
171 103 0.122813094908814
298 1 0.126410070092491
302 132 0.274677990784416
6 74 0.175943452634909
12 19 0.156418793342902
290 10 0.326865030484388
146 304 0.177516851396194
72 305 0.114706308564907
290 4 0.333172221924861
33 13 0.118858159232305
290 5 0.239994155317484
413 178 0.183827746223348
309 103 0.165332413997436
71 305 0.109333290725194
308 117 0.107307318896753
312 30 0.148451675277358
30 216 0.135094843744197
314 209 0.387466673490392
12 263 0.188019248040743
18 14 0.17186479060655
459 484 0.124194604328416
52 44 0.111378982820959
116 110 0.128876183397912
315 283 0.320448937969094
0 263 0.237285351634758
92 79 0.109963616559525
77 58 0.164936287765725
257 318 0.152210744337332
419 294 0.106359738946753
112 263 0.323421001109893
37 263 0.134469122641884
152 89 0.134053958019295
211 319 0.28107448176355
11 79 0.15330309279711
234 150 0.128434300675586
19 14 0.194557012945869
29 74 0.228440234887194
90 58 0.157406849378698
144 110 0.105173016279874
28 18 0.135452335599197
257 203 0.105441976258413
263 2 0.276122319122455
60 225 0.143527745947496
121 95 0.26035879059052
18 36 0.219401595019248
37 112 0.155900868478619
274 292 0.165582076766969
34 114 0.118860725799072
14 74 0.162658506617722
195 151 0.198689946138129
34 267 0.108454432281238
101 275 0.124272011423123
18 43 0.184451883066714
19 2 0.168077462660249
324 25 0.241302235847285
258 130 0.143896815152122
79 181 0.153298318410029
8 19 0.120226340259135
188 89 0.100174467984232
325 326 0.146626151053476
102 267 0.163337909762183
10 263 0.289215373896212
313 202 0.117413565826432
258 43 0.16297265672299
18 17 0.118786441965115
283 96 0.574222979759107
32 74 0.155304661339843
331 92 0.103244933418335
332 132 0.183614888840994
314 67 0.324944468245796
74 20 0.225264071338666
334 335 0.220852675330738
69 90 0.220228102520419
112 337 0.126566321967539
342 343 0.113768766695502
314 406 0.313892672504771
188 336 0.20754465937829
120 257 0.113227571309414
218 346 0.134960515287732
17 263 0.202988347086694
83 338 0.178397533090883
94 209 0.314132117531424
262 382 0.124080441119558
368 228 0.170901596879202
253 378 0.104040217251758
85 297 0.146730885664228
3 263 0.181451980923877
18 37 0.113105315744229
71 103 0.279747745678409
689 400 0.109349917495641
18 74 0.302966426302653
18 38 0.173308271824912
349 209 0.293926752517035
8 18 0.251754596087838
257 153 0.11717794689648
320 335 0.202537776953812
19 55 0.183384309631052
350 25 0.111494247408259
37 353 0.151920602916914
354 355 0.168461585261294
20 263 0.215201801561902
320 267 0.109310883275597
12 356 0.118469416759532
14 356 0.158578911706895
125 357 0.118472034714371
341 182 0.148322155549671
358 179 0.126663274426295
101 178 0.172318674417466
27 263 0.226152797834119
19 277 0.145712439859328
9 263 0.202795890961066
322 96 0.103665752797862
34 65 0.176966204077591
111 177 0.440373308669374
327 243 0.135302272811199
102 257 0.142099268073587
8 263 0.183560423214364
11 136 0.220353042821668
168 325 0.141686117374093
68 96 0.13429945795997
11 263 0.124097731667203
186 146 0.235202235855716
257 480 0.136015491073986
256 257 0.227887357780771
401 257 0.167610764270464
300 267 0.138080088865215
359 363 0.268639317287241
96 146 0.386662302755199
263 13 0.1452393562024
3 316 0.12889589330156
111 349 0.540574442719054
103 245 0.236687614569436
124 153 0.152027243712051
286 160 0.13537760650037
425 58 0.12151003047347
180 368 0.168515040729528
42 356 0.207928751431254
82 31 0.120745553927506
431 106 0.136786342773839
7 19 0.25943189288293
7 356 0.106832298809004
463 409 0.160138605090003
314 94 0.274330791915325
367 297 0.119532938909518
197 690 0.147782490570165
91 239 0.159751463931992
187 355 0.104292735380755
344 43 0.184305991605045
274 322 0.116914802908817
111 283 0.548653798686027
227 82 0.129069747191867
96 160 0.245263131139173
153 130 0.21604485473168
292 14 0.218087020591648
379 378 0.211363325998887
103 263 0.338161988679543
149 429 0.110191069506961
18 55 0.114180775282856
274 49 0.2826637220184
97 82 0.140633416228506
157 325 0.198466163657052
103 371 0.124953646521628
283 209 0.51220186124152
71 288 0.255660144455995
39 356 0.242068911347183
172 370 0.10260412276022
68 152 0.186568501225435
90 153 0.172352530018662
192 376 0.167336198479764
282 96 0.402341739033609
47 135 0.138260083606851
40 364 0.13331546983072
394 321 0.13644632443272
146 298 0.243306230885322
222 20 0.127837707433452
377 378 0.111685838583758
315 282 0.232235638507551
11 302 0.151085877318242
379 380 0.149301955328274
381 292 0.206073690248978
302 2 0.217814133798755
91 124 0.317322920792696
65 216 0.226666442594182
68 189 0.117892240857619
6 336 0.116064176404307
45 225 0.13366930153638
102 35 0.202436905524792
43 263 0.231800398886042
314 283 0.438186655043226
95 283 0.393652652369283
44 74 0.141032346349233
320 372 0.158779453783571
149 382 0.122855403621033
19 132 0.245647784113267
95 36 0.176982518889792
292 5 0.19977376603945
383 16 0.128476347023492
200 292 0.106279531270831
178 138 0.1135465562019
315 96 0.365505409708853
384 204 0.148742131597984
91 153 0.30352871699341
336 1 0.1503097155514
315 336 0.144746769142323
316 4 0.117314897858781
386 280 0.204616899336455
354 347 0.230195643792857
197 149 0.133973425151102
160 49 0.155364161627359
165 307 0.19042487280568
103 117 0.113020478288386
111 209 0.209336681903195
361 30 0.170049920168711
7 18 0.165829274388531
197 325 0.211793681441338
103 132 0.462562432146929
389 41 0.111427934623938
71 263 0.349007256182548
321 90 0.122080944404005
18 20 0.13423230719597
32 316 0.20984722920472
37 336 0.233448433253397
32 222 0.243014677423245
4 336 0.115703177924689
271 130 0.102882403795119
285 191 0.163979228803231
254 260 0.133071739873828
298 263 0.159826029205888
121 392 0.343531959706036
129 65 0.159193005168316
393 394 0.160437739174053
224 201 0.100730020004708
318 378 0.125391645568292
244 224 0.166933083466922
3 356 0.219743156649123
37 96 0.143495163466323
351 132 0.224584582472576
283 177 0.3286776592934
94 160 0.116513594360247
140 397 0.146771148765423
95 282 0.246672165632342
233 161 0.140733749470869
323 160 0.108163596220091
381 25 0.130369769662348
314 111 0.44498417903839
219 278 0.118896089376667
102 120 0.187984167927064
34 53 0.166286806228339
191 214 0.260785613312392
233 146 0.129969006986541
36 132 0.276498491181061
111 224 0.235201165754827
229 224 0.106662993776256
403 404 0.141272158986741
247 405 0.276931356655419
116 153 0.111718549137894
127 34 0.110917505712971
406 209 0.184816174347239
691 369 0.110937669936523
254 127 0.111703542822152
37 362 0.133987876180014
361 260 0.172485514418816
197 132 0.171538876711784
427 246 0.12538568538712
233 34 0.123394778734316
329 146 0.184961382008013
291 96 0.107322893289771
303 30 0.21074108619809
49 126 0.138727193683276
64 217 0.182487868235647
276 263 0.184794506956659
414 297 0.314123260454474
10 132 0.31709418051679
330 314 0.147033168891097
395 30 0.128458624655049
302 416 0.133982033919858
36 96 0.235981017142327
417 132 0.161085229292726
314 113 0.257504854975798
61 348 0.142153149418462
11 222 0.149780803854328
127 395 0.184928136227094
367 412 0.111991303726719
5 356 0.277906212899174
422 83 0.260813892485139
396 423 0.124452898188662
424 25 0.31943631207976
229 37 0.14499895582482
122 257 0.109324463267538
92 176 0.251795259518617
367 293 0.15175196934102
139 423 0.173134327572439
69 153 0.315787045934822
29 296 0.187302047564463
343 107 0.100362405659146
102 34 0.158913162720206
345 324 0.102966202347428
394 426 0.244203034668508
226 345 0.11899589978986
354 266 0.101711476093996
121 263 0.338460706772984
440 344 0.183012887264383
349 67 0.296324921282935
38 222 0.133669494424855
95 315 0.229034428599525
116 34 0.124101098276303
228 346 0.104220108289683
296 430 0.118634690712682
57 308 0.138013819230461
11 428 0.106509132765123
121 36 0.373558237353928
242 31 0.145248583850447
176 355 0.161910444072532
431 120 0.140393451802705
82 432 0.119822422520783
369 419 0.131325042838768
329 188 0.138742139480639
84 271 0.12004569101872
116 35 0.111703677551344
53 153 0.127573415518712
23 424 0.2943582557137
334 77 0.112580328294979
263 132 0.372180309250992
129 215 0.186808434254804
129 436 0.101514348997568
115 34 0.190007899846005
372 34 0.100893630776957
9 437 0.12866363994002
67 209 0.222746616017033
19 17 0.193454583929056
14 132 0.202480858285513
129 82 0.108077605144388
316 13 0.163073453280855
19 29 0.278713930468384
317 266 0.104967737193574
233 305 0.177307451398095
95 37 0.186984662800733
116 185 0.175960611568939
302 351 0.283174103336281
36 71 0.1506139859687
439 225 0.108910040411699
46 146 0.213873251571715
394 263 0.141301659677759
65 278 0.181106802159438
407 58 0.16245374529149
83 128 0.103859759552428
282 103 0.202025749881879
40 329 0.148075487006839
118 337 0.149459449733875
72 82 0.103598969696741
10 421 0.126981751018982
433 31 0.120535677937123
4 252 0.124389963353102
248 31 0.118221930340123
121 71 0.38050026739777
197 333 0.194121850590659
37 77 0.193947256763611
19 421 0.104295793021938
279 234 0.159169212720234
95 146 0.373812675499103
266 90 0.109121536483558
258 116 0.141852308777356
314 66 0.260888685177135
442 132 0.204772613429367
311 86 0.158115410249464
420 692 0.271930543303037
36 298 0.13068492899392
47 435 0.111042376244524
221 97 0.136539710415803
174 348 0.146222148500531
36 237 0.146771745406904
59 242 0.128169924415865
164 55 0.164720830075534
42 336 0.101894092326243
129 301 0.143855349756359
215 267 0.148423423661064
176 225 0.138186209725286
259 432 0.112374993313233
138 432 0.140591227484245
128 132 0.134823816214902
366 30 0.109597503667524
353 386 0.155981165551306
211 448 0.103342981593443
96 82 0.145257881118579
387 91 0.283392215980091
200 138 0.148362580852379
302 42 0.138250475720623
200 263 0.143098062268216
336 13 0.141198481751912
343 409 0.167186480230272
283 67 0.282062891136236
444 73 0.125077775571909
138 263 0.139319658882555
446 447 0.246912141211145
366 248 0.101701558036088
73 263 0.139090794025951
254 387 0.134015301634968
36 336 0.175413349957677
70 44 0.129262474044983
298 326 0.173557097764685
84 126 0.10999249228383
121 103 0.269915852339729
111 94 0.239980786562085
257 448 0.145420040192838
180 65 0.1133348361058
381 126 0.126605828931428
46 693 0.155807573674067
71 132 0.212489322971277
257 138 0.136935494087477
351 449 0.456287930001599
92 404 0.16946856042388
41 163 0.127629404228205
377 34 0.166490133298338
68 209 0.203083633910664
144 190 0.158549909814139
56 694 0.166010849067368
428 257 0.159710439594102
315 146 0.317374371314504
257 441 0.196528994563248
366 391 0.132571318205022
200 112 0.166976971596189
59 466 0.130907821340204
38 263 0.244702771506531
129 411 0.149508264302161
352 96 0.115212528324543
61 164 0.18245728763033
202 35 0.142477125395308
33 149 0.100513290493595
420 451 0.109288220116581
285 16 0.125051269933343
229 307 0.166633167136468
17 452 0.141851039482462
116 190 0.115172268381995
197 429 0.16126268423438
265 185 0.131784921752859
148 437 0.133914667045701
317 271 0.135825354590555
36 344 0.342759856705517
302 336 0.100287333534151
257 695 0.114406908295942
453 423 0.107449019567702
257 696 0.15857856737169
257 462 0.163665539140789
454 257 0.115396337697794
65 335 0.154194230131919
36 81 0.111491600840258
122 258 0.102476129682764
210 366 0.142123265779221
8 452 0.140160799327298
204 177 0.180733616036256
110 82 0.143514076857766
71 82 0.186914403280893
264 371 0.11359240196125
144 472 0.123532999504995
306 86 0.188853795588366
200 259 0.140694516220771
71 96 0.571294537997103
257 82 0.102606974937455
147 190 0.177669285174745
197 295 0.132624310797163
375 423 0.168835758249407
99 238 0.136582721400717
296 249 0.135884314554594
188 34 0.213023613276762
19 13 0.171980471679539
331 328 0.171464379598359
95 263 0.232375168587274
6 263 0.319478339316417
96 263 0.330034655246093
336 2 0.140922657553724
342 469 0.124391483535637
84 374 0.106464245305162
302 13 0.177945284573837
118 457 0.109546215210334
132 326 0.162001377727588
34 138 0.141773305184686
5 336 0.171013454561521
320 301 0.115823323731574
455 146 0.139965124671256
402 153 0.116324326517551
314 45 0.250953421937931
148 0 0.164589970063109
43 132 0.185962064238195
103 266 0.146872093708846
408 132 0.114532588522796
394 126 0.191779804989919
329 697 0.134600245122384
119 79 0.11209382464348
197 326 0.175603680718489
112 287 0.104898877194808
235 30 0.13850229814149
164 27 0.126461300832055
361 34 0.152061527669626
254 366 0.115439662015033
121 449 0.481861588836487
206 350 0.115833629210963
45 177 0.180028823364842
111 96 0.295223031625847
82 349 0.14528858800364
329 163 0.133499799727114
399 16 0.128870328318222
261 130 0.205395660231523
191 297 0.174136021783496
252 475 0.100334412388133
19 351 0.17450700061347
133 266 0.137002729484832
188 65 0.164024299491094
434 257 0.197075774680501
331 404 0.111595989984156
155 108 0.164864601109785
68 205 0.114540140725362
408 392 0.228965749477238
304 49 0.270118797735739
283 336 0.329431780703208
61 316 0.123846959605531
9 336 0.143721516117168
415 156 0.113059647381844
103 237 0.174670137650953
180 261 0.104326618130938
459 49 0.106759243941139
396 117 0.178774299477814
308 50 0.26272040418656
125 291 0.140963029204698
322 48 0.111684966377723
274 48 0.103744799911471
37 71 0.135841278096291
317 132 0.178786209054509
305 266 0.121920247457152
94 349 0.242956079870184
168 326 0.124988521102829
152 34 0.10398860897598
331 93 0.282814397497235
233 286 0.100601334968543
390 208 0.120131460981067
302 5 0.170599053316144
416 456 0.173751301562527
27 336 0.175958629428432
103 286 0.129701358610064
434 361 0.132722927782724
351 146 0.224232727291735
82 321 0.196182382380032
102 370 0.119746079780061
91 166 0.138826956593808
18 132 0.134524008413524
59 207 0.165932760115012
34 253 0.1802926771853
315 351 0.632982369353461
390 96 0.101302988707437
36 148 0.107924893212607
279 268 0.154900857363994
283 94 0.275474372823994
302 74 0.196229005835365
47 118 0.104658143890138
29 336 0.118491837183795
291 352 0.173747672149709
121 82 0.146625699497388
269 152 0.218900389515575
71 138 0.106957960665993
378 58 0.190624133264563
164 1 0.142518333839989
19 103 0.109895028206611
173 205 0.118023210085814
85 36 0.106421235176819
101 35 0.122401440174144
18 292 0.236453655144663
264 108 0.115849152666685
184 406 0.139452656237733
68 49 0.28024624571276
103 4 0.288360769802254
305 464 0.163976211422529
1 356 0.224043815633594
267 43 0.150244800446997
271 128 0.169767734487151
102 191 0.152707256580554
12 316 0.194991593440271
304 177 0.158830480645387
406 67 0.194407819929807
292 155 0.214043482104707
83 448 0.107526469056413
302 460 0.136099732586194
84 394 0.122608442312236
211 466 0.219133972611664
177 25 0.170491619560236
369 451 0.150965981543735
298 325 0.121170449044789
121 94 0.113778678880228
103 43 0.219680084611498
381 132 0.218751925582326
71 257 0.110615094521469
364 348 0.140769886535415
451 363 0.154766214929886
162 62 0.175337380235954
34 31 0.123296863055513
107 116 0.163116673634024
352 97 0.101715149230173
19 433 0.150090184984638
56 326 0.104974691745617
203 457 0.234532350702952
188 161 0.101712236546356
467 419 0.133555911773819
303 34 0.16335223872534
314 177 0.317430512757072
111 406 0.448529876006069
255 387 0.196031863186153
139 144 0.204695601924896
19 82 0.128438113602642
698 378 0.106966538523781
439 82 0.163506347120202
137 239 0.128749277222294
367 299 0.205907961356292
8 292 0.139016626524247
699 355 0.114378082852624
394 103 0.114718152403579
700 255 0.148902257465701
197 455 0.143165133078252
55 263 0.197649143763596
258 30 0.104239463313388
116 108 0.234401621103171
364 146 0.11593104916938
123 177 0.136924869046441
390 90 0.16588890341698
228 370 0.181289419979619
322 160 0.12235407414748
103 366 0.109016636176276
42 348 0.17229156182744
79 310 0.123793326505629
69 94 0.13257579410045
250 78 0.125848356665795
12 302 0.127361690367975
406 349 0.475748411541919
116 410 0.109185147674577
165 263 0.10127658627166
298 26 0.139147656467519
257 188 0.125376676562057
408 34 0.182820081316885
84 209 0.105480608759013
138 90 0.109089144386752
257 286 0.14735829924661
415 484 0.144251840125789
263 48 0.117990828507911
178 51 0.137906832974248
385 133 0.204598881127353
146 424 0.368901674059031
27 437 0.22423832305715
335 340 0.172046936094372
10 336 0.103632976245925
18 302 0.125832413908873
450 325 0.163906293486282
444 302 0.128490518732843
12 336 0.149477704096367
233 177 0.140958108666396
18 27 0.156172185407188
58 409 0.156463944001316
302 25 0.138169957579181
197 222 0.147596380855363
102 71 0.154759861742947
364 351 0.127376212102691
80 344 0.202638060094055
5 348 0.144064951269174
110 53 0.136875380422336
259 117 0.135670780719695
5 252 0.188815570754734
283 349 0.487354038319795
116 259 0.135064620105413
21 146 0.165569319289832
292 34 0.106304050398106
19 458 0.106795248718538
292 348 0.169754155961362
186 177 0.14993020582997
274 351 0.178601653961587
122 53 0.106719433504011
279 218 0.129996191935324
18 70 0.122432318913253
311 168 0.110474398349077
211 468 0.111485273933005
37 224 0.216232603766088
411 298 0.159566125584843
271 34 0.14241943512751
39 263 0.346697949076696
19 138 0.159241651740455
314 69 0.180202874533826
19 259 0.119249615828679
314 349 0.370246627505234
320 470 0.187374280262065
37 437 0.119293195819194
116 50 0.147586427287314
458 336 0.139042461330473
59 49 0.104609216316711
445 150 0.143256476956393
88 34 0.145530013565933
315 79 0.232369260601398
302 43 0.113592574393459
135 34 0.115937878782711
29 263 0.176663059834604
38 319 0.161328332541803
122 50 0.115995837653058
168 298 0.126551905578136
367 128 0.108437717117806
318 701 0.186393011074758
122 149 0.132757443847495
401 240 0.114735147005869
96 465 0.240670962509603
400 280 0.104631578047971
14 263 0.252803383167062
131 351 0.115989516474814
19 27 0.172346877687316
96 177 0.281230045408439
388 124 0.100990059511942
23 146 0.277894017325607
302 27 0.183452803184348
135 702 0.154274800158568
42 358 0.132762393183851
113 209 0.209894145848381
269 339 0.112934369067924
265 273 0.15571212436669
349 177 0.402732099191348
36 103 0.367138992497519
103 5 0.126936087228865
119 331 0.13449320541919
374 126 0.150001313213679
262 132 0.208610122498462
103 325 0.145942828859987
302 149 0.194660882338513
197 407 0.20943000808729
197 414 0.142215834394435
276 298 0.11522084157352
455 298 0.139996062676223
330 117 0.188864547813073
111 67 0.369516848814013
27 452 0.127581621428289
95 465 0.199043904313532
50 259 0.156261406019071
290 26 0.173019741336639
440 437 0.116177946380604
43 356 0.130697525269375
0 452 0.1186813999122
254 51 0.161162717316694
423 201 0.168619436400287
82 339 0.101945409567377
302 20 0.255321004976673
23 310 0.162614195917009
471 60 0.102159455572343
360 138 0.167430921702511
14 336 0.10451003828606
369 149 0.139436190922199
398 462 0.201936736810053
57 380 0.183806577094296
158 103 0.141988234294049
18 146 0.240240543877279
188 132 0.124764697754518
125 95 0.115815581365079
302 146 0.184636319894622
364 329 0.162315390023706
154 329 0.141812667109355
251 350 0.228840361946938
203 185 0.170145779248032
320 97 0.194066859859956
467 451 0.127480736697618
283 363 0.137424784654838
350 461 0.159460004467744
315 271 0.147330243009072
427 34 0.128308315593667
396 34 0.149763784853657
6 132 0.228804169409893
384 373 0.150497216354451
438 117 0.133096408575429
119 4 0.103410556610745
144 438 0.161179683599178
95 390 0.116510874707948
336 476 0.105616756775881
56 445 0.190675414511757
112 257 0.109227754681811
198 149 0.117167375683229
286 82 0.143487551008131
24 44 0.10134535601925
252 476 0.103632781974316
11 132 0.185076505901108
477 163 0.156769494118127
180 318 0.172932630034812
102 285 0.252630010889518
474 432 0.219579461167418
143 34 0.136346113923048
122 278 0.134168120230693
71 26 0.166336075209879
122 104 0.197592334705671
36 53 0.130837143299901
36 146 0.343607698903935
478 458 0.109660008088527
103 272 0.172758314837407
365 152 0.156505626918648
5 132 0.195419334498267
111 439 0.143936395992168
364 479 0.191214179703595
148 26 0.146910385010222
96 25 0.255528186671269
6 449 0.329726459608719
703 103 0.159455529832386
103 481 0.143728706469532
482 400 0.174361258705271
292 132 0.293677461539256
704 103 0.126343699510803
102 263 0.123275597145273
103 448 0.174953165615473
103 483 0.100578846109641
103 705 0.127633774974456
80 336 0.17623868493185
28 319 0.245471613490881
36 363 0.224763678187859
129 64 0.151059885163906
381 408 0.14900475604739
258 31 0.117911839009488
82 209 0.47644929915016
449 447 0.102529216973543
34 409 0.156885446878034
40 395 0.190658623799109
103 378 0.135681193449883
102 43 0.223872201442443
71 146 0.429486338495957
257 110 0.110702771663701
8 310 0.110082775005176
390 118 0.138148457463645
292 43 0.231483307984547
139 313 0.112191976587402
96 392 0.381640031514807
303 31 0.231213544070558
146 132 0.317144697704175
113 111 0.37774815442363
