42 343 378 483 2963 5064 1394 1498 418 5707 3887 212 2852 1228 3243 
32 464 207 289 3499 3939 2664 583 643 4729 1553 1066 1355 2215 1469 
40 328 277 503 2535 3896 1557 797 254 6662 2686 176 2763 863 3634 
32 422 188 308 3592 3277 2255 486 659 4195 1348 942 1486 2146 1640 
35 471 259 336 3776 5927 4104 952 550 4909 2096 851 1499 2039 1998 
42 428 384 477 3170 7869 3486 1606 380 6415 3859 393 2824 1252 3191 
38 363 265 438 3170 4209 1735 803 365 5654 2499 283 2133 1419 3001 
37 363 224 442 2923 3522 1859 538 251 6292 2046 293 2134 1376 3052 
36 349 170 460 2744 2755 1835 248 221 6538 1422 175 2192 1240 3278 
39 337 290 451 2906 3698 1641 985 370 5586 2608 312 2559 1391 2987 
43 344 440 463 3177 5618 1567 2168 298 5578 4458 259 2620 1328 3095 
38 384 303 400 3096 4267 1963 1104 448 5605 2812 466 1972 1720 2548 
43 262 339 564 2442 3687 1097 1126 129 6229 3348 144 3825 415 4042 
42 335 344 517 2866 5064 1676 1171 390 5915 3428 202 3391 988 3490 
46 320 530 505 3044 6260 1315 2895 300 5342 5706 188 3223 1099 3356 
5 33 5 5 210 36 309 1 0 84 5 23 2 6 2 
30 201 402 33 2409 5318 1520 3200 63 349 809 563 38 18 13 
36 365 183 447 2726 3082 1944 346 285 6533 1532 285 2120 1295 3142 
34 384 163 398 3475 3232 1867 309 227 5968 1479 355 1331 1509 2865 
42 647 506 355 4704 15108 7133 2934 627 5869 5066 878 1306 2148 2174 
41 364 371 449 2961 5237 1681 1555 396 5715 3712 300 2380 1408 3013 
13 194 58 20 2003 1502 1204 121 54 426 119 1350 37 146 9 
8 129 16 12 1461 425 725 12 12 294 24 1021 12 80 8 
14 121 66 25 1210 1060 842 157 37 361 126 96 69 39 12 
10 88 22 23 900 399 355 20 23 281 35 233 46 33 19 
21 149 170 40 1949 2535 867 758 69 267 410 424 136 20 26 
40 361 325 455 3175 4880 1672 1184 281 6087 3177 372 2444 1275 3075 
40 320 283 497 2507 3622 1569 804 261 6472 2826 171 2690 932 3560 
22 428 101 130 3715 2341 2627 185 520 2257 510 2144 445 1675 400 
37 314 164 502 2423 2538 1478 221 141 7102 1348 145 2381 691 3820 
29 359 349 57 3719 7351 4890 2385 218 1915 1038 388 192 175 39 
15 268 76 29 2907 2214 4041 179 91 1126 195 405 61 115 20 
18 383 69 84 3659 1440 2090 92 599 1359 288 2396 252 1257 184 
10 275 15 30 2617 488 1978 5 77 675 38 2089 29 579 48 
51 519 1159 116 4768 20891 4440 15982 518 3457 4071 906 703 283 69 
13 261 61 17 2715 1885 3558 145 120 689 103 374 30 159 8 
50 742 981 244 6202 25631 6266 10751 865 4311 7020 1888 795 2343 1034 
42 595 604 257 5143 14254 3668 4622 731 4315 4638 1559 1018 2182 1202 
36 367 224 406 3005 3361 1874 558 288 5622 2022 417 1898 1643 2662 
35 307 154 441 3072 1644 1244 197 264 5650 1276 218 1939 1308 3133 
12 149 52 14 1473 1309 2223 111 37 198 83 239 21 29 5 
9 60 16 20 485 142 201 9 25 216 24 15 37 36 14 
41 384 398 422 3511 6119 1709 1716 367 5281 4063 474 2248 1613 2633 
50 614 743 482 4723 19208 5576 5337 587 6996 8657 565 2339 1354 3267 
30 472 215 220 3961 4751 2600 689 564 3433 1583 1503 787 2188 1001 
10 86 33 12 880 572 458 48 22 122 53 106 14 18 5 
3 17 2 1 144 21 32 0 0 3 1 12 0 5 0 
41 550 726 94 5304 17484 5480 7599 533 2984 2510 1353 497 233 54 
9 129 10 26 1467 198 973 4 14 586 13 116 32 110 35 
23 161 196 57 2144 2376 705 938 59 892 538 146 226 78 69 
23 446 178 75 3918 5989 6487 683 234 2851 676 1027 337 252 75 
12 227 37 29 2803 1090 3382 44 74 1007 87 345 64 126 25 
28 455 141 237 3753 2898 2952 290 493 4061 966 1354 864 2170 1156 
17 282 99 37 3965 2929 2784 298 217 907 238 1001 115 121 29 
8 50 17 11 438 139 128 11 34 93 26 38 17 25 2 
26 459 97 228 3810 2233 3021 134 354 4258 641 1356 644 2138 1181 
2 11 1 0 100 11 32 0 0 0 0 5 0 0 0 
18 137 138 15 1494 1967 1326 616 32 272 169 155 22 13 9 
44 416 869 77 4222 15049 4081 10344 340 1785 2601 427 264 187 35 
9 110 23 13 1217 383 951 25 5 317 40 143 6 85 13 
5 78 1 9 725 7 718 0 0 203 0 142 3 51 7 
40 338 327 453 3050 4286 1459 1188 314 5600 3371 167 2120 1334 3201 
14 199 74 17 2542 1658 2242 210 89 651 114 298 30 50 10 
9 97 23 13 987 462 783 23 28 184 36 85 20 37 5 
13 240 56 22 2831 1565 3027 109 131 803 122 298 45 125 10 
20 241 166 24 2629 3410 2805 774 90 809 308 269 50 90 8 
6 26 6 9 274 47 23 0 2 57 9 30 6 11 5 
11 45 31 24 660 218 94 17 14 152 101 41 26 26 21 
17 290 114 22 3464 3614 3413 396 92 618 246 542 30 112 8 
8 138 18 10 1833 494 1646 12 30 348 31 235 10 32 3 
35 406 196 399 3187 3994 2329 416 294 6022 1821 440 1578 1600 2730 
20 486 140 50 4492 5936 7156 506 143 2486 424 1313 154 263 56 
26 432 268 57 4134 7709 6585 1508 140 2419 865 1209 178 196 49 
32 396 196 300 3528 3030 2020 526 357 4402 1632 869 1038 2065 1764 
20 394 59 131 3953 1255 2015 65 365 2035 261 2004 345 1733 469 
5 38 3 7 670 29 207 0 1 117 2 73 5 2 3 
5 39 7 3 589 94 243 3 5 44 6 67 0 4 1 
11 213 46 9 2239 1665 3515 92 39 353 65 522 8 17 0 
5 64 7 3 681 142 480 4 8 82 3 59 3 8 0 
32 413 182 314 3475 3323 2122 393 293 4728 1686 714 909 2083 1972 
9 113 34 2 1848 791 1516 70 10 83 14 404 0 5 0 
3 58 3 0 886 110 958 1 3 0 0 246 0 0 0 
55 684 1319 166 5106 29849 6383 18701 560 5123 6430 1067 944 422 160 
7 32 18 3 513 155 118 21 3 25 13 21 1 3 0 
14 136 74 17 1685 1194 851 202 51 346 128 188 26 63 8 
12 147 60 6 1622 1454 1489 162 14 87 56 709 2 24 0 
8 66 24 4 834 359 604 34 4 93 20 58 2 1 0 
8 160 26 2 1893 966 1853 45 35 80 10 430 1 2 0 
1 1 0 0 8 0 0 0 0 0 0 0 0 0 0 
6 143 10 5 1713 360 2347 6 32 243 10 214 2 24 2 
19 346 130 41 3231 3839 5681 446 128 1827 372 421 128 153 23 
15 394 76 29 3386 3381 6940 190 158 1583 167 1101 84 118 14 
12 128 50 16 1373 906 608 102 17 300 84 1085 26 84 8 
9 121 22 14 1254 515 666 21 12 259 35 1075 21 85 7 
11 144 34 21 1851 739 1364 33 36 505 90 259 27 62 15 
27 244 262 89 2747 4680 2170 1402 71 1358 926 483 492 82 105 
36 329 512 118 3599 9214 2921 4049 109 1835 2299 702 663 124 129 
14 184 85 6 2135 1972 2539 296 50 258 65 339 2 31 1 
8 50 20 8 1019 214 295 20 4 102 24 79 12 13 0 
8 104 24 4 1039 588 2164 36 5 104 16 190 4 13 0 
4 22 3 3 318 28 45 0 2 30 2 10 2 2 0 
20 358 139 51 3260 3901 5609 488 142 2079 445 336 148 269 59 
42 517 731 130 3718 15761 6129 7296 433 3910 3278 818 796 330 110 
67 663 2060 151 5137 37376 5760 39245 452 4498 7653 1722 859 490 148 
8 68 27 1 831 441 353 50 12 9 6 59 0 1 0 
7 31 16 5 435 125 170 14 2 53 17 30 4 2 0 
4 57 4 2 712 81 483 1 9 56 2 78 1 8 0 
6 28 14 1 513 93 65 16 15 15 4 24 0 1 0 
14 167 75 16 1928 1752 1719 197 52 281 152 289 5 17 10 
7 69 6 15 686 131 781 1 2 267 6 70 15 6 13 
18 339 83 70 3341 2585 5147 146 143 2416 318 338 254 238 98 
14 143 60 31 1744 1229 1619 120 21 500 147 301 66 44 31 
7 139 19 2 2123 673 1690 26 16 87 8 540 1 21 0 
5 34 2 8 362 26 76 0 0 62 1 42 4 24 5 
8 97 19 9 953 505 1813 15 15 136 32 187 5 4 4 
5 139 5 5 1717 190 2207 1 11 226 5 283 2 59 2 
35 471 468 127 3517 10495 5823 3464 340 4189 2122 330 808 325 151 
17 234 108 28 2728 2353 2723 372 130 865 210 425 84 133 14 
15 251 86 19 2910 2340 3424 263 77 836 144 397 41 92 7 
5 89 7 3 901 198 460 3 2 92 6 757 0 31 1 
23 313 221 32 2920 5085 4054 1210 153 1159 467 369 77 168 17 
22 345 179 52 3621 5104 4490 769 117 1577 556 610 161 165 54 
13 192 69 9 2700 1688 2111 205 54 372 66 427 12 68 3 
3 80 3 0 842 146 2052 1 7 0 0 160 0 0 0 
4 60 4 2 506 81 858 1 0 93 2 83 1 3 0 
10 134 40 5 1465 969 2403 84 32 141 32 297 4 16 0 
25 321 248 52 3217 5713 3691 1337 151 1315 766 404 161 187 36 
11 170 43 12 1988 1120 2722 90 56 404 46 260 25 32 4 
17 334 114 22 4402 4113 4074 411 157 777 215 858 47 70 7 
27 327 295 56 3206 6183 3635 1807 110 1845 867 429 220 127 31 
15 239 83 22 3202 2189 2629 236 121 763 164 327 43 76 12 
4 51 4 2 739 99 577 1 1 46 2 57 1 3 0 
37 534 613 53 5215 16149 5313 6091 283 1507 1536 2373 110 501 33 
11 113 38 17 1303 739 1341 61 9 349 68 139 23 12 13 
7 93 17 4 1294 380 645 17 33 72 16 174 2 20 0 
9 201 24 12 2266 768 2886 27 73 492 35 347 17 101 5 
3 44 3 0 518 84 285 1 2 0 0 402 0 0 0 
8 34 19 9 288 85 241 22 0 145 17 21 14 4 3 
14 244 81 10 3269 2476 2201 257 133 314 94 479 13 58 0 
12 201 55 11 2132 1479 3136 131 33 458 75 319 7 104 7 
6 15 11 4 203 51 24 6 2 14 12 4 2 3 0 
7 73 20 1 1080 416 344 30 6 8 5 378 0 1 0 
3 9 2 1 67 7 8 0 3 5 1 8 0 0 0 
6 158 8 7 1849 282 2308 3 38 242 9 291 5 95 3 
25 369 220 80 3492 5287 5216 1080 210 2667 701 358 418 241 101 
6 93 11 4 1311 215 760 8 41 80 8 196 4 44 0 
24 245 253 23 2846 4912 1366 1565 76 399 416 705 39 86 4 
19 279 120 51 3036 2702 3933 403 154 1688 314 326 203 162 49 
5 80 9 1 842 240 427 7 5 18 3 801 0 26 0 
9 60 35 1 895 463 276 77 8 1 7 72 0 0 0 
11 129 51 4 1562 1100 1051 131 43 48 33 242 0 28 1 
5 62 9 1 790 191 755 7 1 39 3 140 0 8 0 
8 179 21 7 2081 719 2863 24 48 350 23 298 8 44 1 
26 316 292 33 4020 6039 2740 1929 259 1085 565 422 91 129 15 
6 58 8 7 670 233 843 3 0 55 10 87 3 1 4 
11 120 38 17 1465 797 910 57 45 221 72 117 27 46 9 
3 45 2 1 574 44 560 0 2 36 1 59 0 3 0 
5 15 4 6 227 42 36 0 0 16 6 7 0 1 4 
8 109 16 12 1073 592 2311 13 7 155 24 183 9 1 10 
7 14 18 3 175 71 16 21 0 13 13 2 1 0 0 
14 154 59 32 1883 1050 955 111 60 604 156 149 63 114 34 
3 41 3 0 598 74 222 1 4 0 0 47 0 0 0 
1 43 0 0 416 0 826 0 0 0 0 77 0 0 0 
5 30 8 2 448 79 87 5 3 25 4 25 1 5 0 
6 132 10 5 1519 298 708 6 28 92 10 1237 2 107 2 
5 80 10 0 1343 284 766 10 18 0 0 312 0 0 0 
5 147 4 6 1611 168 2473 0 27 274 4 215 4 46 2 
1 50 0 0 519 0 1109 0 0 0 0 116 0 0 0 
7 49 16 5 741 215 132 14 4 61 18 25 2 5 1 
7 44 9 12 497 101 317 4 0 161 12 32 9 1 10 
3 7 3 0 168 6 5 1 4 0 0 0 0 0 0 
4 81 6 0 844 229 2052 4 7 0 0 160 0 0 0 
4 66 6 0 813 188 822 4 5 0 0 112 0 0 0 
3 17 3 0 289 32 36 1 1 0 0 14 0 0 0 
3 46 3 0 563 90 693 1 1 0 0 131 0 0 0 
5 29 8 2 585 74 74 5 3 32 4 34 1 2 0 
6 75 14 1 932 310 412 16 16 23 4 95 0 5 0 
13 147 61 17 1592 1271 893 139 37 323 115 213 24 48 8 
19 311 120 51 3568 3302 4222 357 225 1468 401 409 167 189 44 
5 128 3 7 1466 90 790 0 3 160 3 1198 3 128 4 
4 51 6 0 572 151 834 4 1 0 0 81 0 0 0 
8 105 25 3 981 583 679 41 37 64 12 921 3 7 0 
10 302 5 40 2711 109 2240 1 85 721 2 2235 33 859 84 
5 50 7 3 637 104 533 3 4 80 5 57 2 4 0 
3 48 2 1 464 52 787 0 0 42 1 81 0 1 0 
13 238 56 22 2398 1466 4317 117 27 1064 117 378 31 136 21 
7 47 11 10 498 149 237 6 8 103 13 46 11 7 5 
5 42 9 1 452 130 267 7 2 28 3 41 0 3 0 
18 292 139 14 3406 3932 3676 630 89 762 151 589 32 46 3 
19 483 131 40 4678 5496 5238 455 365 920 397 2667 68 774 49 
12 167 53 13 2102 1219 1529 120 70 314 72 279 26 82 2 
7 68 18 3 1147 324 329 20 9 48 15 121 0 9 0 
7 37 15 6 662 120 225 11 3 86 20 72 2 5 2 
8 84 13 15 885 299 873 7 8 261 21 98 15 6 13 
6 48 6 9 410 43 173 0 21 101 7 39 10 27 3 
5 43 8 2 567 95 527 5 0 73 4 52 1 2 0 
1 24 0 0 321 0 224 0 0 0 0 52 0 0 0 
6 8 14 1 78 36 4 16 0 4 4 0 0 0 0 
3 9 2 1 80 11 10 0 0 7 1 0 0 0 0 
4 29 1 5 463 4 187 0 1 75 0 51 2 3 2 
13 221 67 11 2921 1920 3535 186 54 502 81 375 17 61 2 
4 30 5 1 554 70 93 2 2 14 2 23 0 1 0 
5 79 9 1 1050 243 967 7 8 47 3 99 0 5 0 
3 56 3 0 849 100 735 1 6 0 0 117 0 0 0 
13 81 62 16 738 670 299 156 32 164 96 52 22 37 12 
9 122 34 2 1274 856 1014 71 37 26 12 558 1 10 0 
17 386 62 74 3521 1885 2678 89 133 1265 299 2279 65 1380 227 
2 21 1 0 292 21 87 0 0 0 0 19 0 0 0 
3 25 1 2 524 11 90 0 0 29 0 26 1 5 0 
14 170 56 35 1568 1293 1844 82 42 655 177 296 72 89 33 
3 95 2 1 1079 107 1522 0 5 55 1 161 0 9 0 
24 309 226 50 3193 5138 3971 1168 92 1457 663 406 142 164 51 
4 7 0 6 158 0 5 0 0 19 0 2 0 1 4 
5 56 1 9 581 43 734 0 1 155 0 75 3 12 7 
3 55 2 1 531 59 541 0 1 45 1 62 0 2 0 
3 44 0 3 658 0 337 0 0 70 0 65 0 9 1 
7 121 13 8 1468 377 1389 8 15 261 17 162 7 29 3 
5 98 7 3 1067 244 733 4 8 128 3 483 3 2 0 
3 43 2 1 563 45 558 0 0 39 1 53 0 1 0 
4 37 3 3 336 43 337 0 0 56 3 28 0 6 1 
7 95 12 9 792 336 860 0 13 96 30 174 0 56 5 
6 92 9 6 882 223 849 4 6 123 12 155 0 51 4 
10 201 35 10 2223 1020 1249 61 79 183 44 1631 9 224 6 
11 315 12 43 2740 279 2314 2 131 759 35 2329 32 925 96 
7 88 18 3 1424 406 759 21 19 78 13 336 1 3 0 
14 248 68 23 2805 1952 1420 167 84 506 139 1760 37 299 21 
6 55 11 4 647 186 278 8 1 75 9 72 2 6 1 
8 114 17 11 1351 580 1637 14 13 188 28 212 4 2 10 
2 6 0 1 40 0 5 0 0 6 0 5 0 0 0 
4 104 5 1 1375 243 1806 2 12 45 2 425 0 0 0 
1 8 0 0 110 0 15 0 0 0 0 13 0 0 0 
3 9 1 2 53 5 9 0 0 11 0 3 1 1 0 
3 65 2 1 773 70 1243 0 0 60 1 166 0 0 0 
12 166 65 1 2221 1699 1896 210 47 23 10 264 0 5 0 
8 42 26 2 495 267 141 44 5 15 12 18 0 1 0 
5 46 9 1 633 134 379 7 5 30 3 57 0 5 0 
2 4 1 0 74 2 3 0 1 0 0 0 0 0 0 
4 74 6 0 1192 196 1098 4 13 0 0 291 0 0 0 
5 15 8 2 127 49 23 5 0 11 4 5 1 0 0 
6 91 12 3 1168 320 1062 9 9 89 10 133 1 14 0 
2 15 1 0 283 11 41 0 2 0 0 14 0 0 0 
6 43 5 10 479 47 315 0 0 162 10 28 0 3 10 
5 107 7 3 1436 226 1595 3 5 144 6 240 0 24 1 
2 4 1 0 12 2 3 0 1 0 0 0 0 0 0 
1 12 0 0 221 0 55 0 0 0 0 11 0 0 0 
5 78 8 2 707 283 2007 5 6 13 4 157 1 2 0 
1 8 0 0 113 0 26 0 0 0 0 2 0 0 0 
3 46 3 0 657 90 618 1 1 0 0 57 0 0 0 
8 81 26 2 1201 427 469 45 33 56 10 83 1 9 0 
6 24 12 3 192 92 37 9 2 16 10 5 1 4 0 
7 71 19 2 808 362 904 26 2 56 8 83 1 2 0 
3 20 3 0 171 40 58 1 0 0 0 13 0 0 0 
6 60 15 0 705 298 410 20 1 0 0 487 0 0 0 
1 4 0 0 78 0 4 0 0 0 0 2 0 0 0 
11 201 46 9 2678 1529 2212 94 99 211 62 598 8 36 1 
4 19 5 1 386 39 56 2 0 16 2 16 0 1 0 
3 85 2 1 1304 120 1174 0 4 18 1 158 0 12 0 
66 585 1993 152 5023 31909 4843 37280 477 4554 7398 904 916 304 166 
14 271 70 21 3147 2158 3036 180 137 889 125 781 50 101 9 
21 429 150 60 4058 4895 5654 572 127 2987 454 984 226 222 78 
15 193 93 12 1816 1858 3741 335 69 616 85 275 34 45 1 
6 136 15 0 1600 612 2414 20 34 0 0 246 0 0 0 
5 16 9 1 85 59 37 7 0 5 3 5 0 0 0 
22 472 184 47 4752 6596 4851 776 299 1314 641 2577 70 702 53 
7 103 15 6 1084 282 1912 13 13 280 14 164 8 15 0 
5 78 7 3 773 99 1837 4 7 189 3 148 3 5 0 
20 361 154 36 3293 4926 5576 632 99 1475 390 462 96 130 22 
19 280 143 28 2939 3774 3331 584 96 918 312 761 55 78 18 
5 30 10 0 470 118 117 10 1 0 0 12 0 0 0 
18 339 116 37 3578 3479 4351 398 145 1682 276 876 110 156 32 
1 8 0 0 201 0 16 0 0 0 0 12 0 0 0 
10 95 43 2 1100 763 440 105 18 36 14 119 1 10 0 
4 96 6 0 920 276 2084 4 6 0 0 178 0 0 0 
9 158 28 8 1831 771 2632 39 30 397 34 313 11 18 0 
14 200 63 28 2119 1780 1382 130 41 504 160 947 46 117 28 
3 89 2 1 1017 91 2061 0 2 69 1 187 0 7 0 
2 17 1 0 136 17 121 0 0 0 0 15 0 0 0 
4 96 5 1 1072 188 2111 2 11 66 2 200 0 6 0 
6 108 12 3 1647 355 1061 10 18 97 8 184 2 26 0 
4 18 6 0 136 50 32 4 2 0 0 4 0 0 0 
4 11 6 0 103 33 14 4 0 0 0 0 0 0 0 
1 13 0 0 271 0 57 0 0 0 0 21 0 0 0 
16 283 91 29 3073 2887 4125 255 57 990 222 678 65 127 18 
17 172 97 39 2252 1851 999 246 45 623 318 380 81 94 35 
1 28 0 0 359 0 321 0 0 0 0 57 0 0 0 
5 68 8 2 728 195 535 4 11 53 6 77 0 1 0 
13 267 65 13 2783 2149 4979 175 70 735 84 380 22 90 5 
1 49 0 0 742 0 932 0 0 0 0 244 0 0 0 
2 42 0 1 900 0 348 0 0 18 0 81 0 12 0 
2 8 0 1 61 0 21 0 0 8 0 0 0 0 0 
5 177 0 10 1743 0 1405 0 0 204 0 1660 0 252 10 
10 124 21 24 1302 339 882 12 28 527 53 119 26 97 29 
21 475 168 42 4681 6581 4782 715 199 1251 483 2523 81 635 51 
2 44 1 0 649 44 468 0 0 0 0 355 0 0 0 
4 4 6 0 50 12 0 4 0 0 0 0 0 0 0 
2 8 1 0 10 8 12 0 0 0 0 1 0 0 0 
7 54 18 3 464 294 176 23 3 22 9 508 3 1 0 
7 26 17 4 280 117 50 19 1 37 12 8 4 0 0 
10 161 38 7 1933 1139 1565 68 11 170 50 888 0 59 2 
3 11 2 1 73 12 19 0 0 6 1 1 0 2 0 
6 80 6 9 1192 163 546 1 3 203 7 72 7 14 5 
5 67 1 9 993 25 457 0 0 203 0 71 3 20 7 
19 401 116 55 3754 3844 2939 345 175 1196 427 2360 83 914 114 
1 3 0 0 96 0 2 0 0 0 0 1 0 0 0 
3 50 3 0 483 90 411 1 5 0 0 83 0 0 0 
6 95 15 0 1346 441 756 20 17 0 0 159 0 0 0 
4 12 6 0 133 34 20 4 1 0 0 4 0 0 0 
6 87 14 1 1002 354 1936 16 3 65 4 154 0 5 0 
14 182 54 37 2846 1143 1399 92 56 775 142 209 88 168 42 
2 72 0 1 755 0 1950 0 0 66 0 151 0 3 0 
8 201 16 12 2150 598 1008 8 60 179 32 1682 8 255 8 
2 5 1 0 55 5 4 0 0 0 0 0 0 0 0 
1 28 0 0 359 0 321 0 0 0 0 57 0 0 0 
6 40 15 0 631 200 188 20 0 0 0 28 0 0 0 
10 52 23 22 777 213 98 18 9 193 51 54 28 22 23 
15 193 76 29 2230 1774 1098 189 46 634 174 635 73 101 19 
11 288 16 39 3011 395 1799 5 160 743 44 2135 41 711 75 
7 107 19 2 1138 556 884 25 5 72 10 533 0 2 0 
5 138 8 2 1433 342 3160 5 7 142 4 311 1 27 0 
6 140 11 4 1890 478 1052 6 27 110 13 603 0 29 1 
18 156 132 21 2152 2001 1228 531 59 453 246 130 27 40 12 
13 354 55 23 3547 2649 5461 98 133 1093 128 532 55 120 5 
9 132 13 23 1301 428 922 8 11 440 19 554 29 83 28 
9 99 18 18 1171 221 609 17 26 375 23 145 29 72 15 
2 29 0 1 201 0 176 0 0 19 0 40 0 5 0 
12 163 62 4 1512 1600 3902 182 14 119 37 267 0 23 1 
10 82 40 5 1107 627 531 84 8 95 33 372 2 0 1 
2 64 1 0 744 52 1178 0 6 0 0 138 0 0 0 
3 44 0 3 594 0 142 0 0 68 0 315 0 10 1 
13 205 67 11 2004 1983 3172 179 24 357 94 447 12 36 1 
6 114 11 4 1295 303 1843 8 4 223 9 300 2 18 1 
3 16 0 3 243 0 37 0 0 22 0 14 0 5 1 
1 36 0 0 534 0 577 0 0 0 0 53 0 0 0 
2 11 1 0 162 11 51 0 0 0 0 4 0 0 0 
1 6 0 0 52 0 9 0 0 0 0 6 0 0 0 
7 52 15 6 676 206 268 12 10 78 17 48 5 4 1 
33 547 311 217 4726 8489 3450 1413 567 3317 2368 1556 666 2282 1009 
3 28 3 0 636 54 176 1 1 0 0 49 0 0 0 
4 38 3 3 497 68 248 0 2 42 2 55 2 0 0 
11 147 45 10 1730 1084 1730 91 34 262 59 249 14 28 1 
6 29 11 4 319 86 114 8 1 51 9 23 2 3 1 
2 43 1 0 649 41 564 0 1 0 0 257 0 0 0 
3 56 2 1 804 62 897 0 0 50 1 247 0 0 0 
4 102 4 2 1335 194 1953 0 5 96 4 357 0 3 0 
8 142 26 2 1854 788 1700 45 30 84 10 900 1 31 0 
4 28 6 0 471 80 101 4 2 0 0 35 0 0 0 
3 6 3 0 57 12 3 1 0 0 0 1 0 0 0 
2 7 1 0 56 5 9 0 1 0 0 0 0 0 0 
13 263 61 17 3107 1973 2166 144 107 551 108 1604 23 209 11 
9 95 13 23 1130 347 1208 6 10 349 20 196 33 22 25 
12 71 54 12 760 511 236 129 44 122 68 53 17 30 6 
10 115 36 9 1762 771 885 61 15 208 46 172 13 13 0 
6 109 10 5 1247 272 1044 6 13 131 10 185 2 58 2 
3 47 3 0 682 94 573 1 0 0 0 257 0 0 0 
5 32 10 0 537 124 164 10 2 0 0 38 0 0 0 
6 47 15 0 644 227 219 20 4 0 0 43 0 0 0 
10 307 5 40 2871 109 2338 0 88 780 4 2351 32 849 84 
1 9 0 0 134 0 31 0 0 0 0 5 0 0 0 
4 74 2 4 1191 34 377 0 3 118 1 568 2 32 1 
2 7 1 0 144 7 13 0 0 0 0 2 0 0 0 
2 21 1 0 434 21 130 0 0 0 0 60 0 0 0 
8 94 23 5 1397 366 612 33 61 118 17 83 5 26 1 
3 151 1 2 1768 94 3286 0 5 140 0 591 1 29 0 
7 125 19 2 1435 721 2134 26 9 11 8 399 1 0 0 
16 92 91 29 1019 932 392 267 50 282 199 46 75 33 19 
3 50 2 1 1081 58 301 0 5 24 1 93 0 4 0 
8 183 23 5 2067 754 3863 32 50 353 19 310 4 37 1 
4 34 6 0 536 100 141 4 1 0 0 33 0 0 0 
3 112 1 2 1324 50 2298 0 5 132 0 259 1 16 0 
7 24 20 1 196 118 45 30 9 6 5 1 0 1 0 
3 72 1 2 710 4 1883 0 2 126 0 146 1 5 0 
4 75 4 2 770 85 1886 1 2 126 2 146 1 5 0 
7 204 12 9 1903 590 3353 7 43 448 15 347 9 50 4 
2 18 1 0 303 18 122 0 0 0 0 14 0 0 0 
7 105 14 7 1339 337 818 11 25 177 15 194 7 33 2 
4 68 6 0 759 198 1167 4 3 0 0 122 0 0 0 
1 6 0 0 37 0 9 0 0 0 0 6 0 0 0 
6 145 10 5 1780 358 2038 7 39 173 7 285 5 58 1 
6 38 15 0 736 142 104 20 24 0 0 43 0 0 0 
1 2 0 0 21 0 1 0 0 0 0 0 0 0 0 
3 21 3 0 151 42 125 1 0 0 0 17 0 0 0 
7 162 17 4 2162 747 1930 19 28 149 13 256 2 10 1 
3 9 2 1 60 11 22 0 0 7 1 0 0 0 0 
1 29 0 0 201 0 373 0 0 0 0 33 0 0 0 
2 13 1 0 97 13 50 0 0 0 0 16 0 0 0 
3 29 2 1 273 25 139 0 4 15 1 23 0 5 0 
6 75 15 0 761 373 2003 20 1 0 0 152 0 0 0 
11 198 44 11 2253 1294 3313 85 75 442 66 306 9 47 5 
3 8 3 0 194 16 5 1 0 0 0 4 0 0 0 
6 57 8 7 512 111 249 4 6 104 7 44 6 29 3 
7 129 13 8 1231 454 1607 10 0 212 14 229 7 54 4 
2 10 1 0 59 10 21 0 0 0 0 3 0 0 0 
5 91 6 4 1230 186 835 2 1 118 5 157 2 29 1 
5 109 3 7 1251 167 2138 0 8 229 2 209 5 12 3 
6 109 8 7 1250 280 2138 3 8 225 9 209 5 12 3 
5 118 9 1 1606 388 1670 7 31 10 3 499 0 6 0 
5 126 7 3 1391 260 2096 3 3 150 6 278 0 44 1 
3 4 1 2 15 1 1 0 0 7 0 2 1 0 0 
2 34 1 0 469 30 257 0 2 0 0 51 0 0 0 
4 14 6 0 173 42 44 4 0 0 0 4 0 0 0 
4 49 6 0 435 147 831 4 0 0 0 78 0 0 0 
1 12 0 0 261 0 49 0 0 0 0 17 0 0 0 
2 48 1 0 619 44 470 0 2 0 0 83 0 0 0 
2 18 1 0 261 18 99 0 0 0 0 9 0 0 0 
4 16 3 3 257 18 37 0 0 20 3 14 0 5 1 
1 2 0 0 46 0 1 0 0 0 0 0 0 0 0 
5 34 4 6 443 40 78 0 0 50 6 44 0 23 4 
3 65 3 0 702 122 957 1 4 0 0 92 0 0 0 
16 247 114 6 2725 3313 2659 478 53 196 80 1064 2 45 0 
6 132 9 6 1340 286 2021 5 17 298 6 212 9 21 0 
3 111 1 2 1429 51 1736 0 14 77 0 281 1 33 0 
2 29 1 0 314 29 243 0 0 0 0 25 0 0 0 
4 29 6 0 510 85 62 4 1 0 0 81 0 0 0 
5 150 5 5 1574 206 3251 1 4 308 4 311 4 39 1 
2 23 1 0 180 23 126 0 0 0 0 25 0 0 0 
4 20 6 0 176 56 121 4 2 0 0 16 0 0 0 
5 41 7 3 744 110 154 4 3 40 3 63 3 4 0 
1 36 0 0 534 0 577 0 0 0 0 53 0 0 0 
3 40 2 1 612 42 263 0 1 26 1 49 0 5 0 
4 11 6 0 29 25 17 4 4 0 0 2 0 0 0 
4 14 5 1 189 28 19 2 3 6 2 0 0 1 0 
2 33 1 0 422 33 166 0 0 0 0 300 0 0 0 
1 6 0 0 32 0 12 0 0 0 0 3 0 0 0 
5 24 9 1 516 80 60 7 3 10 3 15 0 0 0 
3 52 1 2 462 31 397 0 5 39 0 60 1 12 0 
4 49 4 2 543 76 295 0 11 47 4 47 0 1 0 
2 5 1 0 108 5 3 0 0 0 0 7 0 0 0 
1 23 0 0 245 0 230 0 0 0 0 23 0 0 0 
3 104 3 0 1042 202 2260 1 3 0 0 551 0 0 0 
2 7 1 0 110 7 10 0 0 0 0 1 0 0 0 
1 6 0 0 54 0 12 0 0 0 0 3 0 0 0 
1 22 0 0 313 0 199 0 0 0 0 32 0 0 0 
4 120 5 1 1264 242 3181 2 0 80 2 277 0 19 0 
9 172 35 1 2260 1160 2005 77 97 10 7 562 0 6 0 
6 92 14 1 947 314 1933 16 40 66 4 160 0 0 0 
2 26 1 0 326 26 269 0 0 0 0 56 0 0 0 
1 26 0 0 327 0 269 0 0 0 0 56 0 0 0 
3 79 2 1 712 75 490 0 4 13 1 885 0 31 0 
4 72 3 3 1110 60 646 1 11 80 0 180 3 27 0 
6 93 12 3 1397 397 1402 10 8 34 9 195 0 9 1 
1 27 0 0 455 0 114 0 0 0 0 237 0 0 0 
2 82 0 1 879 0 1986 0 0 64 0 183 0 9 0 
2 37 1 0 536 37 577 0 0 0 0 53 0 0 0 
1 43 0 0 416 0 826 0 0 0 0 77 0 0 0 
2 47 0 1 768 0 236 0 0 29 0 335 0 9 0 
1 26 0 0 327 0 269 0 0 0 0 56 0 0 0 
1 1 0 0 20 0 0 0 0 0 0 0 0 0 0 
2 20 1 0 474 20 148 0 0 0 0 42 0 0 0 
3 135 2 1 1191 141 3851 0 0 85 1 260 0 22 0 
4 114 5 1 1391 250 1081 2 4 28 2 923 0 28 0 
2 16 1 0 190 16 57 0 0 0 0 8 0 0 0 
5 26 8 2 268 83 79 5 3 15 4 17 1 0 0 
5 168 0 10 1625 0 1042 0 0 138 0 1717 0 267 10 
2 13 0 1 212 0 38 0 0 13 0 10 0 0 0 
2 129 0 1 1163 0 3839 0 0 85 0 257 0 22 0 
4 31 6 0 544 91 112 4 1 0 0 26 0 0 0 
2 4 1 0 66 4 3 0 0 0 0 0 0 0 0 
1 14 0 0 251 0 72 0 0 0 0 19 0 0 0 
6 84 14 1 1202 334 735 16 19 48 4 575 0 0 0 
2 71 1 0 897 67 1106 0 2 0 0 301 0 0 0 
5 115 8 2 1239 298 826 5 19 64 4 936 1 30 0 
4 45 4 2 276 63 240 1 6 34 2 52 1 13 0 
2 82 1 0 985 72 2092 0 5 0 0 173 0 0 0 
1 15 0 0 247 0 99 0 0 0 0 6 0 0 0 
1 5 0 0 95 0 10 0 0 0 0 0 0 0 0 
4 73 1 5 740 6 686 0 6 107 0 144 2 47 2 
1 23 0 0 309 0 203 0 0 0 0 50 0 0 0 
3 8 3 0 31 12 7 1 2 0 0 2 0 0 0 
1 35 0 0 329 0 477 0 0 0 0 118 0 0 0 
1 1 0 0 17 0 0 0 0 0 0 0 0 0 0 
1 17 0 0 156 0 115 0 0 0 0 21 0 0 0 
1 5 0 0 109 0 5 0 0 0 0 5 0 0 0 
2 18 1 0 279 18 93 0 0 0 0 28 0 0 0 
1 1 0 0 5 0 0 0 0 0 0 0 0 0 0 
2 4 1 0 126 4 2 0 0 0 0 1 0 0 0 
1 1 0 0 1 0 0 0 0 0 0 0 0 0 0 
1 5 0 0 60 0 10 0 0 0 0 0 0 0 0 
1 4 0 0 30 0 4 0 0 0 0 2 0 0 0 
1 5 0 0 84 0 9 0 0 0 0 1 0 0 0 
1 15 0 0 92 0 76 0 0 0 0 29 0 0 0 
1 14 0 0 251 0 72 0 0 0 0 19 0 0 0 
1 66 0 0 663 0 1994 0 0 0 0 151 0 0 0 
1 3 0 0 49 0 3 0 0 0 0 0 0 0 0 
1 66 0 0 663 0 1994 0 0 0 0 151 0 0 0 
1 5 0 0 8 0 9 0 0 0 0 1 0 0 0 
