0 1
1 2
3 2
4 5
0 4
0 6
7 3
8 3
0 9
7 0
3 10
11 10
12 0
1 13
10 1
12 3
3 13
12 14
15 16
3 14
6 1
7 4
7 12
11 13
3 6
17 4
6 4
9 4
18 19
12 13
6 20
11 2
12 1
0 5
11 1
7 14
7 1
0 20
12 6
10 2
14 5
5 2
20 13
8 4
10 5
8 2
0 10
12 9
17 0
14 6
9 2
11 9
21 22
14 13
17 20
6 5
23 24
8 11
11 17
13 2
14 20
17 13
14 10
17 5
10 4
12 20
17 10
4 13
7 6
12 4
20 1
3 20
3 0
12 10
11 0
3 9
11 12
8 17
9 10
4 2
7 5
9 13
10 20
11 14
23 25
7 20
14 1
10 13
12 5
0 14
5 1
11 5
4 20
0 2
14 4
17 9
5 13
5 20
9 5
17 2
11 20
12 17
9 26
3 1
8 12
12 2
20 2
17 27
17 6
17 14
14 2
1 26
28 11
29 1
30 31
11 32
10 26
5 26
13 26
17 26
6 10
7 11
7 26
9 6
28 14
32 33
4 26
6 26
27 20
7 13
7 10
6 13
34 35
7 17
7 9
0 27
36 1
37 17
8 1
38 20
29 39
40 41
24 25
20 26
8 13
8 9
12 27
28 42
4 43
36 38
27 5
28 38
0 26
8 5
36 17
12 37
42 2
7 44
14 42
36 29
27 4
27 2
45 46
12 44
38 14
12 26
28 39
14 9
7 29
8 0
8 20
11 26
3 27
8 6
47 34
9 27
39 20
8 39
8 37
48 49
7 2
28 32
37 0
9 43
28 1
50 51
6 2
43 2
32 10
6 42
8 27
38 52
53 51
11 27
7 39
3 36
17 43
6 39
12 36
52 5
40 54
38 2
42 20
36 52
7 42
38 42
27 43
8 14
55 1
32 42
3 38
28 6
10 43
38 0
37 2
14 26
29 38
37 5
55 39
56 57
42 5
7 38
7 8
3 42
36 9
52 6
37 36
29 5
27 13
38 13
58 59
60 61
39 5
38 6
5 43
52 39
62 1
11 42
27 10
47 63
8 38
52 20
38 39
40 25
64 25
42 10
29 14
12 38
11 37
12 52
11 36
65 34
0 39
32 4
28 55
8 42
11 38
12 43
38 17
40 64
23 64
66 59
28 0
52 1
36 4
29 4
0 42
29 6
43 13
41 25
28 13
38 55
42 13
52 0
67 68
28 52
62 29
29 55
0 43
69 16
17 44
3 52
62 38
38 10
70 71
36 2
62 5
8 36
28 10
14 39
20 43
11 43
72 73
55 27
3 32
74 75
29 2
62 55
29 52
39 4
12 39
7 76
12 55
3 39
77 78
28 36
38 79
52 42
9 44
11 29
38 27
79 2
6 76
42 39
8 52
6 32
52 13
7 27
9 80
7 55
39 10
8 29
36 5
54 41
32 1
62 4
76 20
47 59
11 39
55 5
62 9
8 10
36 20
81 82
83 84
85 86
3 29
17 39
37 43
28 17
38 9
6 87
88 89
9 39
44 26
14 55
39 43
8 32
62 12
17 42
6 27
7 37
39 2
75 90
29 10
27 39
37 27
39 26
55 2
38 26
29 26
91 92
14 43
9 42
44 13
62 39
93 94
76 5
55 4
36 27
7 36
95 85
39 13
37 9
26 2
62 17
29 42
17 32
12 42
0 44
96 97
79 13
55 26
98 99
27 26
29 0
37 1
52 80
36 26
66 100
28 27
101 102
37 26
12 29
44 20
62 20
36 13
103 90
12 76
63 59
36 55
42 27
32 39
104 48
105 48
28 62
62 6
37 32
106 67
76 39
107 108
29 27
76 10
100 34
74 99
11 62
14 44
85 109
62 13
76 13
62 3
110 111
62 2
3 19
111 112
76 2
29 44
85 113
38 76
55 13
104 105
62 27
29 13
114 115
62 0
62 52
11 76
116 117
14 79
79 5
58 118
3 76
113 109
6 43
37 29
47 119
12 79
19 4
7 43
55 43
55 10
19 43
7 62
11 55
120 90
74 121
40 24
66 47
104 49
122 71
29 20
4 79
55 9
29 43
87 1
79 20
52 14
17 79
19 10
105 49
37 38
123 124
43 26
68 125
62 37
126 127
21 102
42 43
37 55
43 1
76 42
29 17
87 5
47 50
76 43
128 129
52 43
130 131
132 90
18 42
133 101
114 134
135 49
29 9
111 50
29 76
37 52
136 137
17 76
138 59
8 43
8 79
139 140
141 30
142 30
143 144
145 146
58 147
134 148
24 41
111 149
39 87
150 151
15 152
111 53
38 87
153 154
115 134
100 63
111 129
27 79
80 26
111 130
62 10
47 35
155 112
143 59
76 32
29 87
156 130
108 157
122 70
38 33
27 80
0 87
155 111
111 51
155 158
159 84
160 129
134 30
69 152
161 162
149 129
66 111
14 33
50 119
45 163
160 164
119 51
79 43
165 166
58 167
161 111
9 79
168 169
8 76
111 170
171 172
160 161
160 111
3 79
14 21
161 128
32 26
173 127
174 146
175 176
173 177
178 117
179 180
8 26
181 182
131 170
183 184
133 0
33 10
185 59
40 186
187 188
189 34
78 84
190 34
76 1
101 21
178 191
192 193
111 194
195 117
196 197
58 146
198 158
3 80
110 112
147 59
42 79
6 79
118 167
42 33
0 76
199 200
171 201
202 203
204 35
8 80
162 131
79 205
206 59
14 27
102 207
28 79
14 208
209 146
210 59
108 78
208 10
19 1
101 22
136 197
111 211
14 22
195 191
129 162
45 212
47 128
163 213
214 215
70 45
172 216
11 208
164 162
163 203
217 50
161 167
208 4
172 167
12 87
218 78
219 58
64 220
129 167
221 94
222 140
208 26
14 87
112 50
29 79
223 224
24 174
219 118
94 146
111 200
147 146
45 71
214 99
119 211
225 83
0 102
226 227
50 211
44 208
0 79
228 229
12 208
230 64
177 127
21 231
105 61
232 20
121 36
174 25
233 106
118 59
234 75
66 171
147 118
112 211
97 166
174 41
62 14
119 204
45 25
105 235
236 172
7 208
212 46
208 20
104 61
230 25
237 105
238 239
23 213
126 240
219 241
134 242
74 234
241 118
225 84
54 220
16 242
37 44
243 244
146 176
147 176
209 176
174 220
232 44
11 215
212 71
104 237
245 16
44 21
201 246
23 45
247 94
8 44
217 51
36 10
174 54
219 147
248 16
221 146
11 232
49 235
134 16
230 24
9 87
249 16
218 159
9 208
33 2
178 16
111 131
250 45
251 105
23 174
47 189
215 5
141 252
58 138
152 253
218 83
220 25
107 157
3 254
230 41
6 21
250 212
21 20
129 131
226 255
64 146
177 240
4 215
219 59
251 49
226 256
23 146
21 257
70 212
176 158
64 54
230 220
7 22
102 20
18 4
173 240
76 26
201 216
237 49
196 137
78 83
219 167
258 140
66 201
44 215
95 37
23 230
259 117
159 260
66 167
261 90
0 215
101 20
232 14
12 232
164 131
22 199
250 105
61 49
161 164
177 126
218 260
0 101
136 262
195 16
161 129
58 176
127 240
60 263
250 104
4 254
173 126
264 114
88 265
266 267
24 220
268 269
50 53
22 257
270 271
12 215
241 147
104 235
215 13
179 272
251 104
92 258
78 31
250 49
273 274
111 164
66 216
78 225
232 10
14 257
7 232
209 158
9 76
275 16
276 30
250 70
76 16
218 225
62 87
88 90
232 13
232 6
195 259
178 275
44 257
3 215
17 232
178 259
117 16
232 5
114 148
270 277
196 262
278 279
232 26
280 281
10 254
44 22
232 9
282 283
1 257
211 284
241 176
226 285
107 286
287 288
88 289
157 286
290 167
291 146
254 13
292 35
291 167
287 183
265 90
264 293
275 195
76 245
294 146
112 51
6 254
275 259
20 254
275 117
26 257
114 293
107 295
259 16
238 287
7 257
215 1
218 31
108 295
118 176
250 71
296 297
9 254
296 269
95 88
286 295
9 215
241 59
91 258
0 254
14 254
219 176
298 183
299 297
286 300
251 61
83 31
293 148
56 147
134 245
6 257
247 146
12 254
178 195
249 245
211 51
62 43
44 27
80 39
108 301
19 0
8 62
302 303
38 43
62 44
304 77
135 181
80 13
27 87
12 80
115 30
47 305
11 33
47 43
306 47
65 111
76 27
18 6
120 307
305 308
309 172
87 102
17 87
87 4
202 163
223 310
86 16
3 87
5 311
37 76
87 13
39 79
312 112
112 313
314 315
95 58
80 4
19 26
100 305
305 50
87 20
316 140
52 79
11 18
187 317
62 42
237 140
318 98
149 319
87 2
19 5
44 2
47 129
320 321
322 16
323 216
324 105
112 325
326 58
327 204
321 328
221 329
18 26
52 76
330 331
18 5
62 26
111 142
332 306
333 334
135 105
204 34
305 30
142 144
90 30
335 30
294 336
19 6
148 30
337 132
307 90
34 172
95 16
36 338
339 36
78 340
18 0
341 166
276 307
342 0
0 80
59 144
316 343
18 2
344 90
345 346
18 12
347 346
348 349
226 85
112 308
18 13
80 10
161 204
135 343
307 30
18 9
135 48
33 20
90 144
197 112
276 90
19 42
350 1
351 352
353 354
355 146
12 19
342 10
356 327
163 357
78 358
112 137
342 4
359 271
93 278
337 360
180 272
110 34
342 5
117 216
111 361
362 112
55 363
228 142
161 361
364 112
361 131
361 164
129 361
282 224
365 366
367 30
115 162
30 244
278 94
148 204
148 162
359 277
368 30
148 119
369 265
287 184
132 307
370 235
18 14
129 119
371 334
314 59
266 98
129 59
0 311
101 87
372 39
32 44
87 79
373 294
374 10
85 59
305 375
226 90
324 104
237 376
34 90
11 87
153 16
267 167
318 99
19 14
29 80
80 79
369 377
161 119
66 63
75 132
87 43
152 248
306 34
310 378
311 2
18 39
143 379
204 131
139 380
310 224
381 170
135 104
143 142
98 172
37 121
380 382
324 344
143 34
383 140
34 127
384 385
112 323
34 315
164 204
228 292
110 325
42 87
119 131
164 119
18 43
19 2
386 25
312 308
142 383
306 144
8 19
369 292
214 98
387 146
388 389
390 237
281 382
391 144
76 87
102 392
111 315
165 393
394 395
134 396
397 398
91 106
306 43
18 17
334 105
18 10
32 80
371 384
399 101
305 31
400 146
343 237
370 71
68 172
101 392
238 401
226 172
402 403
90 172
110 106
404 405
75 99
252 406
121 407
47 314
143 383
237 408
409 410
411 89
412 413
19 76
214 406
134 305
414 415
374 16
144 35
44 43
112 305
106 408
416 417
280 257
418 415
247 417
17 311
91 408
47 323
103 235
152 86
419 154
112 78
43 420
86 315
93 349
77 112
93 348
421 422
143 314
76 80
18 38
423 235
8 18
304 78
379 405
28 252
19 55
60 135
34 99
424 25
425 394
135 426
37 427
135 237
62 79
428 429
430 431
20 311
112 129
379 315
12 432
74 337
364 128
315 59
391 34
111 59
14 432
252 2
129 305
379 59
365 346
139 433
434 205
110 204
353 314
104 384
435 436
384 105
34 68
95 315
120 203
111 305
18 52
318 305
437 438
439 303
141 440
110 129
271 311
161 305
305 164
324 371
11 151
269 308
11 19
305 441
38 406
95 47
95 442
181 140
105 140
191 388
74 105
232 420
212 163
47 117
85 305
443 305
444 305
305 445
353 315
435 446
294 16
105 163
311 13
44 79
447 16
3 372
107 448
36 445
120 423
112 286
412 36
449 25
60 237
62 76
112 119
337 181
111 153
449 64
74 450
42 432
90 31
255 311
451 305
333 383
7 19
7 432
3 406
111 90
344 0
370 103
452 349
90 99
47 328
453 267
343 181
34 454
363 25
18 29
100 273
424 41
259 153
213 431
414 43
324 384
228 153
120 334
259 90
105 181
384 49
336 315
19 20
40 424
449 41
112 34
455 456
112 90
344 14
112 457
107 458
74 104
112 311
34 314
11 372
18 55
459 388
324 49
106 90
112 460
104 140
314 90
47 273
334 235
143 461
379 314
318 383
214 462
77 340
344 257
39 432
294 463
135 92
18 165
464 258
465 34
218 466
333 105
47 149
273 16
152 447
152 16
68 409
163 350
108 112
34 43
405 109
252 20
467 468
149 469
344 314
129 90
371 333
132 181
198 460
470 471
472 344
355 2
28 434
52 406
473 16
6 406
110 306
45 257
111 35
19 389
255 474
172 140
370 334
374 273
134 129
104 334
44 80
379 461
50 34
306 142
166 475
194 131
449 54
19 146
344 5
467 111
476 16
155 315
424 54
15 447
226 344
9 432
204 153
371 105
161 112
477 230
478 209
406 1
371 406
479 480
333 90
481 331
88 188
430 418
306 172
143 111
23 424
47 482
181 49
23 449
302 30
188 360
112 164
371 181
120 235
74 47
483 484
438 30
485 486
66 53
483 191
487 381
7 18
488 41
375 164
77 311
236 34
90 489
18 20
37 406
104 181
488 25
490 491
106 99
4 406
19 366
267 492
0 406
336 217
106 309
302 308
135 493
383 30
143 68
471 295
494 495
437 143
85 405
255 227
34 496
135 78
3 432
449 230
90 311
37 105
27 363
497 68
425 146
498 227
334 203
499 200
103 181
500 501
157 502
104 333
266 182
385 181
472 25
333 140
18 406
370 120
178 503
143 16
23 488
333 309
110 119
110 305
59 244
111 134
440 504
217 242
266 163
266 505
506 507
60 105
120 255
508 35
237 509
313 457
44 87
481 170
141 31
261 255
305 510
472 59
90 140
511 512
291 513
514 235
455 446
214 515
43 231
516 517
302 141
37 445
87 26
438 308
324 385
483 50
518 184
361 519
266 34
47 520
394 163
21 207
50 328
343 105
53 328
106 320
294 521
49 140
232 522
94 388
430 523
112 524
36 305
525 349
209 221
58 526
302 134
398 370
48 140
74 34
390 91
355 527
36 105
528 146
292 30
370 122
529 530
192 531
532 526
459 170
54 186
62 420
533 68
11 252
141 496
534 535
112 383
37 19
452 522
5 432
536 231
537 407
343 49
538 91
498 539
540 25
261 37
101 202
155 539
75 172
373 541
29 348
542 68
66 50
111 34
378 543
495 544
545 320
258 415
430 314
533 314
195 503
444 546
547 163
403 388
60 104
34 383
417 331
548 549
423 71
129 524
461 68
38 252
104 371
129 34
142 244
348 550
214 16
58 361
482 305
134 438
343 104
11 548
379 542
135 36
202 431
136 406
483 49
361 551
136 297
164 323
455 552
553 134
437 305
90 554
495 333
455 534
292 308
394 214
112 99
92 320
136 47
129 35
139 316
555 308
556 456
53 172
144 30
359 500
557 305
47 383
341 475
558 534
23 540
314 354
99 144
559 510
560 350
561 562
563 193
143 243
143 564
128 34
461 34
9 565
143 244
524 566
71 235
108 416
390 408
19 17
414 430
567 357
284 35
14 146
143 90
19 29
205 13
374 314
560 163
266 358
63 158
104 37
129 211
506 167
451 524
481 568
569 52
531 570
355 425
323 314
379 321
237 505
36 77
92 237
431 522
21 567
567 257
79 537
110 571
22 567
318 111
68 328
515 59
124 323
336 63
333 112
40 394
105 385
104 385
78 90
143 517
555 31
315 354
144 31
135 77
496 31
438 31
484 63
302 31
37 85
129 53
19 39
398 111
68 59
259 425
343 48
80 363
330 267
104 163
141 305
305 360
524 34
111 117
305 572
545 573
87 392
306 129
206 201
58 113
370 70
114 574
575 146
230 491
264 574
482 274
576 322
36 350
348 352
66 34
47 229
499 409
111 63
251 106
28 372
577 59
134 555
36 271
134 578
60 276
187 55
42 406
455 579
143 354
116 313
243 315
202 257
74 490
372 27
305 146
18 62
52 414
302 34
580 502
142 146
388 279
174 231
472 420
427 481
210 138
105 90
482 100
226 153
581 305
355 42
226 311
406 13
582 583
310 389
413 517
584 410
334 71
74 50
585 207
36 394
266 215
58 198
586 79
153 311
394 488
143 587
588 589
262 113
451 292
59 35
237 358
302 482
161 47
516 231
590 591
76 44
78 153
350 389
92 140
17 406
135 112
592 207
593 305
314 172
44 25
376 140
120 103
305 594
161 467
107 77
472 140
77 146
119 307
425 595
101 512
596 410
467 34
74 235
143 409
161 216
305 597
598 305
334 383
129 30
110 161
361 51
371 163
50 172
305 571
425 527
226 121
305 599
484 600
104 90
343 92
426 140
141 292
426 105
112 380
133 64
104 426
366 388
204 90
141 555
62 187
141 438
601 113
591 172
305 99
307 311
372 42
19 52
93 10
535 602
336 16
261 360
603 230
312 457
17 604
129 216
453 111
227 409
223 549
230 231
266 30
111 498
110 164
36 142
37 142
112 327
431 68
143 562
237 48
315 245
165 565
374 320
36 414
355 406
582 305
605 539
518 307
305 606
305 607
608 305
609 305
68 405
36 89
136 306
305 307
149 172
318 30
610 611
424 386
15 248
12 604
460 313
4 604
9 604
330 130
452 350
598 10
451 555
2 604
230 203
119 90
173 59
77 90
451 215
139 612
451 99
312 460
359 94
226 307
156 317
516 10
37 79
494 140
77 105
56 252
527 468
305 90
164 216
314 68
111 216
223 347
106 542
305 215
355 79
465 539
65 47
424 420
108 272
305 394
348 293
337 99
171 337
19 13
215 420
613 58
440 614
310 615
406 2
383 59
78 307
92 461
92 464
308 30
616 360
355 13
132 617
171 214
5 406
214 132
252 618
324 42
379 354
228 59
509 172
619 620
324 62
613 114
43 146
621 275
112 314
322 447
464 344
34 51
142 59
175 146
14 207
516 146
479 179
116 622
443 211
139 112
623 116
495 140
324 320
133 87
110 497
78 305
116 487
269 30
293 349
161 35
312 211
4 158
187 27
555 34
19 496
135 595
45 203
379 113
77 376
120 105
143 489
34 578
451 438
42 146
312 116
133 186
334 140
90 423
394 186
483 305
309 144
217 349
37 411
135 204
100 85
360 297
369 214
488 522
135 516
147 314
428 624
214 68
559 305
399 512
174 117
516 493
357 49
334 406
461 59
62 372
324 202
625 389
337 113
9 406
521 163
575 611
47 68
526 175
58 358
626 14
318 110
627 49
120 628
302 53
129 498
123 293
123 94
361 50
204 172
19 80
139 343
361 204
134 59
379 525
361 53
384 48
629 272
136 610
303 492
556 552
324 48
37 77
358 314
103 423
191 389
630 25
376 49
161 194
399 102
482 63
65 248
487 90
610 252
266 337
490 234
355 5
27 406
318 144
19 44
112 337
111 78
376 78
74 144
535 446
626 213
559 438
425 163
129 31
449 24
318 134
531 475
19 305
453 156
62 384
494 112
60 233
155 605
141 47
362 323
371 425
490 105
237 90
330 317
334 103
355 80
374 628
29 406
47 214
135 90
47 140
318 132
37 146
631 68
318 171
468 35
161 153
380 99
74 59
47 406
132 49
211 117
187 1
19 112
199 231
76 207
306 66
112 59
34 446
37 372
93 36
431 420
318 90
142 632
633 346
18 344
516 634
312 117
414 151
217 315
210 514
449 488
74 49
318 129
3 344
179 267
112 4
219 131
635 506
353 172
449 174
7 311
197 636
37 590
398 90
358 637
324 181
526 629
1 432
315 43
146 420
132 215
14 638
100 51
379 409
514 71
189 63
344 174
394 25
337 454
379 100
91 594
639 590
355 628
344 42
92 495
306 482
478 58
413 36
371 640
36 641
109 410
237 642
37 78
47 146
455 602
50 153
350 388
135 103
112 43
472 146
251 631
62 363
516 353
40 135
142 99
574 127
77 305
78 311
305 321
143 140
557 63
371 464
437 63
47 100
304 59
449 420
602 446
482 456
153 409
494 333
111 520
507 59
134 63
305 98
426 106
19 555
302 19
92 105
57 389
485 375
551 331
621 424
214 182
130 216
643 534
361 119
370 203
120 514
47 530
303 482
379 516
134 131
63 30
18 87
157 580
28 311
149 204
155 161
464 105
19 90
623 112
482 53
567 90
644 112
461 90
164 35
557 59
152 273
645 618
371 203
467 164
8 344
143 99
556 579
112 487
100 59
155 129
495 112
18 79
325 158
38 363
55 311
155 164
46 295
306 30
484 34
85 16
453 216
161 134
92 602
15 646
449 163
42 516
384 181
333 406
337 516
112 451
42 420
490 49
413 34
559 555
134 164
155 647
559 496
75 103
100 43
559 292
294 86
311 407
12 355
75 68
514 423
351 615
465 510
129 520
50 43
315 172
188 311
214 600
350 26
52 205
305 214
53 43
516 34
648 590
168 649
92 235
636 468
305 337
102 512
88 33
414 539
504 650
171 305
59 16
121 590
236 134
643 239
161 90
204 51
478 147
163 540
50 204
533 213
651 506
177 389
27 565
405 410
10 406
397 90
18 355
110 68
596 388
586 355
482 59
12 406
237 311
266 203
652 105
18 27
161 77
77 307
653 420
59 517
355 25
72 554
88 414
69 447
5 420
119 53
326 654
5 297
334 423
161 307
129 307
21 163
38 372
344 34
619 317
19 619
655 79
318 467
90 131
344 420
198 47
212 203
324 425
136 53
149 53
348 656
18 76
37 255
77 164
77 129
19 307
370 423
135 153
230 117
379 657
112 632
129 50
619 406
333 428
204 53
60 49
334 428
344 203
651 480
658 449
372 254
449 630
19 345
129 566
371 87
511 516
112 307
659 426
24 424
660 112
355 43
149 34
38 376
136 50
191 350
305 132
452 142
631 409
375 90
110 121
619 389
374 145
136 166
105 640
145 425
19 27
305 309
123 618
21 592
111 171
352 349
105 203
485 138
23 163
305 388
355 27
194 469
318 43
424 231
427 661
662 544
100 112
318 31
47 131
449 231
147 180
78 105
36 78
237 493
42 434
122 235
442 663
101 258
318 409
93 314
313 323
499 421
423 203
112 5
78 448
59 127
74 232
647 519
633 552
305 211
464 140
132 172
112 388
112 599
145 527
276 180
226 305
306 189
355 166
47 31
623 308
136 34
608 112
516 166
223 515
437 269
664 665
305 204
610 350
398 131
282 305
493 309
483 82
328 308
318 124
120 71
104 640
50 307
342 26
320 113
43 432
139 132
315 257
132 103
302 51
112 30
333 129
90 409
267 216
412 179
23 363
383 146
436 307
214 144
237 307
14 406
455 166
155 468
58 471
166 556
409 405
507 535
178 112
36 76
33 406
490 59
18 163
214 146
237 112
454 90
139 104
355 163
449 394
307 53
379 353
398 624
666 206
667 311
173 394
296 424
229 211
458 78
37 188
379 106
344 589
643 602
334 446
93 217
424 630
371 320
498 34
661 131
6 146
320 207
93 191
215 142
87 406
494 92
320 49
668 179
669 486
595 43
477 462
237 163
566 131
110 519
315 244
591 144
161 566
104 490
406 26
334 385
237 383
107 78
385 640
62 670
464 385
337 90
179 572
278 630
333 385
24 44
297 671
372 2
143 237
672 253
93 389
673 186
206 375
401 194
663 554
160 34
160 468
146 13
215 90
136 100
77 26
585 674
483 172
100 36
36 53
221 675
676 619
110 361
628 20
36 50
47 36
542 631
99 30
449 677
165 26
450 215
143 499
232 653
450 99
132 678
105 25
6 595
157 674
487 308
644 308
93 154
674 502
106 34
573 665
112 679
680 507
344 146
32 434
19 78
34 140
123 93
308 622
479 272
112 554
327 308
112 594
112 681
112 682
548 112
333 415
88 406
323 117
36 627
36 446
110 47
591 16
10 628
139 683
40 305
112 481
472 516
90 235
119 172
36 90
223 684
34 517
631 244
42 205
40 84
36 307
40 555
685 481
103 99
379 410
686 510
111 43
77 163
142 172
189 59
153 30
668 267
266 567
305 119
168 211
369 168
8 363
516 317
517 127
344 43
155 369
465 388
105 493
394 527
143 315
474 207
122 120
