0 1
2 3
3 4
1 5
3 5
6 7
0 6
0 8
9 3
10 3
0 11
9 0
3 12
2 12
13 0
1 14
12 1
13 3
13 15
16 17
4 1
8 1
9 6
9 13
3 18
3 8
4 6
8 6
11 6
13 14
8 19
2 5
13 1
0 7
2 1
3 6
9 15
9 1
0 19
13 8
12 5
15 7
7 5
12 7
10 5
0 12
13 11
4 0
15 8
11 5
11 19
2 11
11 1
20 21
4 19
8 7
22 23
10 2
2 4
15 19
15 12
4 7
12 6
13 19
4 12
2 6
6 14
9 8
13 6
19 1
3 19
3 0
13 12
2 0
3 11
2 13
10 4
11 12
6 5
9 7
3 7
12 19
2 15
22 24
9 19
15 1
13 7
0 15
7 1
2 7
6 19
0 5
15 6
4 11
7 14
7 19
11 7
4 5
2 19
13 4
11 18
3 1
10 13
13 5
2 8
19 5
4 25
4 8
4 15
15 5
26 2
27 1
28 29
2 30
12 18
7 18
4 18
8 12
9 2
9 18
11 8
26 15
6 18
8 18
25 19
30 19
9 14
9 12
31 32
9 4
9 11
0 25
33 1
26 19
34 4
35 1
10 1
35 19
27 36
37 38
23 24
19 18
10 11
6 39
33 35
25 7
26 35
0 18
10 7
33 4
26 27
15 40
33 27
25 6
41 42
13 43
35 15
13 18
26 36
9 27
10 0
10 19
2 18
3 25
10 8
11 25
36 19
10 36
44 45
9 5
30 14
36 1
8 43
11 39
26 1
46 47
8 5
26 6
10 25
35 48
2 25
9 36
3 33
8 36
13 33
35 6
48 7
35 5
33 0
33 48
13 30
25 39
10 15
49 1
33 8
3 35
26 8
12 39
35 0
15 18
34 3
27 35
34 7
49 36
40 7
9 35
9 10
33 11
26 5
48 8
26 3
27 7
48 6
36 7
35 8
7 39
48 36
2 43
50 1
25 12
10 35
48 19
35 36
51 52
27 15
13 35
2 34
13 48
2 33
53 54
0 36
10 40
2 35
48 5
13 39
35 4
22 55
34 19
26 0
48 1
33 6
27 6
27 8
9 48
39 14
26 7
35 7
35 49
48 0
26 48
50 27
27 49
22 38
3 48
51 56
50 35
35 12
33 5
50 7
10 33
26 12
15 36
2 39
49 25
27 5
27 48
36 6
48 49
13 36
13 49
57 58
3 36
26 33
11 43
2 27
35 25
49 19
10 48
2 48
9 25
11 59
9 49
36 12
10 27
60 38
50 6
61 62
2 36
49 7
50 11
10 12
26 63
33 19
64 65
3 27
4 36
3 43
49 59
35 11
33 39
11 36
43 18
36 39
0 49
33 15
8 25
36 5
66 67
27 12
41 68
25 36
34 25
36 18
35 18
48 12
10 26
27 18
15 39
43 12
11 40
47 69
50 36
26 18
49 6
34 14
33 25
9 33
70 71
18 5
50 4
48 4
13 40
0 43
49 18
27 0
34 1
33 18
72 73
13 27
74 75
43 19
50 19
76 77
58 67
48 18
33 36
78 44
79 44
26 50
76 80
50 8
61 81
82 83
27 25
63 12
2 50
71 84
50 3
50 5
51 74
27 43
71 85
49 14
78 79
50 25
50 0
50 48
2 63
8 39
34 27
86 6
49 39
49 12
9 50
2 49
87 88
53 89
72 61
78 45
4 49
90 91
27 19
48 11
92 1
48 15
86 12
79 45
61 93
33 94
95 96
39 18
97 98
50 34
34 49
50 33
99 100
27 4
92 7
63 39
87 101
102 103
104 45
27 11
22 60
10 39
34 15
105 106
107 108
53 109
31 110
51 111
36 92
16 112
23 55
51 87
113 114
25 115
59 18
35 59
90 116
25 59
117 118
119 74
120 121
89 122
41 123
124 125
126 127
128 129
9 59
52 32
51 130
126 51
98 31
131 87
2 59
132 133
100 134
10 18
135 136
137 138
87 93
139 12
140 62
37 141
34 59
142 31
143 31
144 145
146 147
3 59
139 148
99 134
149 74
40 115
8 115
35 43
40 139
0 63
150 151
26 115
152 153
154 12
86 1
155 93
51 156
146 145
116 41
88 157
2 154
123 151
154 6
149 158
88 159
55 160
161 159
162 163
136 164
154 18
154 1
134 24
164 134
119 51
162 165
166 3
52 156
71 167
46 19
89 33
168 169
50 15
41 24
79 170
171 42
42 165
172 119
60 160
34 43
100 160
102 20
171 91
80 77
149 72
83 173
10 43
174 81
33 12
150 175
176 168
177 28
136 134
45 170
99 23
173 178
160 134
22 100
179 180
82 152
173 65
99 38
101 127
55 134
181 182
23 134
102 19
183 45
22 134
116 171
99 160
132 182
72 184
43 47
103 19
46 15
21 185
186 79
168 75
0 103
146 17
187 188
21 18
49 30
46 6
97 189
190 191
192 80
176 75
78 170
193 194
183 78
8 47
186 45
195 72
196 197
198 199
200 201
46 12
9 46
21 19
116 42
202 75
62 75
38 134
46 8
146 203
144 204
4 46
189 205
46 18
43 21
1 206
138 75
207 208
152 209
169 75
178 29
210 159
7 211
212 67
213 134
42 91
19 211
211 18
189 214
176 134
186 91
215 216
200 178
209 114
183 217
64 29
83 201
8 206
135 134
218 110
144 146
4 47
156 81
50 39
10 50
35 39
50 43
219 220
59 5
25 92
13 59
221 28
61 39
33 115
158 88
92 222
4 92
92 6
150 123
7 94
33 59
49 115
92 14
36 115
59 6
223 224
224 225
48 115
196 226
59 39
2 166
50 40
6 94
111 227
87 156
86 7
43 5
228 79
229 137
166 18
49 63
94 1
230 231
166 7
166 1
50 18
232 223
233 234
104 79
224 28
86 35
110 108
235 28
86 8
236 67
31 88
166 0
237 129
238 236
239 0
0 59
62 108
166 5
240 67
123 175
166 13
241 242
207 71
74 243
104 44
244 74
245 1
246 134
8 59
13 86
239 12
123 247
200 248
239 6
139 14
239 7
249 250
251 74
220 248
252 161
253 28
28 254
255 170
13 94
166 15
256 257
48 43
101 52
258 234
0 94
103 92
71 62
224 259
177 242
89 94
34 94
260 69
261 262
2 92
191 159
86 15
27 59
122 62
131 52
26 166
224 263
94 5
217 206
104 78
166 33
34 89
228 240
31 133
15 59
136 130
31 264
149 265
166 39
86 5
266 24
223 108
92 267
10 86
268 69
269 270
51 264
12 94
195 271
223 39
166 4
234 79
30 59
272 103
273 134
255 91
59 19
274 275
66 122
89 276
277 278
255 279
268 280
98 224
135 281
4 94
215 282
58 170
283 284
285 153
114 286
287 288
3 94
166 34
220 74
289 290
166 59
166 35
291 170
10 166
224 88
292 275
86 49
293 24
34 294
295 118
19 94
292 264
13 296
15 296
105 297
298 154
299 148
149 250
25 94
86 300
11 94
301 79
31 302
303 151
304 77
51 224
10 94
2 165
145 269
53 79
2 94
171 123
224 305
219 224
306 224
307 264
308 309
79 123
94 14
3 310
303 291
74 209
311 88
312 313
314 62
315 285
40 296
67 29
316 221
9 86
9 296
317 318
255 58
95 288
319 320
73 198
68 118
196 39
228 301
303 234
203 67
79 313
88 108
240 15
113 286
74 94
129 321
166 49
228 45
322 67
181 269
74 323
234 170
220 324
36 296
119 325
53 260
122 88
173 326
233 79
61 111
37 327
120 328
123 245
180 19
329 286
258 233
2 246
113 163
330 240
246 5
73 311
302 254
53 47
8 280
41 206
51 32
39 94
255 234
78 234
43 59
292 331
129 284
86 134
78 33
240 7
332 17
207 240
250 333
258 79
334 99
73 88
280 1
258 280
310 6
335 231
295 197
319 129
313 45
336 337
74 161
303 170
338 28
9 166
319 269
74 134
339 38
220 94
328 122
166 19
30 310
34 280
30 180
6 280
340 108
341 174
342 243
245 94
104 343
107 302
344 120
226 345
259 286
208 226
3 296
34 79
346 134
234 151
58 313
152 347
78 233
190 348
349 313
330 24
255 303
350 351
51 98
31 93
174 352
190 123
33 134
303 226
218 226
353 354
210 355
101 88
179 31
279 170
356 357
342 179
34 358
338 243
319 134
359 109
190 31
360 123
361 79
362 28
45 106
72 363
229 94
364 288
12 134
365 255
366 28
246 367
33 79
368 134
255 90
50 369
2 180
179 366
95 370
7 296
371 215
372 373
374 24
218 34
125 224
103 150
95 375
172 373
66 88
27 376
278 377
51 31
378 266
120 379
216 378
295 380
104 94
381 196
291 91
35 180
78 258
101 31
153 281
376 382
137 252
2 383
104 33
238 29
150 118
316 98
67 384
357 177
360 268
385 340
101 32
93 88
22 374
274 71
94 134
107 386
107 387
87 31
331 31
11 388
91 170
86 4
15 134
107 67
310 14
86 27
389 380
190 248
78 34
101 156
246 346
33 220
175 206
42 123
120 94
302 351
390 62
215 110
233 74
37 360
54 276
200 67
12 391
392 29
6 393
394 29
104 220
319 395
34 71
86 391
230 191
78 123
380 122
223 101
255 116
396 134
397 164
398 399
33 245
61 400
183 322
401 369
33 80
187 238
402 49
40 280
107 403
386 264
150 206
236 384
333 384
110 134
404 28
294 335
261 405
79 67
406 73
207 333
246 40
207 94
280 14
278 318
234 91
407 115
333 94
408 409
404 394
115 94
342 406
33 280
63 43
245 270
385 106
104 74
303 58
224 405
315 302
330 106
42 410
220 134
224 333
346 411
103 354
38 141
329 31
53 170
131 157
412 413
383 224
258 123
224 414
404 415
207 89
187 416
35 94
107 417
418 79
50 402
271 32
139 129
398 419
341 17
218 337
4 420
101 157
319 321
421 156
128 388
389 340
33 196
246 280
224 422
423 373
224 424
224 425
426 224
302 275
33 427
125 223
428 404
10 420
99 151
52 67
220 67
429 323
131 430
431 164
207 236
220 79
224 67
127 157
319 241
432 373
83 194
376 214
268 31
86 14
272 433
78 94
8 94
79 94
280 5
277 434
385 435
246 14
54 436
134 270
31 333
7 280
292 403
437 123
438 88
255 41
128 0
39 134
74 380
439 134
120 106
360 440
102 92
319 270
89 441
442 28
402 25
338 31
342 404
104 411
46 293
41 151
303 79
67 291
360 141
443 17
158 108
174 288
393 444
86 346
168 380
268 302
445 224
272 354
100 147
53 446
439 343
247 45
234 280
50 310
11 280
447 448
74 80
315 158
256 45
372 161
252 225
105 361
301 44
228 44
34 220
389 134
248 380
58 291
145 270
260 31
272 222
190 312
449 450
246 7
367 451
25 280
74 312
445 338
346 123
67 328
51 325
73 142
166 134
187 452
31 114
258 346
449 79
33 128
230 453
234 58
246 59
61 54
27 280
361 418
104 67
454 260
220 333
286 62
402 1
86 74
185 446
287 33
149 32
166 240
429 147
455 279
53 45
74 6
248 456
1 296
264 39
340 110
51 174
13 310
247 151
279 91
240 100
215 405
246 457
385 120
261 416
151 24
357 419
245 269
104 58
74 39
330 134
220 224
327 369
419 309
140 458
31 29
377 101
418 322
86 392
412 270
263 436
268 348
459 177
362 31
255 151
303 279
460 406
172 131
86 67
461 286
175 67
112 198
95 462
10 240
463 118
120 74
464 460
319 437
49 94
223 28
101 147
327 123
465 151
449 122
153 325
301 313
74 404
40 369
92 466
66 58
213 155
13 246
279 291
101 467
336 94
245 18
224 268
439 31
385 170
333 122
224 312
447 257
94 44
250 81
468 168
123 374
25 388
275 469
12 280
166 246
470 269
407 246
13 280
190 151
166 25
62 318
246 24
319 180
51 220
327 346
471 196
7 369
52 93
236 161
7 393
234 291
101 236
20 123
240 31
86 472
240 369
171 151
228 346
125 93
230 135
166 63
397 145
261 473
34 226
417 245
340 31
36 94
86 333
255 66
86 236
255 291
292 474
34 388
101 225
472 280
187 45
475 159
476 31
258 92
246 39
111 31
27 94
35 262
125 225
145 245
95 110
259 477
125 129
306 199
79 478
290 231
15 94
479 346
86 25
79 151
480 311
22 123
246 25
111 481
40 299
90 170
454 482
421 483
291 151
33 74
74 7
102 272
435 106
283 134
74 269
246 129
319 390
319 364
229 245
437 245
365 161
303 91
25 420
78 478
225 236
239 18
381 388
39 296
0 420
342 81
373 345
67 482
246 19
22 466
484 217
57 333
15 280
357 129
485 425
137 163
144 74
166 123
268 134
105 78
246 123
327 360
132 360
486 293
263 156
292 322
459 419
234 309
293 487
258 340
359 31
372 31
8 134
334 488
489 161
102 6
131 489
78 449
280 490
412 475
89 224
491 129
312 67
23 43
393 490
2 134
492 141
315 259
51 341
493 384
126 31
125 351
220 18
125 85
33 93
33 123
494 472
74 495
496 260
7 134
303 175
327 497
128 18
79 24
8 411
498 74
74 499
500 290
240 134
501 74
51 94
74 405
74 502
74 503
471 280
26 262
33 309
107 72
330 439
223 29
67 170
411 409
31 318
37 366
74 286
51 39
220 123
224 52
10 466
449 54
240 39
172 195
79 343
362 29
123 134
90 303
