1 5 0.51926 4
1 29 0.81706 2
1 30 0.95663 5
2 17 0.68026 6
2 18 0.56625 3
2 24 0.71945 2
3 8 0.53553 3
3 32 0.77173 7
3 41 0.88195 9
4 10 0.96303 3
4 17 0.72596 6
4 44 0.68193 4
5 19 0.8351 4
5 38 0.85214 4
5 41 0.71295 11
5 45 0.89741 10
5 50 0.96706 5
6 9 0.97409 3
6 38 0.65978 3
6 39 0.83956 10
6 45 0.62147 10
6 52 0.7336 5
7 39 0.54043 9
7 55 0.92171 4
8 27 0.63303 3
8 32 0.7226 7
9 60 0.57554 5
10 32 0.76707 7
10 56 0.95159 5
11 14 0.85854 3
11 30 0.75405 5
11 45 0.88917 9
12 20 0.94229 2
12 42 0.50743 4
13 25 0.7697 5
13 43 0.79806 4
13 47 0.9479 5
13 49 0.97703 5
13 55 0.53411 6
14 47 0.50137 4
14 57 0.92641 7
15 35 0.6733 3
15 39 0.93327 10
15 45 0.67045 9
15 50 0.84522 4
16 39 0.54949 9
16 56 0.92163 4
17 25 0.66809 7
17 26 0.72824 7
17 32 0.56992 10
17 37 0.84834 6
17 44 0.74138 7
17 45 0.71288 12
17 58 0.93155 7
17 60 0.775 9
18 30 0.58479 5
18 45 0.7306 9
19 47 0.52273 4
20 41 0.78955 9
20 48 0.94314 6
21 41 0.50134 9
21 45 0.6306 8
22 28 0.97502 2
22 60 0.70701 5
23 32 0.95797 6
23 39 0.84739 9
24 56 0.67908 4
25 29 0.83297 3
25 32 0.85152 8
25 46 0.97186 6
26 34 0.67085 3
26 51 0.92536 4
26 52 0.83282 5
27 33 0.7643 3
27 39 0.83739 10
27 46 0.82733 6
28 39 0.83928 9
28 48 0.55582 6
30 39 0.58193 12
30 41 0.71726 12
30 48 0.61311 9
30 54 0.78652 6
30 56 0.58111 7
31 33 0.95269 2
31 39 0.83394 9
31 41 0.95201 9
32 39 0.63477 13
32 40 0.53194 7
32 41 0.72351 13
32 42 0.90752 8
32 48 0.60295 10
34 48 0.72702 6
35 41 0.99235 9
35 59 0.52473 3
36 40 0.9476 2
36 47 0.87465 4
37 39 0.73422 9
39 55 0.58511 11
39 56 0.73003 11
39 57 0.65262 14
39 58 0.70514 10
39 60 0.74253 12
40 45 0.70179 9
41 42 0.59704 11
41 45 0.73337 15
41 46 0.85299 12
41 52 0.87792 11
41 53 0.7584 11
41 60 0.52098 12
41 69 0.73227 9
41 70 0.80183 12
42 57 0.7513 9
42 58 0.72867 5
42 64 0.54289 4
43 45 0.66551 9
43 48 0.97062 7
43 81 0.93278 9
44 50 0.6461 4
44 57 0.52853 8
44 84 0.97682 4
45 59 0.69211 9
45 78 0.68462 9
45 81 0.67616 14
45 85 0.57754 13
45 90 0.68772 8
46 49 0.64463 7
46 78 0.60981 6
46 79 0.64577 12
46 85 0.79562 10
46 92 0.82271 6
47 79 0.52222 11
47 95 0.79251 4
48 51 0.56729 7
48 62 0.93516 8
48 67 0.63851 7
48 72 0.81817 9
49 52 0.81619 6
49 53 0.85653 6
49 54 0.94742 5
49 100 0.68784 5
50 96 0.62565 5
51 54 0.52078 5
51 70 0.79105 6
51 85 0.68928 8
52 60 0.77405 7
52 82 0.69749 5
53 65 0.91854 6
53 83 0.80716 4
53 87 0.62715 6
53 89 0.69892 5
53 95 0.57016 5
54 87 0.5517 5
54 97 0.96093 4
55 75 0.64256 5
55 79 0.55342 11
55 85 0.81426 9
55 90 0.82099 4
56 79 0.98358 11
56 96 0.58213 6
57 65 0.55083 8
57 66 0.93582 8
57 72 0.95174 10
57 77 0.85802 7
57 84 0.586 7
57 85 0.68458 12
57 98 0.84227 7
57 100 0.89112 8
58 70 0.58264 6
58 85 0.88528 8
59 63 0.83511 6
59 87 0.85014 4
60 81 0.82676 11
60 88 0.80936 7
61 81 0.97754 8
61 85 0.72781 7
62 68 0.96334 5
62 78 0.78132 5
62 82 0.8693 5
62 85 0.65263 9
62 91 0.59962 5
62 100 0.95633 6
63 72 0.91068 9
63 78 0.7842 6
63 79 0.79917 12
63 84 0.82766 6
63 87 0.89927 7
63 92 0.63545 7
63 96 0.78125 7
63 97 0.60294 6
64 96 0.98418 4
65 69 0.91152 3
65 72 0.64829 7
65 86 0.72358 4
66 74 0.93074 3
66 91 0.78732 3
66 92 0.6354 4
67 73 0.8428 3
67 79 0.84162 10
67 86 0.67666 3
68 79 0.5599 9
68 88 0.52574 4
70 79 0.98887 12
70 81 0.90247 11
70 88 0.89578 7
70 94 0.83727 5
70 96 0.53113 7
71 73 0.94133 2
71 79 0.51539 9
71 81 0.54812 8
72 79 0.68645 12
72 80 0.72955 6
72 81 0.71133 11
72 82 0.68202 6
72 88 0.83141 7
74 88 0.63669 4
75 81 0.79221 8
75 99 0.5744 2
76 80 0.62927 2
76 87 0.63027 3
77 79 0.8364 9
79 95 0.67372 9
79 96 0.92489 11
79 97 0.93756 9
79 98 0.51264 9
79 100 0.74737 10
80 85 0.90054 7
81 82 0.57817 9
81 85 0.94776 13
81 86 0.79237 8
81 92 0.70233 9
81 93 0.93065 8
81 100 0.78764 9
83 85 0.59467 7
85 99 0.62428 7
88 91 0.8163 4
89 92 0.6879 4
89 93 0.82341 3
89 94 0.51305 3
