-6 -22 -32 -1 -164 -207 -31 -76 -19 -9 -7 -3 0 0 0 
-1 -13 -3 0 -75 -49 -71 -3 -1 0 0 -7 0 0 0 
0 -2 -2 2 -8 -25 -14 -1 -5 29 0 -1 1 1 0 
0 0 0 0 -24 -1 -2 0 1 -1 0 0 0 0 0 
0 -17 0 0 -77 -65 -108 0 -10 0 0 -7 0 0 0 
-2 -19 -9 -2 -89 -138 -75 -16 -5 -34 -8 -8 -1 -2 0 
-1 -6 -1 -1 -59 -11 -10 0 0 -16 0 -5 -1 -2 0 
0 -1 -1 1 -23 -10 0 -1 -1 8 1 -1 0 1 0 
-1 -16 -1 -1 -100 -24 -84 0 -1 -15 -1 -10 0 -1 0 
1 10 2 0 48 24 40 1 2 0 0 5 0 0 0 
-2 -12 -6 -1 -64 -71 -24 -6 -5 -13 -3 -6 0 0 0 
-1 -15 -2 0 -71 -31 -83 -1 -3 0 0 -2 0 0 0 
0 -10 0 0 -72 -30 -71 0 -5 0 0 -7 0 0 0 
0 -9 1 -1 -59 5 -56 1 0 -21 -1 -5 0 -1 0 
-1 -25 -4 0 -109 -116 -167 -6 -9 0 0 -14 0 0 0 
0 -1 0 0 -16 0 -8 0 0 -1 0 -6 0 0 0 
0 -9 0 0 -129 -50 -27 0 -15 -1 0 -7 0 0 0 
0 -1 0 0 -25 -2 0 0 0 0 0 -2 0 0 0 
0 -8 0 0 -66 -8 -62 0 0 0 0 -6 0 0 0 
-1 -8 -3 0 -44 -35 -20 -3 -7 0 0 -1 0 0 0 
0 0 0 0 -17 0 1 0 0 0 0 -1 0 0 0 
-1 -15 -1 -1 -72 -17 -87 0 0 -20 -1 -6 0 -1 0 
-1 -4 -1 -1 -56 -11 -1 0 -1 -12 0 -1 -1 -3 0 
0 -1 0 0 -13 -1 -2 0 0 0 0 0 0 0 0 
-1 -14 -5 0 -92 -82 -85 -9 -9 1 -1 -5 0 0 0 
-1 -23 -4 0 -80 -91 -156 -6 -10 0 0 -7 0 0 0 
0 -3 0 0 -48 -7 -17 0 -1 0 0 -6 0 0 0 
0 -1 0 0 -35 -2 -1 0 0 0 0 -7 0 0 0 
0 -7 0 0 -36 -7 -30 0 0 0 0 -1 0 0 0 
0 -6 1 -1 -48 -15 -22 6 -8 -11 -6 -6 0 0 0 
-4 -12 -14 -4 -114 -117 9 -18 -4 -65 -12 -3 -4 -3 0 
1 -14 9 1 -98 -42 -71 33 -6 -10 11 -7 1 -3 0 
-1 -18 -2 0 -74 -39 -96 -1 -1 0 0 -9 0 0 0 
0 0 0 0 -26 0 5 0 0 0 0 0 0 0 0 
0 -1 0 0 -42 -2 -3 0 0 0 0 0 0 0 0 
-1 -21 -2 0 -104 -45 -138 -1 -2 0 0 -8 0 0 0 
-2 -23 -5 0 -96 -97 -122 -4 -10 0 0 -12 0 0 0 
0 -2 0 0 -34 0 -7 0 -1 0 0 -2 0 0 0 
-1 -17 -10 -6 -129 -229 -59 -35 -17 -64 -76 -7 -9 -3 0 
0 0 0 0 -39 2 8 0 -1 0 0 0 0 0 0 
0 -11 0 0 -109 -122 -29 0 -18 -7 0 -10 0 0 0 
-1 -10 -6 0 -81 -87 -30 -14 -7 -1 -1 -6 0 1 0 
0 1 0 0 -24 3 12 0 0 0 0 -4 0 0 0 
-1 -24 -5 0 -95 -117 -167 -8 -13 0 -2 -9 0 0 0 
0 -6 1 -1 -95 -48 -37 12 -9 -16 -11 -9 -1 -1 0 
-1 -14 -7 -1 -73 -134 -93 -21 -6 -24 -7 -10 0 -1 0 
-8 -49 -70 -6 -219 -680 -164 -270 -22 -95 -68 -8 -6 -1 0 
1 -3 9 0 -33 22 -48 36 0 0 0 -2 0 0 0 
0 -1 0 0 -33 -3 -6 0 -1 0 0 -1 0 0 0 
-11 -48 -94 -5 -279 -717 -119 -393 -35 -70 -51 -8 -7 -1 0 
-9 -29 -79 -2 -190 -607 -48 -331 -25 -26 -22 -9 -1 0 0 
0 -5 0 0 -73 -20 -26 0 -1 -1 0 -5 0 -1 0 
0 -1 0 0 -49 -6 0 0 0 0 0 0 0 0 0 
0 -7 0 0 -25 -28 -67 0 0 0 0 -1 0 0 0 
-1 -19 -6 -1 -90 -131 -121 -14 -10 -21 -7 -8 0 -4 0 
0 0 0 0 -35 2 -4 0 0 -4 0 -8 0 1 0 
-1 -17 -10 -2 -98 -196 -103 -43 -13 -34 -22 -13 -1 -2 0 
-1 -15 -3 -2 -76 -66 -93 -3 -7 -42 -6 -12 -1 0 0 
0 -6 0 0 -49 -3 -54 0 1 -15 0 -3 0 -1 0 
-3 -28 -22 -5 -114 -332 -121 -65 -18 -84 -40 -5 -4 -7 0 
-4 -12 -12 -2 -88 -109 -27 -11 -6 -25 -6 -6 -3 -1 0 
3 1 15 0 17 93 -62 31 6 0 0 -9 0 0 0 
7 17 32 3 85 237 -3 59 7 28 22 -2 3 2 0 
0 -1 0 0 -28 -1 -5 0 0 0 0 0 0 0 0 
0 -4 0 0 -29 -13 -12 0 -1 -1 0 -3 0 0 0 
-1 -13 -4 0 -59 -64 -83 -6 -3 0 0 -5 0 0 0 
0 0 0 0 -12 0 6 0 0 0 0 0 0 0 0 
0 3 0 0 -7 6 11 0 0 0 0 1 0 0 0 
-2 -19 -5 0 -96 -87 -93 -4 -4 0 0 -8 0 0 0 
0 -9 1 -1 -71 -31 -57 6 -8 -16 -6 -4 0 0 0 
0 0 0 0 -11 0 2 0 0 0 0 -2 0 0 0 
0 8 0 0 -26 53 25 0 2 3 0 -5 0 2 0 
0 0 0 0 0 0 0 0 0 0 0 0 0 0 0 
0 -1 0 0 -15 -1 -3 0 0 0 0 0 0 0 0 
0 -1 0 0 -28 -2 -2 0 0 0 0 -4 0 0 0 
-1 -12 -2 0 -55 -26 -74 -1 -2 0 0 -1 0 0 0 
0 -1 0 0 -21 1 -10 0 -1 0 0 -1 0 0 0 
2 13 5 0 32 73 34 4 5 0 0 2 0 0 0 
0 -6 -1 1 -81 -56 -42 -10 -12 -10 6 -7 4 0 0 
0 -5 0 0 -34 -8 -44 0 -1 0 0 -7 0 0 0 
0 -5 3 -3 -36 -30 -34 31 1 -33 -26 -8 -5 -2 0 
1 6 3 0 20 36 18 2 3 0 1 -3 0 0 0 
-1 -16 -1 -1 -75 -22 -110 0 0 -21 -1 -4 0 -3 0 
1 6 2 0 -7 27 13 0 1 -2 1 2 0 0 0 
-4 -32 -47 -7 -106 -584 -120 -244 -26 -100 -86 -8 -10 -4 0 
-1 -3 -2 -1 -25 -11 6 -1 -1 -12 -2 0 0 -2 0 
1 5 3 1 -3 26 16 3 0 9 3 2 0 0 0 
0 -2 0 0 -24 -12 -17 0 1 0 0 -6 0 0 0 
0 -1 0 0 -13 -3 0 0 0 0 0 -1 0 0 0 
-1 -6 -2 0 -49 -26 -11 -1 -3 0 0 -5 0 0 0 
1 5 2 0 13 17 12 1 1 0 0 0 0 0 0 
0 3 1 -1 -23 24 21 3 2 -12 -3 3 0 -2 0 
0 0 0 0 -6 0 3 0 0 0 0 -3 0 0 0 
-1 -15 -2 0 -96 -32 -95 -1 -4 0 0 -10 0 0 0 
-1 -21 -3 0 -101 -73 -133 -2 -3 -6 -1 -5 0 -1 0 
0 -18 0 0 -106 -66 -149 2 -7 -8 -4 -8 2 -1 0 
1 6 1 1 4 8 8 0 1 17 1 -1 0 2 0 
-1 -14 -2 0 -70 -42 -86 -1 -6 0 0 -3 0 0 0 
0 -4 0 0 -33 -4 -43 0 0 0 0 -7 0 0 0 
0 2 0 0 -28 8 5 0 0 0 0 -4 0 0 0 
