3 13 3 0 85 24 29 1 1 0 0 2 0 0 0 
3 12 3 0 70 22 35 1 1 0 0 2 0 0 0 
3 23 1 2 109 15 114 0 0 29 0 5 1 1 0 
3 13 2 1 71 13 30 0 1 11 1 2 0 0 0 
6 34 14 1 132 137 168 16 3 25 4 5 0 1 0 
5 36 10 0 153 132 197 10 6 0 0 9 0 0 0 
2 19 0 1 89 0 98 0 0 19 0 3 0 0 0 
3 13 2 1 90 14 36 0 1 8 1 3 0 1 0 
2 11 1 0 92 7 26 0 2 0 0 1 0 0 0 
3 18 3 0 99 32 52 1 2 0 0 9 0 0 0 
3 23 3 0 130 42 108 1 2 0 0 5 0 0 0 
2 7 1 0 61 5 10 0 1 0 0 1 0 0 0 
5 23 10 0 143 88 40 10 2 0 0 4 0 0 0 
3 18 3 0 96 36 63 1 0 0 0 3 0 0 0 
4 34 6 0 148 94 192 4 4 0 0 8 0 0 0 
2 19 0 1 84 0 98 0 0 17 0 3 0 1 0 
10 47 43 2 220 375 154 104 16 16 16 10 0 0 0 
3 23 3 0 122 40 108 1 3 0 0 5 0 0 0 
2 10 1 0 55 10 18 0 0 0 0 2 0 0 0 
3 25 3 0 114 44 136 1 3 0 0 5 0 0 0 
2 27 0 1 117 0 164 0 0 25 0 5 0 1 0 
2 9 1 0 83 7 21 0 1 0 0 1 0 0 0 
2 23 0 1 94 0 120 0 0 23 0 7 0 0 0 
2 8 1 0 50 8 13 0 0 0 0 3 0 0 0 
5 29 9 1 153 95 86 7 2 17 3 5 0 0 0 
4 19 6 0 112 53 49 4 2 0 0 3 0 0 0 
4 25 6 0 123 71 122 4 2 0 0 5 0 0 0 
3 25 3 0 104 44 137 1 3 0 0 4 0 0 0 
2 6 1 0 40 6 6 0 0 0 0 1 0 0 0 
8 53 27 1 206 328 243 50 12 17 6 8 0 1 0 
3 31 3 0 125 54 201 1 4 0 0 9 0 0 0 
11 56 50 5 196 462 237 122 21 56 41 7 2 0 0 
2 5 1 0 52 3 4 0 1 0 0 0 0 0 0 
2 12 1 0 61 10 39 0 1 0 0 0 0 0 0 
3 21 3 0 121 36 105 1 3 0 0 6 0 0 0 
2 7 1 0 46 7 10 0 0 0 0 1 0 0 0 
2 24 1 0 100 18 135 0 3 0 0 6 0 0 0 
2 9 1 0 66 7 15 0 1 0 0 1 0 0 0 
16 61 116 4 277 829 155 505 29 28 54 8 1 0 0 
3 25 3 0 122 46 127 1 2 0 0 9 0 0 0 
16 73 115 5 292 970 202 492 33 57 66 6 2 1 0 
6 40 14 1 186 163 180 16 7 21 4 8 0 1 0 
4 38 5 1 164 87 182 2 1 23 2 4 0 1 0 
5 23 8 2 118 72 74 4 0 20 6 2 0 0 0 
15 69 101 4 250 852 232 405 25 62 48 7 2 1 0 
8 60 28 0 263 390 279 56 15 0 0 14 0 0 0 
6 23 14 1 94 98 93 16 1 15 4 5 0 0 0 
10 46 45 0 254 390 113 120 12 0 0 10 0 0 0 
6 30 15 0 182 138 63 20 6 0 0 1 0 0 0 
4 17 6 0 111 49 23 4 1 0 0 6 0 0 0 
5 34 10 0 183 126 118 10 5 0 0 3 0 0 0 
6 35 14 1 188 141 123 16 7 20 4 5 0 0 0 
7 34 21 0 152 196 123 35 4 0 0 8 0 0 0 
5 22 10 0 136 82 41 10 3 0 0 3 0 0 0 
7 47 20 1 196 252 247 30 8 14 5 11 0 0 0 
7 40 18 3 162 186 186 21 2 46 13 5 1 2 0 
12 56 64 2 263 568 197 200 17 14 20 10 0 0 0 
5 47 10 0 228 162 217 10 13 0 0 10 0 0 0 
4 26 5 1 122 62 109 2 3 10 2 7 0 0 0 
8 62 27 1 212 376 312 50 20 18 6 14 0 0 0 
2 22 0 1 107 0 109 0 0 20 0 2 0 1 0 
7 34 21 0 205 184 102 35 10 0 0 3 0 0 0 
9 38 32 4 183 237 103 59 7 49 22 4 3 2 0 
2 10 1 0 72 10 16 0 0 0 0 4 0 0 0 
5 26 9 1 154 83 79 7 2 17 3 3 0 0 0 
4 18 6 0 98 52 60 4 1 0 0 2 0 0 0 
4 27 6 0 112 77 136 4 2 0 0 6 0 0 0 
3 26 3 0 104 44 124 1 4 0 0 6 0 0 0 
2 19 1 0 95 17 105 0 1 0 0 6 0 0 0 
8 60 27 1 245 372 290 50 15 14 6 12 0 2 0 
3 29 3 0 109 50 173 1 4 0 0 10 0 0 0 
9 64 33 3 211 424 266 63 20 44 21 8 0 2 0 
2 5 1 0 52 3 4 0 1 0 0 0 0 0 0 
2 8 1 0 41 6 13 0 1 0 0 0 0 0 0 
3 20 3 0 109 34 88 1 3 0 0 5 0 0 0 
2 6 1 0 38 6 6 0 0 0 0 1 0 0 0 
2 26 1 0 105 20 152 0 3 0 0 8 0 0 0 
4 35 6 0 175 91 147 4 7 0 0 8 0 0 0 
16 57 114 6 264 760 104 482 25 45 72 6 6 0 0 
3 20 3 0 126 36 78 1 2 0 0 5 0 0 0 
14 61 87 4 289 680 176 318 30 53 44 6 2 0 0 
4 30 5 1 157 63 106 2 4 19 2 6 0 0 0 
2 17 1 0 98 17 68 0 0 0 0 2 0 0 0 
3 21 2 1 98 27 70 0 1 13 1 6 0 0 0 
12 66 64 2 265 639 246 201 26 33 18 6 1 1 0 
3 20 3 0 106 38 82 1 1 0 0 5 0 0 0 
5 20 9 1 95 67 40 7 2 9 3 3 0 0 0 
6 27 15 0 186 117 67 20 9 0 0 5 0 0 0 
4 12 6 0 80 34 21 4 1 0 0 0 0 0 0 
2 20 1 0 112 18 101 0 1 0 0 5 0 0 0 
3 14 3 0 69 24 28 1 2 0 0 0 0 0 0 
5 34 10 0 159 126 125 10 5 0 0 8 0 0 0 
2 16 1 0 69 14 77 0 1 0 0 4 0 0 0 
2 10 1 0 70 10 23 0 0 0 0 1 0 0 0 
3 24 2 1 92 30 107 0 0 18 1 5 0 0 0 
6 34 12 3 142 116 111 11 0 50 6 4 3 2 0 
3 25 2 1 94 27 114 0 1 17 1 4 0 2 0 
2 26 1 0 105 20 152 0 3 0 0 8 0 0 0 
2 13 1 0 80 9 54 0 2 0 0 2 0 0 0 
5 50 10 0 192 174 251 10 13 0 0 12 0 0 0 
