0 2
0 4
0 5
0 10
0 19
0 28
0 29
0 36
0 41
1 16
1 17
1 23
1 46
2 7
2 40
3 9
3 16
3 43
4 18
4 37
4 40
4 44
4 49
5 8
5 37
5 38
5 44
5 46
5 51
6 30
6 38
6 54
7 26
7 31
8 46
8 59
9 55
10 13
10 29
10 30
10 44
11 19
11 41
11 50
12 24
12 42
12 46
12 48
12 54
13 46
13 56
14 34
14 38
14 44
14 49
14 50
15 38
15 55
16 24
16 25
16 31
16 36
16 43
16 44
16 57
16 59
17 29
17 44
18 46
19 40
19 47
20 40
20 44
21 27
21 49
21 59
22 30
22 31
22 38
23 55
24 28
24 31
24 45
24 49
25 33
25 49
25 50
25 51
26 32
26 38
26 45
27 38
27 47
29 38
29 40
29 47
29 53
29 55
30 32
30 38
30 40
30 59
31 38
31 39
31 40
31 41
31 46
31 47
32 49
33 47
34 40
34 58
35 39
35 46
35 50
36 38
36 49
38 46
38 54
38 55
38 56
38 57
38 59
39 44
40 41
40 44
40 45
40 51
40 52
40 59
40 68
40 69
41 56
41 57
41 63
42 44
42 47
42 80
43 49
43 50
43 56
43 83
44 58
44 77
44 80
44 84
44 89
45 46
45 48
45 77
45 78
45 84
45 91
46 56
46 61
46 78
46 94
47 50
47 66
47 71
48 51
48 52
48 53
48 99
49 54
49 59
49 61
49 68
49 82
49 84
49 95
50 53
50 57
50 65
50 69
50 75
50 84
50 94
50 97
51 59
51 81
52 64
52 82
52 86
52 88
52 94
53 86
53 96
54 74
54 78
54 84
54 89
55 78
55 95
56 64
56 65
56 71
56 76
56 83
56 84
56 97
56 99
57 69
57 84
58 84
58 86
59 80
59 84
59 87
60 68
60 80
60 84
60 85
60 89
60 91
61 67
61 99
62 71
62 78
63 95
64 68
64 71
64 85
65 73
65 90
65 91
66 72
66 78
66 85
67 78
67 87
69 78
69 80
69 87
69 93
69 95
70 72
70 78
70 80
71 78
71 79
71 80
71 81
71 87
73 87
74 80
74 98
75 79
75 86
76 78
78 94
78 95
78 96
78 97
78 99
79 84
80 81
80 84
80 85
80 91
80 92
80 99
82 84
84 93
84 95
84 98
87 90
88 91
88 92
88 93
