9 35 35 1 249 231 60 77 20 9 7 5 0 0 0 
4 25 6 0 145 71 106 4 2 0 0 9 0 0 0 
3 25 3 0 117 40 128 1 5 0 0 6 0 0 0 
3 13 2 1 95 14 32 0 0 12 1 2 0 0 0 
6 51 14 1 209 202 276 16 13 25 4 12 0 1 0 
7 55 19 2 242 270 272 26 11 34 8 17 1 2 0 
3 25 1 2 148 11 108 0 0 35 0 8 1 2 0 
3 14 3 0 113 24 36 1 2 0 0 4 0 0 0 
3 27 2 1 192 31 110 0 3 15 1 11 0 1 0 
2 8 1 0 51 8 12 0 0 0 0 4 0 0 0 
5 35 9 1 194 113 132 7 7 13 3 11 0 0 0 
3 22 3 0 132 36 93 1 4 0 0 3 0 0 0 
5 33 10 0 215 118 111 10 7 0 0 11 0 0 0 
3 27 2 1 155 31 119 0 0 21 1 8 0 1 0 
5 59 10 0 257 210 359 10 13 0 0 22 0 0 0 
2 20 0 1 100 0 106 0 0 18 0 9 0 1 0 
10 56 43 2 349 425 181 104 31 17 16 17 0 0 0 
3 24 3 0 147 42 108 1 3 0 0 7 0 0 0 
2 18 1 0 121 18 80 0 0 0 0 8 0 0 0 
4 33 6 0 158 79 156 4 10 0 0 6 0 0 0 
2 27 0 1 134 0 163 0 0 25 0 6 0 1 0 
3 24 2 1 155 24 108 0 1 20 1 7 0 1 0 
3 27 1 2 150 11 121 0 1 35 0 8 1 3 0 
2 9 1 0 63 9 15 0 0 0 0 3 0 0 0 
6 43 14 1 245 177 171 16 11 16 4 10 0 0 0 
5 42 10 0 192 144 205 10 12 0 0 10 0 0 0 
4 28 6 0 171 78 139 4 3 0 0 11 0 0 0 
3 26 3 0 139 46 138 1 3 0 0 11 0 0 0 
2 13 1 0 76 13 36 0 0 0 0 2 0 0 0 
8 59 26 2 254 343 265 44 20 28 12 14 0 1 0 
7 43 17 4 239 171 192 19 8 65 12 12 4 3 0 
10 70 41 4 294 504 308 89 27 66 30 14 1 3 0 
3 23 3 0 126 42 100 1 2 0 0 9 0 0 0 
2 12 1 0 87 10 34 0 1 0 0 0 0 0 0 
3 22 3 0 163 38 108 1 3 0 0 6 0 0 0 
3 28 3 0 150 52 148 1 2 0 0 9 0 0 0 
4 47 6 0 196 115 257 4 13 0 0 18 0 0 0 
2 11 1 0 100 7 22 0 2 0 0 3 0 0 0 
17 78 126 10 406 1058 214 540 46 92 130 15 10 3 0 
3 25 3 0 161 44 119 1 3 0 0 9 0 0 0 
16 84 115 5 401 1092 231 492 51 64 66 16 2 1 0 
7 50 20 1 267 250 210 30 14 22 5 14 0 0 0 
4 37 5 1 188 84 170 2 1 23 2 8 0 1 0 
6 47 13 2 213 189 241 12 13 20 8 11 0 0 0 
15 75 100 5 345 900 269 393 34 78 59 16 3 2 0 
9 74 35 1 336 524 372 77 21 24 7 24 0 1 0 
14 72 84 7 313 778 257 286 23 110 72 13 6 1 0 
9 49 36 0 287 368 161 84 12 0 0 12 0 0 0 
6 31 15 0 215 141 69 20 7 0 0 2 0 0 0 
15 65 100 5 390 766 142 397 36 70 51 14 7 1 0 
14 63 89 2 373 733 166 341 30 26 22 12 1 0 0 
6 40 14 1 261 161 149 16 8 21 4 10 0 1 0 
7 35 21 0 201 202 123 35 4 0 0 8 0 0 0 
5 29 10 0 161 110 108 10 3 0 0 4 0 0 0 
8 66 26 2 286 383 368 44 18 35 12 19 0 4 0 
7 40 18 3 197 184 190 21 2 50 13 13 1 1 0 
13 73 74 4 361 764 300 243 30 48 42 23 1 2 0 
6 62 13 2 304 228 310 13 20 42 6 22 1 0 0 
4 32 5 1 171 65 163 2 2 25 2 10 0 1 0 
11 90 49 6 326 708 433 115 38 102 46 19 4 7 0 
6 34 12 3 195 109 136 11 6 45 6 8 3 2 0 
4 33 6 0 188 91 164 4 4 0 0 12 0 0 0 
2 21 0 1 98 0 106 0 0 21 0 6 0 0 0 
2 11 1 0 100 11 21 0 0 0 0 4 0 0 0 
5 30 9 1 183 96 91 7 3 18 3 6 0 0 0 
5 31 10 0 157 116 143 10 4 0 0 7 0 0 0 
4 27 6 0 124 77 130 4 2 0 0 6 0 0 0 
3 23 3 0 111 38 113 1 4 0 0 5 0 0 0 
4 38 6 0 191 104 198 4 5 0 0 14 0 0 0 
8 69 26 2 316 403 347 44 23 30 12 16 0 2 0 
3 29 3 0 120 50 171 1 4 0 0 12 0 0 0 
9 56 33 3 237 371 241 63 18 41 21 13 0 0 0 
2 5 1 0 52 3 4 0 1 0 0 0 0 0 0 
2 9 1 0 56 7 16 0 1 0 0 0 0 0 0 
3 21 3 0 137 36 90 1 3 0 0 9 0 0 0 
3 18 3 0 93 32 80 1 2 0 0 2 0 0 0 
2 27 1 0 126 19 162 0 4 0 0 9 0 0 0 
2 22 1 0 143 18 113 0 2 0 0 6 0 0 0 
16 63 115 5 345 816 146 492 37 55 66 13 2 0 0 
3 25 3 0 160 44 122 1 3 0 0 12 0 0 0 
14 66 84 7 325 710 210 287 29 86 70 14 7 2 0 
3 24 2 1 137 27 88 0 1 19 1 9 0 0 0 
3 33 2 1 173 39 178 0 0 21 1 6 0 3 0 
2 15 0 1 105 0 57 0 0 15 0 4 0 0 0 
16 98 111 9 371 1223 366 445 52 133 104 14 11 5 0 
4 23 5 1 131 49 76 2 2 12 2 5 0 2 0 
4 15 6 0 98 41 24 4 2 0 0 1 0 0 0 
6 29 15 0 210 129 84 20 8 0 0 11 0 0 0 
4 13 6 0 93 37 21 4 1 0 0 1 0 0 0 
3 26 3 0 161 44 112 1 4 0 0 10 0 0 0 
2 9 1 0 56 7 16 0 1 0 0 0 0 0 0 
5 31 9 1 182 102 104 7 3 12 3 5 0 2 0 
2 16 1 0 75 14 74 0 1 0 0 7 0 0 0 
3 25 3 0 166 42 118 1 4 0 0 11 0 0 0 
4 45 5 1 193 103 240 2 3 24 2 10 0 1 0 
6 52 12 3 248 182 260 9 7 58 10 12 1 3 0 
2 19 1 0 90 19 106 0 0 0 0 5 0 0 0 
3 40 3 0 175 62 238 1 9 0 0 11 0 0 0 
2 17 1 0 113 13 97 0 2 0 0 9 0 0 0 
5 48 10 0 220 166 246 10 13 0 0 16 0 0 0 
