0 4 0.51926
0 28 0.81706
0 29 0.95663
1 16 0.68026
1 17 0.56625
1 23 0.71945
2 7 0.53553
2 31 0.77173
2 40 0.88195
3 9 0.96303
3 16 0.72596
3 43 0.68193
4 18 0.8351
4 37 0.85214
4 40 0.71295
4 44 0.89741
4 49 0.96706
5 8 0.97409
5 37 0.65978
5 38 0.83956
5 44 0.62147
5 51 0.7336
6 38 0.54043
6 54 0.92171
7 26 0.63303
7 31 0.7226
8 59 0.57554
9 31 0.76707
9 55 0.95159
10 13 0.85854
10 29 0.75405
10 44 0.88917
11 19 0.94229
11 41 0.50743
12 24 0.7697
12 42 0.79806
12 46 0.9479
12 48 0.97703
12 54 0.53411
13 46 0.50137
13 56 0.92641
14 34 0.6733
14 38 0.93327
14 44 0.67045
14 49 0.84522
15 38 0.54949
15 55 0.92163
16 24 0.66809
16 25 0.72824
16 31 0.56992
16 36 0.84834
16 43 0.74138
16 44 0.71288
16 57 0.93155
16 59 0.775
17 29 0.58479
17 44 0.7306
18 46 0.52273
19 40 0.78955
19 47 0.94314
20 40 0.50134
20 44 0.6306
21 27 0.97502
21 59 0.70701
22 31 0.95797
22 38 0.84739
23 55 0.67908
24 28 0.83297
24 31 0.85152
24 45 0.97186
25 33 0.67085
25 50 0.92536
25 51 0.83282
26 32 0.7643
26 38 0.83739
26 45 0.82733
27 38 0.83928
27 47 0.55582
29 38 0.58193
29 40 0.71726
29 47 0.61311
29 53 0.78652
29 55 0.58111
30 32 0.95269
30 38 0.83394
30 40 0.95201
31 38 0.63477
31 39 0.53194
31 40 0.72351
31 41 0.90752
31 47 0.60295
33 47 0.72702
34 40 0.99235
34 58 0.52473
35 39 0.9476
35 46 0.87465
36 38 0.73422
38 54 0.58511
38 55 0.73003
38 56 0.65262
38 57 0.70514
38 59 0.74253
39 44 0.70179
40 41 0.59704
40 44 0.73337
40 45 0.85299
40 51 0.87792
40 52 0.7584
40 59 0.52098
40 68 0.73227
40 69 0.80183
41 56 0.7513
41 57 0.72867
41 63 0.54289
42 44 0.66551
42 47 0.97062
42 80 0.93278
43 49 0.6461
43 56 0.52853
43 83 0.97682
44 58 0.69211
44 77 0.68462
44 80 0.67616
44 84 0.57754
44 89 0.68772
45 48 0.64463
45 77 0.60981
45 78 0.64577
45 84 0.79562
45 91 0.82271
46 78 0.52222
46 94 0.79251
47 50 0.56729
47 61 0.93516
47 66 0.63851
47 71 0.81817
48 51 0.81619
48 52 0.85653
48 53 0.94742
48 99 0.68784
49 95 0.62565
50 53 0.52078
50 69 0.79105
50 84 0.68928
51 59 0.77405
51 81 0.69749
52 64 0.91854
52 82 0.80716
52 86 0.62715
52 88 0.69892
52 94 0.57016
53 86 0.5517
53 96 0.96093
54 74 0.64256
54 78 0.55342
54 84 0.81426
54 89 0.82099
55 78 0.98358
55 95 0.58213
56 64 0.55083
56 65 0.93582
56 71 0.95174
56 76 0.85802
56 83 0.586
56 84 0.68458
56 97 0.84227
56 99 0.89112
57 69 0.58264
57 84 0.88528
58 62 0.83511
58 86 0.85014
59 80 0.82676
59 87 0.80936
60 80 0.97754
60 84 0.72781
61 67 0.96334
61 77 0.78132
61 81 0.8693
61 84 0.65263
61 90 0.59962
61 99 0.95633
62 71 0.91068
62 77 0.7842
62 78 0.79917
62 83 0.82766
62 86 0.89927
62 91 0.63545
62 95 0.78125
62 96 0.60294
63 95 0.98418
64 68 0.91152
64 71 0.64829
64 85 0.72358
65 73 0.93074
65 90 0.78732
65 91 0.6354
66 72 0.8428
66 78 0.84162
66 85 0.67666
67 78 0.5599
67 87 0.52574
69 78 0.98887
69 80 0.90247
69 87 0.89578
69 93 0.83727
69 95 0.53113
70 72 0.94133
70 78 0.51539
70 80 0.54812
71 78 0.68645
71 79 0.72955
71 80 0.71133
71 81 0.68202
71 87 0.83141
73 87 0.63669
74 80 0.79221
74 98 0.5744
75 79 0.62927
75 86 0.63027
76 78 0.8364
78 94 0.67372
78 95 0.92489
78 96 0.93756
78 97 0.51264
78 99 0.74737
79 84 0.90054
80 81 0.57817
80 84 0.94776
80 85 0.79237
80 91 0.70233
80 92 0.93065
80 99 0.78764
82 84 0.59467
84 98 0.62428
87 90 0.8163
88 91 0.6879
88 92 0.82341
88 93 0.51305
