1 15 0.77655 4
1 25 0.68328 5
1 33 0.56637 4
1 38 0.88346 5
1 45 0.90498 6
2 6 0.84322 3
2 18 0.88714 4
2 47 0.66165 5
2 59 0.77212 13
3 8 0.66839 5
3 17 0.57915 6
3 36 0.65302 5
3 39 0.7719 4
3 56 0.66086 6
3 59 0.6228 14
4 9 0.7594 6
4 10 0.59294 6
4 23 0.95036 6
4 29 0.55121 8
4 34 0.70213 8
4 36 0.9696 7
4 38 0.8699 8
4 40 0.90145 7
4 48 0.79237 10
4 50 0.87776 8
5 29 0.52115 5
5 41 0.52061 12
5 48 0.62387 7
5 59 0.93253 13
6 14 0.73228 3
6 28 0.83299 7
7 34 0.87685 4
7 56 0.54278 4
8 11 0.98532 4
8 43 0.76735 5
8 50 0.8802 5
9 59 0.63272 12
9 60 0.71711 4
10 11 0.56199 3
10 29 0.95414 4
11 28 0.94041 7
11 55 0.65554 5
12 17 0.66507 4
12 25 0.75234 3
13 29 0.91063 4
13 38 0.87224 4
13 46 0.99484 4
14 33 0.68207 3
14 37 0.78944 5
15 41 0.66867 11
15 49 0.74812 3
16 41 0.88102 11
16 54 0.73811 12
17 20 0.8341 4
17 28 0.78928 9
17 52 0.85512 21
17 53 0.96155 7
17 60 0.73605 6
18 28 0.57646 7
18 41 0.68234 12
18 59 0.61364 13
19 30 0.58117 3
19 37 0.88646 5
20 42 0.97053 4
21 41 0.91417 11
21 59 0.96473 12
22 28 0.82857 8
22 29 0.72243 5
22 42 0.82319 5
22 47 0.79664 5
22 59 0.5847 13
23 52 0.87934 19
23 59 0.59118 12
24 32 0.63752 3
24 41 0.90188 12
24 54 0.75489 13
24 59 0.63175 13
25 36 0.74289 4
25 41 0.76041 12
25 57 0.68016 4
26 35 0.69265 2
26 37 0.58247 5
26 45 0.65225 5
27 28 0.88167 7
27 43 0.89149 5
27 59 0.70567 12
28 30 0.70404 7
28 37 0.749 9
28 41 0.66388 15
28 54 0.63369 16
28 59 0.63002 16
29 44 0.68832 5
30 46 0.78032 5
30 53 0.90826 5
31 34 0.51845 5
31 41 0.60229 11
31 49 0.54808 3
32 37 0.87513 5
32 40 0.697 4
33 52 0.70893 19
34 40 0.9952 6
34 43 0.57629 7
34 50 0.55917 7
34 52 0.51517 21
35 40 0.93593 3
36 53 0.94116 5
37 38 0.72398 7
37 41 0.58899 14
37 53 0.92923 7
38 54 0.66628 14
38 59 0.5142 14
39 52 0.82653 19
40 51 0.82164 5
41 45 0.5297 14
41 48 0.97634 15
41 51 0.68337 12
41 52 0.71188 28
41 53 0.69706 13
41 54 0.99596 21
41 55 0.50839 13
41 58 0.96325 12
41 59 0.68191 21
41 60 0.92713 12
42 52 0.77417 21
42 73 0.9303 9
42 93 0.84632 8
42 98 0.56369 6
43 45 0.92399 7
43 52 0.92743 21
43 59 0.53366 14
43 63 0.6848 4
44 46 0.75206 5
44 50 0.97968 5
44 52 0.97037 20
45 52 0.76096 22
45 54 0.67194 15
45 93 0.88298 9
45 96 0.5303 9
46 52 0.54738 21
46 79 0.92028 6
46 86 0.88295 6
47 52 0.64072 21
47 67 0.89053 5
47 74 0.60579 4
47 98 0.92138 6
48 52 0.79767 23
48 60 0.96408 7
48 67 0.55157 7
48 75 0.85614 6
48 80 0.50662 6
48 84 0.9452 6
48 87 0.97105 6
49 52 0.53124 20
49 73 0.6329 8
50 52 0.64964 21
50 71 0.6691 4
50 86 0.73836 6
51 54 0.9056 13
51 66 0.53853 3
51 79 0.98149 6
52 54 0.98233 29
52 55 0.6301 21
52 56 0.51634 21
52 58 0.54778 20
52 59 0.66931 29
52 61 0.91348 19
52 67 0.71722 20
52 71 0.80447 19
52 73 0.55243 24
52 74 0.99924 19
52 76 0.75621 23
52 80 0.97071 19
52 82 0.78069 20
52 83 0.56277 19
52 84 0.74902 19
52 87 0.86028 19
52 89 0.9443 19
52 90 0.68714 19
52 92 0.73745 19
52 93 0.95522 23
52 97 0.87178 19
53 59 0.59691 14
53 79 0.87073 7
54 57 0.59161 13
54 59 0.62725 22
54 62 0.73039 13
54 67 0.67705 13
54 69 0.77395 12
54 72 0.65931 13
54 73 0.89814 17
54 76 0.9715 16
54 78 0.89651 12
54 79 0.71147 14
54 81 0.81061 13
54 86 0.98712 14
54 93 0.98458 16
54 96 0.76934 16
55 56 0.68982 6
55 59 0.85072 14
55 98 0.87342 6
56 58 0.6919 6
56 67 0.62978 6
56 94 0.8022 4
57 58 0.60657 4
57 93 0.93954 7
58 88 0.90683 4
59 63 0.86045 12
59 72 0.83118 13
59 77 0.78524 12
59 95 0.88186 13
60 88 0.60016 4
61 76 0.52849 6
62 73 0.94519 8
62 93 0.72275 7
62 96 0.69233 7
64 75 0.62437 2
64 76 0.81246 6
65 73 0.92013 7
65 77 0.90518 2
66 81 0.73571 3
68 73 0.9644 7
68 85 0.5081 3
69 73 0.99086 7
70 86 0.91473 4
70 96 0.97313 6
70 98 0.54156 5
72 81 0.8088 4
72 95 0.88693 4
73 90 0.6148 7
73 91 0.9698 7
73 96 0.76447 11
73 99 0.56969 7
73 100 0.632 8
75 79 0.77537 5
76 79 0.85123 8
76 83 0.68211 6
76 85 0.70004 7
76 88 0.6712 7
76 92 0.67723 6
76 96 0.78044 10
77 96 0.75343 6
78 81 0.94189 3
79 98 0.83502 7
80 97 0.77228 2
82 88 0.56658 4
82 93 0.71017 7
82 100 0.53363 3
83 94 0.82809 2
85 89 0.81866 3
85 93 0.87425 7
86 96 0.55666 8
86 98 0.59071 6
91 96 0.61338 6
93 95 0.5535 8
93 96 0.60433 10
93 100 0.64123 7
95 98 0.50836 6
95 99 0.91919 3
