0 4 0 0 39 14 12 0 1 0 0 3 0 0 0 
-6 -18 -39 0 -119 -314 -21 -110 -11 -2 -6 -1 0 1 0 
-1 -7 -6 0 -24 -78 -22 -15 -2 0 0 1 0 0 0 
8 29 41 3 204 288 44 97 12 19 22 10 1 1 0 
0 0 0 0 3 1 -10 0 0 -1 0 6 0 0 0 
1 -1 2 0 26 10 -15 1 2 0 0 7 0 0 0 
-1 -10 -2 0 -47 -32 -43 -1 0 0 0 1 0 0 0 
0 1 0 0 11 3 1 0 0 0 0 1 0 0 0 
1 8 2 0 19 38 27 1 2 0 0 5 0 0 0 
1 9 1 1 44 12 28 0 0 12 1 2 0 0 0 
1 11 3 0 76 38 37 3 2 0 0 9 0 0 0 
-1 -9 -2 0 -38 -22 -35 -1 -3 0 0 -1 0 0 0 
1 6 2 0 66 19 12 1 1 0 0 2 0 0 0 
-5 -23 -24 -1 -174 -197 -58 -49 -7 -5 -6 -10 0 0 0 
0 -1 0 0 -3 -2 -6 0 0 0 0 3 0 0 0 
0 3 0 0 10 0 43 0 0 1 0 11 0 1 0 
0 1 0 0 0 4 11 0 1 0 0 5 0 0 0 
0 -7 -2 2 -1 -55 -52 -1 -4 34 -1 -3 1 4 1 
-1 -3 -1 -1 -14 -8 -1 0 1 -10 -1 1 0 0 0 
0 1 0 0 12 1 4 0 0 0 0 0 0 0 0 
0 0 0 0 0 0 -5 0 0 0 0 5 0 0 0 
0 9 0 0 41 28 42 0 1 0 0 3 0 3 0 
1 9 2 0 29 62 30 0 5 0 1 6 0 0 0 
0 3 0 0 12 3 42 0 0 0 0 9 0 3 0 
0 -2 0 0 -1 -2 -7 0 -3 0 0 3 0 0 0 
0 3 0 0 21 6 15 0 0 0 0 2 0 0 0 
1 8 1 1 51 14 17 0 0 19 0 0 1 4 0 
6 26 39 6 44 399 84 104 12 111 38 7 11 10 2 
1 9 4 1 41 42 27 6 3 9 4 2 0 0 0 
0 3 0 0 13 5 22 0 2 0 0 3 0 0 0 
0 -2 0 0 -9 -4 -14 0 0 0 0 5 0 0 0 
0 3 0 0 16 6 13 0 0 0 0 1 0 0 0 
0 -5 0 0 -8 -6 -20 0 -2 0 0 0 0 0 0 
-1 -2 -9 2 -4 -90 -2 -27 0 21 4 1 2 0 0 
0 1 0 0 9 1 2 0 0 0 0 1 0 0 0 
0 -3 0 0 -17 -1 -18 0 -4 0 0 0 0 0 0 
2 7 13 0 58 89 2 33 8 10 2 2 1 3 0 
3 36 11 1 129 200 201 15 9 30 4 27 0 5 0 
0 -1 0 0 0 -1 -6 0 0 0 0 1 0 0 0 
1 6 3 1 27 25 16 3 0 11 3 1 0 1 0 
0 2 -3 3 -8 1 21 -42 -5 43 32 5 8 2 2 
1 11 5 0 33 89 37 8 7 3 2 8 0 1 0 
0 1 0 0 26 5 -6 0 0 -1 0 6 0 1 0 
0 2 0 0 20 3 5 0 1 1 0 3 0 0 0 
1 13 5 2 31 110 62 8 3 36 9 8 3 8 1 
0 1 0 0 34 5 -2 0 0 0 0 3 0 0 0 
1 -1 5 0 13 42 -20 8 2 -1 2 2 0 0 0 
-1 -7 -10 0 -24 -126 -12 -38 -4 -2 -7 3 0 0 0 
-1 -9 -4 0 -31 -81 -38 -5 -2 0 -1 2 0 0 0 
1 6 5 1 31 68 15 8 3 8 6 4 1 1 0 
0 4 0 0 18 10 42 0 0 4 0 12 0 1 0 
0 7 -1 1 7 194 41 -31 4 21 28 7 3 11 0 
-2 -7 -13 -2 -14 -147 3 -33 0 -31 -14 5 -2 0 0 
3 9 50 10 3 391 -15 350 2 83 180 -3 37 7 4 
0 1 0 0 10 7 -4 0 -1 0 0 6 0 0 0 
0 -2 0 0 -7 -12 -7 0 0 0 0 1 0 0 0 
-1 -1 -4 0 -18 -43 37 -5 -3 4 -1 11 0 2 0 
0 -1 0 0 6 -4 -7 0 0 0 0 4 0 0 0 
0 -2 -2 2 18 -78 -22 -24 0 36 10 8 12 0 2 
-1 -9 -5 0 -26 -75 -45 -9 -3 -1 -1 2 0 0 0 
0 0 0 0 12 0 -2 0 0 0 0 2 0 0 0 
2 14 1 4 56 12 46 0 3 64 0 4 2 8 2 
0 0 0 0 -1 0 -2 0 0 0 0 2 0 0 0 
0 0 0 0 4 0 -1 0 0 0 0 1 0 0 0 
-5 -24 -19 -1 -212 -175 -44 -30 -13 -11 -5 -9 0 -1 0 
0 -1 0 0 0 -1 -3 0 0 0 0 0 0 0 0 
0 3 0 0 3 9 38 0 0 3 0 11 0 0 0 
0 0 0 0 5 0 -2 0 0 0 0 2 0 0 0 
0 3 0 0 8 0 44 0 0 1 0 10 0 1 0 
1 8 1 1 46 13 21 0 0 9 0 8 1 1 0 
0 1 0 0 12 0 2 0 0 1 0 2 0 0 0 
0 3 0 0 8 1 42 0 1 4 0 9 0 1 0 
0 0 -2 2 2 -43 21 -16 2 27 11 5 4 6 1 
-1 -5 -2 0 -23 -43 -12 0 -3 1 -1 0 0 0 0 
0 -1 0 0 -1 -2 -9 0 0 0 0 0 0 0 0 
0 5 -1 1 22 13 43 -6 1 20 4 8 2 5 0 
-5 -20 -22 -3 -105 -220 -14 -39 -9 -53 -14 6 -2 -2 0 
-1 -5 -2 0 -40 -30 24 0 -2 2 -1 7 0 0 0 
0 6 0 0 26 30 45 0 0 4 0 8 0 1 0 
0 -1 0 0 1 -1 -9 0 0 -1 0 1 0 0 0 
-1 -4 -4 0 -25 -39 27 -4 -2 5 -2 9 0 0 0 
1 6 1 2 33 7 -10 0 0 45 2 3 1 3 0 
0 0 0 0 12 0 -2 0 0 0 0 2 0 0 0 
0 -1 0 0 1 0 -9 0 0 -1 0 1 0 0 0 
0 5 0 0 16 13 28 0 1 0 0 7 0 0 0 
0 10 -2 2 41 19 59 -6 -2 25 4 8 2 5 0 
-1 -7 -2 0 -25 -47 -23 0 -4 -1 -1 0 0 0 0 
0 0 0 0 1 0 -5 0 0 0 0 3 0 0 0 
0 0 0 0 12 0 -1 0 0 0 0 1 0 0 0 
0 0 0 0 7 0 -3 0 0 0 0 3 0 0 0 
0 4 0 0 19 0 15 0 0 0 0 7 0 2 0 
0 0 0 0 12 0 -2 0 0 0 0 2 0 0 0 
5 13 34 6 44 310 1 81 15 80 51 5 11 5 2 
0 0 0 0 -2 0 0 0 0 0 0 0 0 0 0 
1 11 5 -1 58 86 49 6 5 -22 1 15 -1 -1 0 
4 19 21 9 110 139 74 43 4 128 37 12 17 10 3 
0 0 0 0 6 0 -1 0 0 0 0 1 0 0 0 
5 19 19 1 213 152 23 30 6 3 5 9 0 1 0 
0 1 0 0 11 1 2 0 0 0 0 1 0 0 0 
0 2 -1 1 15 -13 7 -1 3 9 1 8 0 1 0 
