5 16 10 0 180 56 18 10 4 0 0 6 0 0 0 
10 47 44 1 289 371 199 112 15 20 8 25 0 1 0 
7 47 21 0 262 254 241 35 14 0 0 26 0 0 0 
2 9 1 0 81 9 20 0 0 0 0 2 0 0 0 
4 50 4 2 227 81 342 1 3 43 2 26 1 10 0 
2 16 1 0 77 14 55 0 1 0 0 2 0 0 0 
3 22 3 0 147 42 66 1 1 0 0 6 0 0 0 
4 19 6 0 150 51 33 4 3 0 0 8 0 0 0 
2 26 1 0 139 22 197 0 2 0 0 23 0 0 0 
2 6 1 0 19 6 7 0 0 0 0 0 0 0 0 
3 9 3 0 100 18 9 1 0 0 0 4 0 0 0 
3 19 3 0 128 32 56 1 3 0 0 1 0 0 0 
2 9 1 0 59 7 15 0 1 0 0 1 0 0 0 
8 34 27 1 265 217 79 50 8 5 6 12 0 0 0 
3 27 3 0 162 46 161 1 4 0 0 22 0 0 0 
2 35 0 1 178 0 258 0 0 25 0 31 0 5 0 
7 61 21 0 265 328 609 35 19 0 0 46 0 0 0 
4 52 4 2 214 82 348 1 5 48 2 25 1 8 0 
3 13 2 1 73 14 23 0 1 10 1 1 0 0 0 
2 10 1 0 110 8 19 0 1 0 0 2 0 0 0 
2 38 0 1 179 0 318 0 0 22 0 25 0 8 0 
5 35 9 1 214 107 187 7 5 21 3 24 0 1 0 
2 54 0 1 159 0 700 0 0 46 0 51 0 4 0 
4 54 3 3 227 56 398 0 1 78 3 30 0 13 1 
5 32 10 0 166 112 165 10 8 0 0 22 0 0 0 
3 12 3 0 110 22 17 1 1 0 0 8 0 0 0 
2 25 0 1 142 0 179 0 0 21 0 21 0 2 0 
5 49 8 2 237 119 321 5 9 43 4 24 1 8 0 
5 12 10 0 121 44 7 10 2 0 0 5 0 0 0 
4 19 6 0 159 47 37 4 5 0 0 8 0 0 0 
3 30 3 0 203 52 174 1 4 0 0 24 0 0 0 
3 11 3 0 96 20 11 1 1 0 0 5 0 0 0 
3 46 3 0 144 86 582 1 3 0 0 40 0 0 0 
8 57 26 2 194 312 534 45 6 67 10 36 1 4 0 
2 5 1 0 24 5 4 0 0 0 0 0 0 0 0 
4 27 6 0 168 67 80 4 7 0 0 5 0 0 0 
6 36 13 2 174 138 170 12 5 30 8 21 0 1 0 
3 26 3 0 118 52 194 1 0 0 0 22 0 0 0 
2 41 1 0 145 35 571 0 3 0 0 39 0 0 0 
4 14 6 0 104 42 24 4 0 0 0 4 0 0 0 
20 102 169 21 244 1444 585 832 35 384 242 28 62 20 4 
5 53 8 2 180 123 557 5 4 71 4 38 1 5 0 
7 64 16 5 209 213 632 16 5 145 13 45 6 8 0 
4 45 4 2 133 57 511 1 2 70 2 35 1 2 0 
7 77 15 6 227 236 684 14 6 182 14 42 5 16 2 
6 51 14 1 175 201 550 16 9 34 4 40 0 1 0 
5 50 8 2 204 120 537 5 5 64 4 36 1 3 0 
11 73 48 7 270 497 567 115 12 189 37 41 13 10 0 
5 58 9 1 207 175 615 7 6 39 3 39 0 3 0 
6 48 12 3 158 126 490 11 5 100 6 35 3 2 0 
5 43 8 2 203 113 257 5 2 43 4 29 1 6 0 
36 106 591 39 213 3214 340 5911 53 352 1136 10 89 19 4 
9 68 32 4 291 411 344 59 21 73 22 25 3 9 0 
19 101 149 22 228 1351 654 648 21 377 272 23 45 24 4 
6 81 11 4 222 216 786 8 8 141 9 43 2 16 1 
7 51 18 3 242 186 493 23 7 94 9 31 3 6 0 
5 38 9 1 252 115 166 7 8 17 3 24 0 2 0 
5 63 8 2 208 147 654 5 8 75 4 46 1 7 0 
22 99 209 22 251 1651 622 1160 35 322 323 29 54 18 3 
6 46 14 1 258 183 220 16 10 23 4 23 0 2 0 
2 42 0 1 135 0 553 0 0 36 0 36 0 3 0 
2 28 0 1 143 0 168 0 0 24 0 23 0 2 0 
2 25 0 1 142 0 179 0 0 21 0 21 0 2 0 
2 11 1 0 78 9 32 0 1 0 0 5 0 0 0 
7 38 20 1 305 187 102 30 14 11 5 18 0 1 0 
2 8 1 0 65 6 8 0 1 0 0 4 0 0 0 
5 65 6 4 223 100 611 4 1 132 0 39 6 13 0 
2 15 1 0 80 15 62 0 0 0 0 7 0 0 0 
2 28 0 1 143 0 168 0 0 24 0 23 0 2 0 
2 8 0 1 56 0 11 0 0 8 0 1 0 0 0 
2 38 0 1 120 0 531 0 0 34 0 36 0 2 0 
4 40 3 3 179 45 263 0 0 65 2 32 2 5 0 
13 66 71 7 205 589 555 218 12 165 59 43 9 7 0 
3 43 2 1 149 43 541 0 3 35 1 38 0 1 0 
3 17 3 0 119 32 51 1 1 0 0 9 0 0 0 
10 65 40 5 193 403 567 87 10 148 26 44 7 7 0 
8 51 25 3 256 278 225 40 11 53 14 29 2 2 0 
3 27 2 1 152 30 137 0 2 18 1 23 0 1 0 
7 43 19 2 257 195 164 26 10 39 8 26 1 2 0 
3 42 1 2 143 9 529 0 0 67 0 35 1 4 0 
5 26 8 2 157 63 115 5 3 33 4 21 1 1 0 
3 40 3 0 135 74 560 1 3 0 0 39 0 0 0 
3 43 2 1 137 42 553 0 1 36 1 36 0 3 0 
2 43 0 1 144 0 561 0 0 35 0 36 0 4 0 
4 16 6 0 158 40 36 4 4 0 0 10 0 0 0 
6 33 14 1 200 143 152 16 9 4 4 27 0 0 0 
3 49 2 1 170 47 575 0 4 35 1 37 0 4 0 
4 20 6 0 194 52 45 4 4 0 0 8 0 0 0 
2 38 1 0 116 34 559 0 2 0 0 39 0 0 0 
2 45 0 1 133 0 578 0 0 39 0 38 0 3 0 
2 15 0 1 82 0 54 0 0 15 0 7 0 0 0 
2 42 0 1 135 0 553 0 0 36 0 36 0 3 0 
6 60 10 5 216 135 577 6 5 137 9 39 4 9 1 
2 8 1 0 90 6 12 0 1 0 0 4 0 0 0 
4 28 4 2 153 38 167 1 0 42 2 20 1 2 0 
6 31 13 2 185 128 104 12 6 15 8 14 0 0 0 
2 35 0 1 115 0 524 0 0 33 0 37 0 1 0 
2 11 1 0 70 7 22 0 2 0 0 3 0 0 0 
2 15 1 0 92 15 60 0 0 0 0 9 0 0 0 
3 21 3 0 145 36 78 1 3 0 0 10 0 0 0 
