0 14
0 24
0 32
0 37
0 44
1 5
1 17
1 46
1 58
2 7
2 16
2 35
2 38
2 55
2 58
3 8
3 9
3 22
3 28
3 33
3 35
3 37
3 39
3 47
3 49
4 28
4 40
4 47
4 58
5 13
5 27
6 33
6 55
7 10
7 42
7 49
8 58
8 59
9 10
9 28
10 27
10 54
11 16
11 24
12 28
12 37
12 45
13 32
13 36
14 40
14 48
15 40
15 53
16 19
16 27
16 51
16 52
16 59
17 27
17 40
17 58
18 29
18 36
19 41
20 40
20 58
21 27
21 28
21 41
21 46
21 58
22 51
22 58
23 31
23 40
23 53
23 58
24 35
24 40
24 56
25 34
25 36
25 44
26 27
26 42
26 58
27 29
27 36
27 40
27 53
27 58
28 43
29 45
29 52
30 33
30 40
30 48
31 36
31 39
32 51
33 39
33 42
33 49
33 51
34 39
35 52
36 37
36 40
36 52
37 53
37 58
38 51
39 50
40 44
40 47
40 50
40 51
40 52
40 53
40 54
40 57
40 58
40 59
41 51
41 72
41 92
41 97
42 44
42 51
42 58
42 62
43 45
43 49
43 51
44 51
44 53
44 92
44 95
45 51
45 78
45 85
46 51
46 66
46 73
46 97
47 51
47 59
47 66
47 74
47 79
47 83
47 86
48 51
48 72
49 51
49 70
49 85
50 53
50 65
50 78
51 53
51 54
51 55
51 57
51 58
51 60
51 66
51 70
51 72
51 73
51 75
51 79
51 81
51 82
51 83
51 86
51 88
51 89
51 91
51 92
51 96
52 58
52 78
53 56
53 58
53 61
53 66
53 68
53 71
53 72
53 75
53 77
53 78
53 80
53 85
53 92
53 95
54 55
54 58
54 97
55 57
55 66
55 93
56 57
56 92
57 87
58 62
58 71
58 76
58 94
59 87
60 75
61 72
61 92
61 95
63 74
63 75
64 72
64 76
65 80
67 72
67 84
68 72
69 85
69 95
69 97
71 80
71 94
72 89
72 90
72 95
72 98
72 99
74 78
75 78
75 82
75 84
75 87
75 91
75 95
76 95
77 80
78 97
79 96
81 87
81 92
81 99
82 93
84 88
84 92
85 95
85 97
90 95
92 94
92 95
92 99
94 97
94 98
