5 20 10 0 219 70 30 10 5 0 0 9 0 0 0 
4 29 5 1 170 57 178 2 4 18 2 24 0 2 0 
6 40 15 0 238 176 219 20 12 0 0 27 0 0 0 
10 38 42 3 285 297 64 97 12 19 22 12 1 1 0 
4 50 4 2 230 82 332 1 3 42 2 32 1 10 0 
3 15 3 0 103 24 40 1 3 0 0 9 0 0 0 
2 12 1 0 100 10 23 0 1 0 0 7 0 0 0 
4 20 6 0 161 54 34 4 3 0 0 9 0 0 0 
3 34 3 0 158 60 224 1 4 0 0 28 0 0 0 
3 15 2 1 63 18 35 0 0 12 1 2 0 0 0 
4 20 6 0 176 56 46 4 2 0 0 13 0 0 0 
2 10 1 0 90 10 21 0 0 0 0 0 0 0 0 
3 15 3 0 125 26 27 1 2 0 0 3 0 0 0 
3 11 3 0 91 20 21 1 1 0 0 2 0 0 0 
3 26 3 0 159 44 155 1 4 0 0 25 0 0 0 
2 38 0 1 188 0 301 0 0 26 0 42 0 6 0 
7 62 21 0 265 332 620 35 20 0 0 51 0 0 0 
4 45 2 4 213 27 296 0 1 82 1 22 2 12 1 
2 10 1 0 59 6 22 0 2 0 0 2 0 0 0 
2 11 1 0 122 9 23 0 1 0 0 2 0 0 0 
2 38 0 1 179 0 313 0 0 22 0 30 0 8 0 
5 44 9 1 255 135 229 7 6 21 3 27 0 4 0 
3 63 2 1 188 62 730 0 5 46 1 57 0 4 0 
4 57 3 3 239 59 440 0 1 78 3 39 0 16 1 
5 30 10 0 165 110 158 10 5 0 0 25 0 0 0 
3 15 3 0 131 28 32 1 1 0 0 10 0 0 0 
3 33 1 2 193 14 196 0 0 40 0 21 1 6 0 
11 75 47 8 281 518 405 109 21 154 42 31 12 18 2 
6 21 14 1 162 86 34 16 5 9 4 7 0 0 0 
4 22 6 0 172 52 59 4 7 0 0 11 0 0 0 
3 28 3 0 194 48 160 1 4 0 0 29 0 0 0 
3 14 3 0 112 26 24 1 1 0 0 6 0 0 0 
3 41 3 0 136 80 562 1 1 0 0 40 0 0 0 
7 55 17 4 190 222 532 18 6 88 14 37 3 4 0 
2 6 1 0 33 6 6 0 0 0 0 1 0 0 0 
4 24 6 0 151 66 62 4 3 0 0 5 0 0 0 
8 43 26 2 232 227 172 45 13 40 10 23 1 4 0 
6 62 14 1 247 252 395 16 9 30 4 49 0 5 0 
2 40 1 0 145 34 565 0 3 0 0 40 0 0 0 
5 20 9 1 131 67 40 7 0 11 3 5 0 1 0 
20 104 166 24 236 1445 606 790 30 427 274 33 70 22 6 
6 64 13 2 213 212 594 13 11 74 6 46 1 6 0 
7 65 16 5 235 218 626 16 5 144 13 51 6 9 0 
4 47 4 2 153 60 516 1 3 71 2 38 1 2 0 
8 90 20 8 258 346 746 22 9 218 23 50 8 24 3 
6 52 14 1 209 206 548 16 9 34 4 43 0 1 0 
6 49 13 2 217 162 517 13 7 63 6 38 1 3 0 
10 66 38 7 246 371 555 77 8 187 30 44 13 10 0 
4 49 5 1 176 94 577 2 4 39 2 41 0 3 0 
7 54 17 4 189 194 505 19 8 108 12 39 4 3 0 
5 47 8 2 221 123 299 5 2 47 4 41 1 7 0 
36 113 590 40 220 3408 381 5880 57 373 1164 17 92 30 4 
7 61 19 2 277 264 347 26 21 42 8 30 1 9 0 
22 110 199 32 231 1742 639 998 23 460 452 20 82 31 8 
6 82 11 4 232 223 782 8 7 141 9 49 2 16 1 
7 49 18 3 235 174 486 23 7 94 9 32 3 6 0 
4 37 5 1 234 72 203 2 5 21 2 35 0 4 0 
5 62 8 2 214 143 647 5 8 75 4 50 1 7 0 
22 97 207 24 269 1573 600 1136 35 358 333 37 66 18 5 
5 37 9 1 232 108 175 7 7 22 3 25 0 2 0 
2 42 0 1 147 0 551 0 0 36 0 38 0 3 0 
4 42 1 5 199 12 214 0 3 88 0 27 2 10 2 
2 25 0 1 141 0 177 0 0 21 0 23 0 2 0 
2 11 1 0 82 9 31 0 1 0 0 6 0 0 0 
2 14 1 0 93 12 58 0 1 0 0 9 0 0 0 
2 7 1 0 65 5 5 0 1 0 0 4 0 0 0 
5 68 6 4 226 109 649 4 1 135 0 50 6 13 0 
2 15 1 0 85 15 60 0 0 0 0 9 0 0 0 
2 31 0 1 151 0 212 0 0 25 0 33 0 3 0 
3 16 1 2 102 13 32 0 0 17 0 9 1 1 0 
2 39 0 1 132 0 533 0 0 35 0 38 0 2 0 
4 43 3 3 187 46 305 0 1 69 2 41 2 6 0 
13 66 69 9 207 546 576 202 14 192 70 48 13 13 1 
2 38 0 1 126 0 529 0 0 36 0 38 0 1 0 
3 16 3 0 118 30 42 1 1 0 0 9 0 0 0 
10 70 39 6 215 416 610 81 11 168 30 52 9 12 0 
3 31 3 0 151 58 211 1 2 0 0 35 0 0 0 
2 22 0 1 112 0 161 0 0 20 0 30 0 1 0 
7 49 19 2 283 225 209 26 10 43 8 34 1 3 0 
3 41 1 2 144 8 520 0 0 66 0 36 1 4 0 
4 22 4 2 132 24 142 1 1 38 2 30 1 1 0 
4 46 4 2 168 81 550 1 3 45 2 42 1 3 0 
3 43 2 1 149 42 551 0 1 36 1 38 0 3 0 
2 42 0 1 145 0 552 0 0 34 0 37 0 4 0 
4 21 6 0 174 53 64 4 5 0 0 17 0 0 0 
6 43 12 3 241 162 211 10 7 29 8 35 2 5 0 
2 42 0 1 145 0 552 0 0 34 0 37 0 4 0 
4 20 6 0 195 52 40 4 4 0 0 11 0 0 0 
2 38 1 0 128 34 558 0 2 0 0 40 0 0 0 
2 45 0 1 140 0 575 0 0 39 0 41 0 3 0 
2 19 0 1 101 0 69 0 0 15 0 14 0 2 0 
2 42 0 1 147 0 551 0 0 36 0 38 0 3 0 
11 73 44 11 260 445 578 87 20 217 60 44 15 14 3 
2 8 1 0 88 6 12 0 1 0 0 4 0 0 0 
5 39 9 1 211 124 216 7 5 20 3 35 0 1 0 
10 50 34 11 295 267 178 55 10 143 45 26 17 10 3 
2 35 0 1 121 0 523 0 0 33 0 38 0 1 0 
7 30 20 1 283 159 45 30 8 3 5 12 0 1 0 
2 16 1 0 103 16 62 0 0 0 0 10 0 0 0 
3 23 2 1 160 23 85 0 6 9 1 18 0 1 0 
