0 14 0.77655
0 24 0.68328
0 32 0.56637
0 37 0.88346
0 44 0.90498
1 5 0.84322
1 6 0.809
1 11 0.98072
1 17 0.88714
1 35 0.59973
1 46 0.66165
1 48 0.99511
1 56 0.87697
1 58 0.77212
1 59 0.55748
2 7 0.66839
2 13 0.67892
2 16 0.57915
2 35 0.65302
2 38 0.7719
2 55 0.66086
2 58 0.6228
3 33 0.70213
3 37 0.79085
4 28 0.52115
4 40 0.52061
4 47 0.62387
4 58 0.93253
5 13 0.73228
6 33 0.87685
6 55 0.54278
7 10 0.98532
7 42 0.76735
7 49 0.8802
8 58 0.63272
8 59 0.71711
9 10 0.56199
9 28 0.95414
10 54 0.65554
11 16 0.66507
11 24 0.75234
12 28 0.91063
12 45 0.99484
13 17 0.84246
13 18 0.54703
13 32 0.68207
13 33 0.72692
13 36 0.78944
13 47 0.76343
14 40 0.66867
14 48 0.74812
15 40 0.88102
15 53 0.73811
16 19 0.8341
16 27 0.78928
16 51 0.85512
16 52 0.96155
16 59 0.73605
17 40 0.68234
17 58 0.61364
18 29 0.58117
18 36 0.88646
19 41 0.97053
20 40 0.91417
20 58 0.96473
21 27 0.82857
21 28 0.72243
21 41 0.82319
21 46 0.79664
21 58 0.5847
22 51 0.87934
22 58 0.59118
23 31 0.63752
23 40 0.90188
23 53 0.75489
23 58 0.63175
24 35 0.74289
24 40 0.76041
24 56 0.68016
25 34 0.69265
25 36 0.58247
25 44 0.65225
26 42 0.89149
26 58 0.70567
27 29 0.70404
27 40 0.66388
27 58 0.63002
28 43 0.68832
29 45 0.78032
29 52 0.90826
30 33 0.51845
30 40 0.60229
30 48 0.54808
31 36 0.87513
31 39 0.697
32 51 0.70893
33 39 0.9952
33 42 0.57629
33 49 0.55917
33 51 0.51517
34 39 0.93593
35 52 0.94116
36 40 0.58899
36 52 0.92923
37 58 0.59431
38 51 0.82653
39 50 0.82164
40 44 0.5297
40 47 0.97634
40 50 0.68337
40 51 0.71188
40 52 0.69706
40 53 0.99596
40 54 0.50839
40 57 0.96325
40 58 0.68191
40 59 0.92713
41 51 0.77417
41 72 0.9303
41 92 0.84632
42 44 0.92399
42 51 0.92743
42 58 0.53366
42 62 0.6848
43 45 0.75206
43 49 0.97968
43 51 0.97037
44 51 0.76096
44 53 0.67194
44 92 0.88298
45 51 0.54738
45 78 0.92028
45 85 0.88295
46 51 0.64072
46 66 0.89053
46 73 0.60579
47 51 0.79767
47 59 0.96408
47 66 0.55157
47 74 0.85614
47 76 0.70046
47 79 0.50662
47 83 0.9452
47 86 0.97105
48 51 0.53124
48 72 0.6329
49 51 0.64964
49 70 0.6691
49 85 0.73836
50 53 0.9056
50 65 0.53853
50 78 0.98149
51 53 0.98233
51 54 0.6301
51 55 0.51634
51 57 0.54778
51 58 0.66931
51 60 0.91348
51 66 0.71722
51 70 0.80447
51 72 0.55243
51 73 0.99924
51 75 0.75621
51 79 0.97071
51 81 0.78069
51 82 0.56277
51 83 0.74902
51 86 0.86028
51 88 0.9443
51 89 0.68714
51 91 0.73745
51 92 0.95522
51 96 0.87178
52 58 0.59691
52 64 0.80722
52 76 0.77802
52 78 0.87073
53 56 0.59161
53 58 0.62725
53 61 0.73039
53 66 0.67705
53 68 0.77395
53 71 0.65931
53 72 0.89814
53 75 0.9715
53 77 0.89651
53 78 0.71147
53 80 0.81061
53 85 0.98712
53 92 0.98458
54 55 0.68982
54 58 0.85072
54 64 0.59153
55 57 0.6919
55 66 0.62978
55 93 0.8022
56 57 0.60657
56 92 0.93954
57 87 0.90683
58 62 0.86045
58 71 0.83118
58 76 0.78524
58 94 0.88186
59 87 0.60016
60 75 0.52849
61 72 0.94519
63 74 0.62437
63 75 0.81246
64 72 0.92013
64 73 0.91754
64 76 0.90518
64 80 0.68896
64 86 0.80583
65 80 0.73571
67 72 0.9644
67 84 0.5081
68 72 0.99086
69 85 0.91473
69 95 0.97313
71 80 0.8088
71 94 0.88693
72 89 0.6148
72 90 0.9698
72 95 0.76447
72 98 0.56969
72 99 0.632
74 78 0.77537
75 78 0.85123
75 82 0.68211
75 84 0.70004
75 87 0.6712
75 91 0.67723
75 95 0.78044
76 77 0.72174
76 94 0.71535
76 95 0.75343
76 99 0.51971
77 80 0.94189
78 97 0.83502
79 96 0.77228
81 87 0.56658
81 99 0.53363
82 93 0.82809
84 88 0.81866
84 92 0.87425
85 95 0.55666
85 97 0.59071
90 95 0.94455
94 98 0.91919
